1	0	0	0	1	0	0	0	1	
0.997102	1.05546e-06	0	0	0.992091	0	0	0	0.992091	
0.994224	4.17497e-06	0	0	0.984298	0	0	0	0.984298	
0.991354	9.31948e-06	0	0	0.97657	0	0	0	0.97657	
0.988492	1.64442e-05	0	0	0.968906	0	0	0	0.968906	
0.985639	2.55053e-05	0	0	0.961305	0	0	0	0.961305	
0.982793	3.646e-05	0	0	0.953767	0	0	0	0.953767	
0.979956	4.92665e-05	0	0	0.946291	0	0	0	0.946291	
0.977128	6.38837e-05	0	0	0.938876	0	0	0	0.938876	
0.974307	8.02716e-05	0	0	0.931523	0	0	0	0.931523	
0.971495	9.83909e-05	0	0	0.92423	0	0	0	0.92423	
0.96869	0.000118203	0	0	0.916998	0	0	0	0.916998	
0.965894	0.000139671	0	0	0.909824	0	0	0	0.909824	
0.963106	0.000162756	0	0	0.90271	0	0	0	0.90271	
0.960326	0.000187424	0	0	0.895655	0	0	0	0.895655	
0.957554	0.000213639	0	0	0.888657	0	0	0	0.888657	
0.954789	0.000241365	0	0	0.881717	0	0	0	0.881717	
0.952033	0.000270569	0	0	0.874834	0	0	0	0.874834	
0.949285	0.000301218	0	0	0.868007	0	0	0	0.868007	
0.946545	0.000333277	0	0	0.861236	0	0	0	0.861236	
0.943813	0.000366716	0	0	0.854521	0	0	0	0.854521	
0.941088	0.000401502	0	0	0.847861	0	0	0	0.847861	
0.938372	0.000437605	0	0	0.841256	0	0	0	0.841256	
0.935663	0.000474993	0	0	0.834704	0	0	0	0.834704	
0.932962	0.000513637	0	0	0.828206	0	0	0	0.828206	
0.930269	0.000553507	0	0	0.821762	0	0	0	0.821762	
0.927583	0.000594575	0	0	0.81537	0	0	0	0.81537	
0.924906	0.000636812	0	0	0.80903	0	0	0	0.80903	
0.922236	0.00068019	0	0	0.802742	0	0	0	0.802742	
0.919574	0.000724682	0	0	0.796506	0	0	0	0.796506	
0.916919	0.00077026	0	0	0.79032	0	0	0	0.79032	
0.914273	0.000816899	0	0	0.784185	0	0	0	0.784185	
0.911633	0.000864572	0	0	0.7781	0	0	0	0.7781	
0.909002	0.000913253	0	0	0.772065	0	0	0	0.772065	
0.906378	0.000962918	0	0	0.766078	0	0	0	0.766078	
0.903761	0.00101354	0	0	0.760141	0	0	0	0.760141	
0.901153	0.0010651	0	0	0.754252	0	0	0	0.754252	
0.898551	0.00111757	0	0	0.748411	0	0	0	0.748411	
0.895958	0.00117092	0	0	0.742617	0	0	0	0.742617	
0.893371	0.00122514	0	0	0.736871	0	0	0	0.736871	
0.890792	0.0012802	0	0	0.731171	0	0	0	0.731171	
0.888221	0.00133608	0	0	0.725517	0	0	0	0.725517	
0.885657	0.00139276	0	0	0.71991	0	0	0	0.71991	
0.8831	0.00145021	0	0	0.714348	0	0	0	0.714348	
0.880551	0.00150841	0	0	0.708831	0	0	0	0.708831	
0.878009	0.00156735	0	0	0.703359	0	0	0	0.703359	
0.875475	0.001627	0	0	0.697931	0	0	0	0.697931	
0.872948	0.00168734	0	0	0.692548	0	0	0	0.692548	
0.870428	0.00174836	0	0	0.687208	0	0	0	0.687208	
0.867915	0.00181003	0	0	0.681911	0	0	0	0.681911	
0.86541	0.00187233	0	0	0.676657	0	0	0	0.676657	
0.862912	0.00193524	0	0	0.671446	0	0	0	0.671446	
0.860421	0.00199876	0	0	0.666277	0	0	0	0.666277	
0.857937	0.00206285	0	0	0.66115	0	0	0	0.66115	
0.855461	0.0021275	0	0	0.656064	0	0	0	0.656064	
0.852991	0.00219269	0	0	0.651019	0	0	0	0.651019	
0.850529	0.0022584	0	0	0.646015	0	0	0	0.646015	
0.848074	0.00232463	0	0	0.641052	0	0	0	0.641052	
0.845626	0.00239134	0	0	0.636128	0	0	0	0.636128	
0.843185	0.00245853	0	0	0.631245	0	0	0	0.631245	
0.840751	0.00252618	0	0	0.626401	0	0	0	0.626401	
0.838324	0.00259427	0	0	0.621595	0	0	0	0.621595	
0.835904	0.00266278	0	0	0.616829	0	0	0	0.616829	
0.833491	0.00273171	0	0	0.612101	0	0	0	0.612101	
0.831085	0.00280103	0	0	0.607411	0	0	0	0.607411	
0.828686	0.00287073	0	0	0.602759	0	0	0	0.602759	
0.826294	0.00294079	0	0	0.598144	0	0	0	0.598144	
0.823908	0.00301121	0	0	0.593566	0	0	0	0.593566	
0.82153	0.00308196	0	0	0.589026	0	0	0	0.589026	
0.819159	0.00315304	0	0	0.584521	0	0	0	0.584521	
0.816794	0.00322443	0	0	0.580053	0	0	0	0.580053	
0.814436	0.00329611	0	0	0.575621	0	0	0	0.575621	
0.812085	0.00336807	0	0	0.571225	0	0	0	0.571225	
0.809741	0.00344031	0	0	0.566863	0	0	0	0.566863	
0.807404	0.0035128	0	0	0.562537	0	0	0	0.562537	
0.805073	0.00358553	0	0	0.558246	0	0	0	0.558246	
0.802749	0.00365849	0	0	0.553989	0	0	0	0.553989	
0.800432	0.00373168	0	0	0.549766	0	0	0	0.549766	
0.798121	0.00380507	0	0	0.545577	0	0	0	0.545577	
0.795817	0.00387865	0	0	0.541421	0	0	0	0.541421	
0.79352	0.00395242	0	0	0.537299	0	0	0	0.537299	
0.79123	0.00402636	0	0	0.533209	0	0	0	0.533209	
0.788946	0.00410046	0	0	0.529153	0	0	0	0.529153	
0.786668	0.00417471	0	0	0.525129	0	0	0	0.525129	
0.784397	0.0042491	0	0	0.521137	0	0	0	0.521137	
0.782133	0.00432362	0	0	0.517177	0	0	0	0.517177	
0.779875	0.00439826	0	0	0.513249	0	0	0	0.513249	
0.777624	0.004473	0	0	0.509352	0	0	0	0.509352	
0.775379	0.00454784	0	0	0.505486	0	0	0	0.505486	
0.773141	0.00462277	0	0	0.501651	0	0	0	0.501651	
0.770909	0.00469778	0	0	0.497846	0	0	0	0.497846	
0.768684	0.00477285	0	0	0.494072	0	0	0	0.494072	
0.766465	0.00484798	0	0	0.490328	0	0	0	0.490328	
0.764253	0.00492317	0	0	0.486614	0	0	0	0.486614	
0.762046	0.00499839	0	0	0.48293	0	0	0	0.48293	
0.759847	0.00507364	0	0	0.479275	0	0	0	0.479275	
0.757653	0.00514892	0	0	0.475649	0	0	0	0.475649	
0.755466	0.00522421	0	0	0.472051	0	0	0	0.472051	
0.753285	0.00529951	0	0	0.468483	0	0	0	0.468483	
0.751111	0.0053748	0	0	0.464943	0	0	0	0.464943	
0.748943	0.00545009	0	0	0.461431	0	0	0	0.461431	
0.746781	0.00552535	0	0	0.457947	0	0	0	0.457947	
0.744625	0.00560059	0	0	0.45449	0	0	0	0.45449	
0.742476	0.00567579	0	0	0.451061	0	0	0	0.451061	
0.740333	0.00575096	0	0	0.447659	0	0	0	0.447659	
0.738195	0.00582607	0	0	0.444285	0	0	0	0.444285	
0.736065	0.00590113	0	0	0.440937	0	0	0	0.440937	
0.73394	0.00597612	0	0	0.437615	0	0	0	0.437615	
0.731821	0.00605104	0	0	0.43432	0	0	0	0.43432	
0.729709	0.00612588	0	0	0.431051	0	0	0	0.431051	
0.727602	0.00620064	0	0	0.427808	0	0	0	0.427808	
0.725502	0.00627531	0	0	0.424591	0	0	0	0.424591	
0.723408	0.00634989	0	0	0.421399	0	0	0	0.421399	
0.721319	0.00642435	0	0	0.418232	0	0	0	0.418232	
0.719237	0.00649871	0	0	0.41509	0	0	0	0.41509	
0.717161	0.00657295	0	0	0.411974	0	0	0	0.411974	
0.715091	0.00664707	0	0	0.408882	0	0	0	0.408882	
0.713027	0.00672107	0	0	0.405814	0	0	0	0.405814	
0.710968	0.00679492	0	0	0.40277	0	0	0	0.40277	
0.708916	0.00686864	0	0	0.399751	0	0	0	0.399751	
0.70687	0.00694222	0	0	0.396755	0	0	0	0.396755	
0.704829	0.00701564	0	0	0.393784	0	0	0	0.393784	
0.702795	0.00708891	0	0	0.390835	0	0	0	0.390835	
0.700766	0.00716201	0	0	0.38791	0	0	0	0.38791	
0.698743	0.00723496	0	0	0.385008	0	0	0	0.385008	
0.696726	0.00730773	0	0	0.382128	0	0	0	0.382128	
0.694715	0.00738032	0	0	0.379272	0	0	0	0.379272	
0.69271	0.00745273	0	0	0.376438	0	0	0	0.376438	
0.69071	0.00752496	0	0	0.373626	0	0	0	0.373626	
0.688716	0.007597	0	0	0.370836	0	0	0	0.370836	
0.686728	0.00766885	0	0	0.368068	0	0	0	0.368068	
0.684746	0.00774049	0	0	0.365323	0	0	0	0.365323	
0.682769	0.00781194	0	0	0.362598	0	0	0	0.362598	
0.680798	0.00788317	0	0	0.359895	0	0	0	0.359895	
0.678833	0.0079542	0	0	0.357213	0	0	0	0.357213	
0.676873	0.00802501	0	0	0.354553	0	0	0	0.354553	
0.67492	0.0080956	0	0	0.351913	0	0	0	0.351913	
0.672971	0.00816597	0	0	0.349294	0	0	0	0.349294	
0.671029	0.00823611	0	0	0.346696	0	0	0	0.346696	
0.669092	0.00830603	0	0	0.344117	0	0	0	0.344117	
0.66716	0.0083757	0	0	0.341559	0	0	0	0.341559	
0.665234	0.00844514	0	0	0.339022	0	0	0	0.339022	
0.663314	0.00851435	0	0	0.336504	0	0	0	0.336504	
0.661399	0.0085833	0	0	0.334005	0	0	0	0.334005	
0.65949	0.00865201	0	0	0.331527	0	0	0	0.331527	
0.657586	0.00872047	0	0	0.329067	0	0	0	0.329067	
0.655688	0.00878868	0	0	0.326627	0	0	0	0.326627	
0.653795	0.00885663	0	0	0.324206	0	0	0	0.324206	
0.651908	0.00892432	0	0	0.321804	0	0	0	0.321804	
0.650026	0.00899175	0	0	0.319421	0	0	0	0.319421	
0.64815	0.00905892	0	0	0.317056	0	0	0	0.317056	
0.646279	0.00912581	0	0	0.31471	0	0	0	0.31471	
0.644413	0.00919244	0	0	0.312382	0	0	0	0.312382	
0.642553	0.0092588	0	0	0.310073	0	0	0	0.310073	
0.640698	0.00932488	0	0	0.307781	0	0	0	0.307781	
0.638849	0.00939068	0	0	0.305507	0	0	0	0.305507	
0.637005	0.00945621	0	0	0.303251	0	0	0	0.303251	
0.635166	0.00952145	0	0	0.301013	0	0	0	0.301013	
0.633333	0.00958641	0	0	0.298792	0	0	0	0.298792	
0.631504	0.00965108	0	0	0.296588	0	0	0	0.296588	
0.629681	0.00971547	0	0	0.294401	0	0	0	0.294401	
0.627864	0.00977956	0	0	0.292232	0	0	0	0.292232	
0.626051	0.00984337	0	0	0.290079	0	0	0	0.290079	
0.624244	0.00990688	0	0	0.287943	0	0	0	0.287943	
0.622442	0.00997009	0	0	0.285824	0	0	0	0.285824	
0.620645	0.010033	0	0	0.283721	0	0	0	0.283721	
0.618854	0.0100956	0	0	0.281635	0	0	0	0.281635	
0.617067	0.010158	0	0	0.279565	0	0	0	0.279565	
0.615286	0.01022	0	0	0.27751	0	0	0	0.27751	
0.61351	0.0102817	0	0	0.275472	0	0	0	0.275472	
0.611739	0.0103431	0	0	0.27345	0	0	0	0.27345	
0.609973	0.0104042	0	0	0.271443	0	0	0	0.271443	
0.608212	0.010465	0	0	0.269452	0	0	0	0.269452	
0.606457	0.0105255	0	0	0.267476	0	0	0	0.267476	
0.604706	0.0105857	0	0	0.265516	0	0	0	0.265516	
0.602961	0.0106455	0	0	0.263571	0	0	0	0.263571	
0.60122	0.0107051	0	0	0.261641	0	0	0	0.261641	
0.599485	0.0107643	0	0	0.259725	0	0	0	0.259725	
0.597754	0.0108233	0	0	0.257825	0	0	0	0.257825	
0.596029	0.0108819	0	0	0.255939	0	0	0	0.255939	
0.594308	0.0109402	0	0	0.254068	0	0	0	0.254068	
0.592592	0.0109982	0	0	0.252212	0	0	0	0.252212	
0.590882	0.0110559	0	0	0.25037	0	0	0	0.25037	
0.589176	0.0111132	0	0	0.248542	0	0	0	0.248542	
0.587475	0.0111703	0	0	0.246728	0	0	0	0.246728	
0.58578	0.011227	0	0	0.244928	0	0	0	0.244928	
0.584089	0.0112834	0	0	0.243142	0	0	0	0.243142	
0.582403	0.0113395	0	0	0.24137	0	0	0	0.24137	
0.580721	0.0113953	0	0	0.239612	0	0	0	0.239612	
0.579045	0.0114507	0	0	0.237867	0	0	0	0.237867	
0.577374	0.0115058	0	0	0.236135	0	0	0	0.236135	
0.575707	0.0115606	0	0	0.234417	0	0	0	0.234417	
0.574045	0.0116151	0	0	0.232713	0	0	0	0.232713	
0.572388	0.0116693	0	0	0.231021	0	0	0	0.231021	
0.570736	0.0117232	0	0	0.229342	0	0	0	0.229342	
0.569088	0.0117767	0	0	0.227677	0	0	0	0.227677	
0.567446	0.0118299	0	0	0.226024	0	0	0	0.226024	
0.565808	0.0118828	0	0	0.224384	0	0	0	0.224384	
0.564174	0.0119354	0	0	0.222756	0	0	0	0.222756	
0.562546	0.0119877	0	0	0.221142	0	0	0	0.221142	
0.560922	0.0120397	0	0	0.219539	0	0	0	0.219539	
