1	0	0	0	1	0	0	0	1	
0.997087	1.12744e-06	0	7.48012e-08	0.993004	0	0	0	0.991	
0.994194	4.45755e-06	0	2.95894e-07	0.986101	0	0	0	0.982146	
0.99131	9.94106e-06	0	6.5986e-07	0.97925	0	0	0	0.973376	
0.988434	1.75236e-05	0	1.16309e-06	0.97245	0	0	0	0.964687	
0.985567	2.71525e-05	0	1.80209e-06	0.9657	0	0	0	0.956079	
0.982708	3.87764e-05	0	2.57345e-06	0.959001	0	0	0	0.947551	
0.979857	5.23455e-05	0	3.47388e-06	0.952351	0	0	0	0.939102	
0.977015	6.78113e-05	0	4.50014e-06	0.94575	0	0	0	0.930733	
0.974181	8.51267e-05	0	5.64912e-06	0.939199	0	0	0	0.922441	
0.971356	0.000104246	0	6.91777e-06	0.932695	0	0	0	0.914226	
0.968538	0.000125124	0	8.30311e-06	0.92624	0	0	0	0.906087	
0.965729	0.000147717	0	9.80226e-06	0.919833	0	0	0	0.898024	
0.962929	0.000171983	0	1.14124e-05	0.913473	0	0	0	0.890036	
0.960136	0.00019788	0	1.31308e-05	0.907159	0	0	0	0.882122	
0.957351	0.000225369	0	1.49547e-05	0.900893	0	0	0	0.874282	
0.954575	0.000254408	0	1.68815e-05	0.894672	0	0	0	0.866514	
0.951807	0.000284961	0	1.89088e-05	0.888497	0	0	0	0.858818	
0.949047	0.000316988	0	2.10339e-05	0.882368	0	0	0	0.851194	
0.946295	0.000350454	0	2.32544e-05	0.876283	0	0	0	0.84364	
0.943551	0.000385323	0	2.55679e-05	0.870243	0	0	0	0.836156	
0.940815	0.000421558	0	2.79722e-05	0.864248	0	0	0	0.828741	
0.938087	0.000459126	0	3.04649e-05	0.858296	0	0	0	0.821395	
0.935367	0.000497993	0	3.30438e-05	0.852388	0	0	0	0.814117	
0.932655	0.000538127	0	3.57067e-05	0.846524	0	0	0	0.806906	
0.929951	0.000579494	0	3.84514e-05	0.840702	0	0	0	0.799762	
0.927255	0.000622063	0	4.12759e-05	0.834923	0	0	0	0.792683	
0.924567	0.000665804	0	4.41782e-05	0.829186	0	0	0	0.78567	
0.921886	0.000710686	0	4.71561e-05	0.823491	0	0	0	0.778722	
0.919214	0.00075668	0	5.02078e-05	0.817837	0	0	0	0.771838	
0.916549	0.000803756	0	5.33313e-05	0.812225	0	0	0	0.765017	
0.913892	0.000851886	0	5.65247e-05	0.806654	0	0	0	0.758259	
0.911243	0.000901041	0	5.97862e-05	0.801123	0	0	0	0.751564	
0.908602	0.000951196	0	6.3114e-05	0.795632	0	0	0	0.74493	
0.905968	0.00100232	0	6.65062e-05	0.790181	0	0	0	0.738357	
0.903342	0.00105439	0	6.99612e-05	0.78477	0	0	0	0.731845	
0.900724	0.00110739	0	7.34772e-05	0.779399	0	0	0	0.725393	
0.898113	0.00116127	0	7.70526e-05	0.774066	0	0	0	0.719	
0.89551	0.00121603	0	8.06856e-05	0.768772	0	0	0	0.712666	
0.892914	0.00127163	0	8.43748e-05	0.763516	0	0	0	0.70639	
0.890326	0.00132805	0	8.81185e-05	0.758299	0	0	0	0.700171	
0.887746	0.00138527	0	9.19151e-05	0.753119	0	0	0	0.69401	
0.885173	0.00144327	0	9.57631e-05	0.747977	0	0	0	0.687906	
0.882608	0.00150202	0	9.96611e-05	0.742872	0	0	0	0.681857	
0.88005	0.0015615	0	0.000103608	0.737804	0	0	0	0.675864	
0.8775	0.00162169	0	0.000107601	0.732772	0	0	0	0.669926	
0.874957	0.00168256	0	0.00011164	0.727777	0	0	0	0.664043	
0.872422	0.00174411	0	0.000115723	0.722818	0	0	0	0.658213	
0.869894	0.0018063	0	0.00011985	0.717895	0	0	0	0.652437	
0.867373	0.00186911	0	0.000124017	0.713007	0	0	0	0.646714	
0.86486	0.00193253	0	0.000128225	0.708155	0	0	0	0.641043	
0.862354	0.00199654	0	0.000132472	0.703337	0	0	0	0.635424	
0.859855	0.00206111	0	0.000136757	0.698554	0	0	0	0.629856	
0.857364	0.00212624	0	0.000141078	0.693806	0	0	0	0.62434	
0.85488	0.00219189	0	0.000145434	0.689091	0	0	0	0.618874	
0.852403	0.00225806	0	0.000149824	0.684411	0	0	0	0.613458	
0.849933	0.00232472	0	0.000154247	0.679764	0	0	0	0.608091	
0.847471	0.00239186	0	0.000158702	0.675151	0	0	0	0.602774	
0.845016	0.00245946	0	0.000163187	0.67057	0	0	0	0.597505	
0.842568	0.00252751	0	0.000167702	0.666023	0	0	0	0.592284	
0.840127	0.00259598	0	0.000172245	0.661508	0	0	0	0.587111	
0.837693	0.00266486	0	0.000176815	0.657026	0	0	0	0.581985	
0.835266	0.00273414	0	0.000181411	0.652575	0	0	0	0.576906	
0.832847	0.0028038	0	0.000186033	0.648157	0	0	0	0.571873	
0.830434	0.00287382	0	0.000190679	0.64377	0	0	0	0.566886	
0.828028	0.00294419	0	0.000195348	0.639414	0	0	0	0.561945	
0.82563	0.00301489	0	0.000200039	0.63509	0	0	0	0.557048	
0.823238	0.00308592	0	0.000204752	0.630797	0	0	0	0.552197	
0.820854	0.00315725	0	0.000209484	0.626534	0	0	0	0.547389	
0.818476	0.00322887	0	0.000214237	0.622301	0	0	0	0.542625	
0.816106	0.00330077	0	0.000219007	0.618099	0	0	0	0.537905	
0.813742	0.00337294	0	0.000223795	0.613927	0	0	0	0.533227	
0.811385	0.00344536	0	0.0002286	0.609785	0	0	0	0.528592	
0.809035	0.00351801	0	0.000233421	0.605672	0	0	0	0.523999	
0.806692	0.00359089	0	0.000238256	0.601588	0	0	0	0.519448	
0.804355	0.00366399	0	0.000243106	0.597533	0	0	0	0.514939	
0.802026	0.00373729	0	0.000247969	0.593508	0	0	0	0.51047	
0.799703	0.00381077	0	0.000252845	0.589511	0	0	0	0.506042	
0.797387	0.00388443	0	0.000257732	0.585542	0	0	0	0.501654	
0.795078	0.00395826	0	0.00026263	0.581601	0	0	0	0.497306	
0.792776	0.00403224	0	0.000267539	0.577689	0	0	0	0.492997	
0.79048	0.00410636	0	0.000272457	0.573804	0	0	0	0.488728	
0.788191	0.00418062	0	0.000277384	0.569947	0	0	0	0.484497	
0.785908	0.004255	0	0.000282319	0.566117	0	0	0	0.480305	
0.783633	0.00432948	0	0.000287261	0.562315	0	0	0	0.47615	
0.781363	0.00440407	0	0.00029221	0.558539	0	0	0	0.472033	
0.779101	0.00447875	0	0.000297164	0.55479	0	0	0	0.467954	
0.776845	0.00455351	0	0.000302124	0.551068	0	0	0	0.463911	
0.774596	0.00462833	0	0.000307089	0.547371	0	0	0	0.459905	
0.772353	0.00470322	0	0.000312058	0.543702	0	0	0	0.455936	
0.770117	0.00477816	0	0.00031703	0.540058	0	0	0	0.452002	
0.767887	0.00485314	0	0.000322005	0.536439	0	0	0	0.448104	
0.765663	0.00492816	0	0.000326982	0.532847	0	0	0	0.444241	
0.763447	0.00500319	0	0.00033196	0.529279	0	0	0	0.440413	
0.761236	0.00507824	0	0.00033694	0.525737	0	0	0	0.436619	
0.759032	0.0051533	0	0.00034192	0.52222	0	0	0	0.43286	
0.756835	0.00522836	0	0.0003469	0.518728	0	0	0	0.429135	
0.754644	0.00530341	0	0.000351879	0.51526	0	0	0	0.425444	
0.752459	0.00537843	0	0.000356857	0.511817	0	0	0	0.421785	
0.750281	0.00545344	0	0.000361834	0.508398	0	0	0	0.41816	
0.748109	0.0055284	0	0.000366808	0.505003	0	0	0	0.414568	
0.745943	0.00560333	0	0.000371779	0.501632	0	0	0	0.411007	
0.743784	0.00567821	0	0.000376747	0.498284	0	0	0	0.407479	
0.74163	0.00575303	0	0.000381711	0.494961	0	0	0	0.403983	
0.739484	0.00582778	0	0.000386671	0.49166	0	0	0	0.400519	
0.737343	0.00590247	0	0.000391626	0.488383	0	0	0	0.397085	
0.735209	0.00597708	0	0.000396576	0.485129	0	0	0	0.393682	
0.733081	0.0060516	0	0.000401521	0.481897	0	0	0	0.39031	
0.730959	0.00612603	0	0.000406459	0.478689	0	0	0	0.386969	
0.728843	0.00620037	0	0.000411391	0.475502	0	0	0	0.383657	
0.726733	0.0062746	0	0.000416317	0.472338	0	0	0	0.380376	
0.72463	0.00634872	0	0.000421234	0.469197	0	0	0	0.377123	
0.722532	0.00642273	0	0.000426145	0.466077	0	0	0	0.3739	
0.720441	0.00649661	0	0.000431047	0.462979	0	0	0	0.370706	
0.718356	0.00657036	0	0.00043594	0.459903	0	0	0	0.367541	
0.716277	0.00664398	0	0.000440825	0.456848	0	0	0	0.364404	
0.714204	0.00671747	0	0.0004457	0.453815	0	0	0	0.361295	
0.712137	0.0067908	0	0.000450566	0.450803	0	0	0	0.358215	
0.710076	0.00686399	0	0.000455422	0.447812	0	0	0	0.355161	
0.708021	0.00693702	0	0.000460267	0.444842	0	0	0	0.352136	
0.705971	0.00700989	0	0.000465102	0.441892	0	0	0	0.349137	
0.703928	0.0070826	0	0.000469926	0.438964	0	0	0	0.346165	
0.701891	0.00715513	0	0.000474739	0.436055	0	0	0	0.34322	
0.69986	0.00722749	0	0.00047954	0.433167	0	0	0	0.340301	
0.697835	0.00729967	0	0.000484329	0.430299	0	0	0	0.337409	
0.695815	0.00737167	0	0.000489106	0.427451	0	0	0	0.334542	
0.693802	0.00744348	0	0.00049387	0.424623	0	0	0	0.331701	
0.691794	0.00751509	0	0.000498621	0.421815	0	0	0	0.328886	
0.689792	0.0075865	0	0.00050336	0.419026	0	0	0	0.326095	
0.687796	0.00765772	0	0.000508084	0.416256	0	0	0	0.32333	
0.685806	0.00772873	0	0.000512796	0.413506	0	0	0	0.320589	
0.683821	0.00779952	0	0.000517493	0.410775	0	0	0	0.317873	
0.681843	0.00787011	0	0.000522176	0.408063	0	0	0	0.315181	
0.67987	0.00794048	0	0.000526845	0.40537	0	0	0	0.312513	
0.677902	0.00801062	0	0.000531499	0.402695	0	0	0	0.309869	
0.675941	0.00808054	0	0.000536138	0.400039	0	0	0	0.307249	
0.673985	0.00815023	0	0.000540762	0.397402	0	0	0	0.304652	
0.672035	0.0082197	0	0.000545371	0.394783	0	0	0	0.302078	
0.670091	0.00828892	0	0.000549964	0.392182	0	0	0	0.299527	
0.668152	0.00835791	0	0.000554541	0.389599	0	0	0	0.296999	
0.666219	0.00842666	0	0.000559102	0.387034	0	0	0	0.294493	
0.664291	0.00849516	0	0.000563647	0.384486	0	0	0	0.29201	
0.662369	0.00856341	0	0.000568176	0.381957	0	0	0	0.289549	
0.660453	0.00863142	0	0.000572688	0.379444	0	0	0	0.28711	
0.658542	0.00869917	0	0.000577183	0.37695	0	0	0	0.284693	
0.656637	0.00876666	0	0.000581661	0.374472	0	0	0	0.282297	
0.654737	0.0088339	0	0.000586122	0.372012	0	0	0	0.279922	
0.652843	0.00890088	0	0.000590566	0.369568	0	0	0	0.277569	
0.650954	0.00896759	0	0.000594992	0.367142	0	0	0	0.275236	
0.649071	0.00903403	0	0.000599401	0.364732	0	0	0	0.272925	
0.647194	0.00910021	0	0.000603792	0.362339	0	0	0	0.270633	
0.645321	0.00916612	0	0.000608164	0.359963	0	0	0	0.268363	
0.643455	0.00923175	0	0.000612519	0.357602	0	0	0	0.266112	
0.641593	0.00929711	0	0.000616856	0.355259	0	0	0	0.263881	
0.639737	0.00936219	0	0.000621174	0.352931	0	0	0	0.261671	
0.637887	0.009427	0	0.000625473	0.350619	0	0	0	0.259479	
0.636041	0.00949152	0	0.000629754	0.348324	0	0	0	0.257308	
0.634202	0.00955576	0	0.000634017	0.346044	0	0	0	0.255155	
0.632367	0.00961972	0	0.00063826	0.34378	0	0	0	0.253022	
0.630538	0.00968339	0	0.000642484	0.341531	0	0	0	0.250907	
0.628714	0.00974677	0	0.000646689	0.339298	0	0	0	0.248812	
0.626896	0.00980986	0	0.000650876	0.33708	0	0	0	0.246735	
0.625082	0.00987266	0	0.000655042	0.334878	0	0	0	0.244676	
0.623274	0.00993517	0	0.00065919	0.33269	0	0	0	0.242636	
0.621472	0.00999739	0	0.000663318	0.330518	0	0	0	0.240613	
0.619674	0.0100593	0	0.000667426	0.328361	0	0	0	0.238609	
0.617882	0.0101209	0	0.000671515	0.326218	0	0	0	0.236622	
0.616095	0.0101823	0	0.000675584	0.32409	0	0	0	0.234653	
0.614313	0.0102433	0	0.000679633	0.321977	0	0	0	0.232702	
0.612536	0.010304	0	0.000683662	0.319879	0	0	0	0.230767	
0.610765	0.0103644	0	0.000687672	0.317794	0	0	0	0.22885	
0.608998	0.0104246	0	0.000691661	0.315724	0	0	0	0.22695	
0.607237	0.0104844	0	0.00069563	0.313669	0	0	0	0.225066	
0.605481	0.0105439	0	0.00069958	0.311627	0	0	0	0.2232	
0.60373	0.0106031	0	0.000703509	0.309599	0	0	0	0.221349	
0.601984	0.0106621	0	0.000707418	0.307585	0	0	0	0.219515	
0.600243	0.0107207	0	0.000711307	0.305586	0	0	0	0.217698	
0.598507	0.010779	0	0.000715175	0.303599	0	0	0	0.215896	
0.596776	0.010837	0	0.000719024	0.301627	0	0	0	0.21411	
0.59505	0.0108947	0	0.000722852	0.299667	0	0	0	0.21234	
0.593329	0.0109521	0	0.000726659	0.297722	0	0	0	0.210586	
0.591614	0.0110092	0	0.000730447	0.295789	0	0	0	0.208847	
0.589903	0.0110659	0	0.000734214	0.29387	0	0	0	0.207123	
0.588197	0.0111224	0	0.00073796	0.291964	0	0	0	0.205415	
0.586496	0.0111786	0	0.000741687	0.290071	0	0	0	0.203722	
0.5848	0.0112344	0	0.000745393	0.288191	0	0	0	0.202043	
0.583109	0.01129	0	0.000749079	0.286324	0	0	0	0.20038	
0.581423	0.0113452	0	0.000752744	0.284469	0	0	0	0.198731	
0.579742	0.0114002	0	0.000756389	0.282627	0	0	0	0.197097	
0.578065	0.0114548	0	0.000760014	0.280798	0	0	0	0.195477	
0.576394	0.0115091	0	0.000763618	0.278981	0	0	0	0.193871	
0.574727	0.0115631	0	0.000767203	0.277177	0	0	0	0.19228	
0.573066	0.0116169	0	0.000770767	0.275385	0	0	0	0.190702	
0.571409	0.0116703	0	0.000774311	0.273605	0	0	0	0.189139	
0.569757	0.0117234	0	0.000777835	0.271838	0	0	0	0.187589	
0.568109	0.0117762	0	0.000781339	0.270082	0	0	0	0.186053	
0.566467	0.0118287	0	0.000784823	0.268339	0	0	0	0.184531	
0.564829	0.0118809	0	0.000788288	0.266607	0	0	0	0.183021	
0.563196	0.0119329	0	0.000791732	0.264887	0	0	0	0.181526	
0.561567	0.0119845	0	0.000795157	0.263179	0	0	0	0.180043	
0.559944	0.0120358	0	0.000798562	0.261483	0	0	0	0.178573	
