1	0	0	0	1	0	0	0	1	
0.996931	1.17229e-06	0	3.36809e-07	0.995008	0	0	0	0.986099	
0.993884	4.63466e-06	0	1.33191e-06	0.99007	0	0	0	0.972523	
0.990847	1.03279e-05	0	2.96796e-06	0.98516	0	0	0	0.959139	
0.987819	1.81891e-05	0	5.22689e-06	0.980277	0	0	0	0.945943	
0.984801	2.81573e-05	0	8.09118e-06	0.975422	0	0	0	0.932932	
0.981793	4.01733e-05	0	1.15438e-05	0.970594	0	0	0	0.920104	
0.978794	5.41799e-05	0	1.55684e-05	0.965793	0	0	0	0.907456	
0.975805	7.01215e-05	0	2.01489e-05	0.961019	0	0	0	0.894985	
0.972825	8.7944e-05	0	2.52699e-05	0.956272	0	0	0	0.88269	
0.969855	0.000107595	0	3.09161e-05	0.951551	0	0	0	0.870567	
0.966894	0.000129024	0	3.70731e-05	0.946857	0	0	0	0.858614	
0.963943	0.00015218	0	4.37266e-05	0.942188	0	0	0	0.846829	
0.961001	0.000177017	0	5.08627e-05	0.937546	0	0	0	0.835209	
0.958068	0.000203486	0	5.84679e-05	0.932929	0	0	0	0.823752	
0.955145	0.000231542	0	6.65291e-05	0.928337	0	0	0	0.812456	
0.952231	0.000261141	0	7.50336e-05	0.923771	0	0	0	0.801318	
0.949326	0.00029224	0	8.39689e-05	0.91923	0	0	0	0.790336	
0.94643	0.000324796	0	9.33229e-05	0.914714	0	0	0	0.779508	
0.943543	0.000358768	0	0.000103084	0.910223	0	0	0	0.768832	
0.940666	0.000394115	0	0.00011324	0.905756	0	0	0	0.758305	
0.937798	0.0004308	0	0.00012378	0.901314	0	0	0	0.747926	
0.934938	0.000468783	0	0.000134693	0.896895	0	0	0	0.737692	
0.932088	0.000508028	0	0.000145969	0.892501	0	0	0	0.727602	
0.929246	0.000548498	0	0.000157597	0.888131	0	0	0	0.717653	
0.926414	0.000590157	0	0.000169566	0.883785	0	0	0	0.707842	
0.923591	0.000632971	0	0.000181868	0.879462	0	0	0	0.69817	
0.920776	0.000676906	0	0.000194491	0.875162	0	0	0	0.688632	
0.91797	0.000721928	0	0.000207427	0.870886	0	0	0	0.679228	
0.915173	0.000768007	0	0.000220666	0.866633	0	0	0	0.669956	
0.912385	0.000815109	0	0.000234199	0.862402	0	0	0	0.660813	
0.909606	0.000863204	0	0.000248018	0.858195	0	0	0	0.651798	
0.906835	0.000912263	0	0.000262113	0.85401	0	0	0	0.642909	
0.904073	0.000962254	0	0.000276477	0.849847	0	0	0	0.634144	
0.90132	0.00101315	0	0.0002911	0.845707	0	0	0	0.625502	
0.898575	0.00106492	0	0.000305975	0.841589	0	0	0	0.616981	
0.895839	0.00111754	0	0.000321094	0.837492	0	0	0	0.608579	
0.893112	0.00117099	0	0.000336449	0.833418	0	0	0	0.600294	
0.890393	0.00122522	0	0.000352033	0.829366	0	0	0	0.592124	
0.887682	0.00128023	0	0.000367837	0.825335	0	0	0	0.584069	
0.88498	0.00133598	0	0.000383856	0.821325	0	0	0	0.576126	
0.882287	0.00139246	0	0.000400081	0.817337	0	0	0	0.568295	
0.879601	0.00144962	0	0.000416506	0.81337	0	0	0	0.560572	
0.876925	0.00150746	0	0.000433124	0.809423	0	0	0	0.552957	
0.874256	0.00156595	0	0.000449928	0.805498	0	0	0	0.545449	
0.871596	0.00162506	0	0.000466912	0.801593	0	0	0	0.538045	
0.868944	0.00168477	0	0.000484069	0.79771	0	0	0	0.530745	
0.866301	0.00174507	0	0.000501393	0.793846	0	0	0	0.523546	
0.863666	0.00180593	0	0.000518879	0.790003	0	0	0	0.516448	
0.861039	0.00186733	0	0.000536519	0.78618	0	0	0	0.509449	
0.85842	0.00192925	0	0.000554309	0.782377	0	0	0	0.502547	
0.855809	0.00199166	0	0.000572242	0.778594	0	0	0	0.495742	
0.853207	0.00205456	0	0.000590313	0.774831	0	0	0	0.489031	
0.850612	0.00211791	0	0.000608517	0.771087	0	0	0	0.482414	
0.848026	0.00218171	0	0.000626847	0.767363	0	0	0	0.475889	
0.845448	0.00224593	0	0.000645299	0.763659	0	0	0	0.469455	
0.842877	0.00231056	0	0.000663867	0.759974	0	0	0	0.463111	
0.840315	0.00237558	0	0.000682547	0.756308	0	0	0	0.456855	
0.837761	0.00244096	0	0.000701334	0.752661	0	0	0	0.450686	
0.835214	0.0025067	0	0.000720222	0.749033	0	0	0	0.444603	
0.832676	0.00257278	0	0.000739207	0.745424	0	0	0	0.438605	
0.830145	0.00263918	0	0.000758285	0.741834	0	0	0	0.43269	
0.827622	0.00270588	0	0.00077745	0.738262	0	0	0	0.426857	
0.825107	0.00277288	0	0.000796698	0.734709	0	0	0	0.421106	
0.8226	0.00284015	0	0.000816026	0.731174	0	0	0	0.415435	
0.820101	0.00290768	0	0.000835428	0.727658	0	0	0	0.409842	
0.817609	0.00297545	0	0.0008549	0.72416	0	0	0	0.404327	
0.815125	0.00304346	0	0.000874439	0.720679	0	0	0	0.398889	
0.812649	0.00311168	0	0.000894041	0.717217	0	0	0	0.393527	
0.810181	0.0031801	0	0.0009137	0.713772	0	0	0	0.388239	
0.80772	0.00324872	0	0.000933415	0.710346	0	0	0	0.383024	
0.805267	0.00331751	0	0.00095318	0.706936	0	0	0	0.377882	
0.802821	0.00338647	0	0.000972993	0.703545	0	0	0	0.372812	
0.800383	0.00345558	0	0.000992849	0.70017	0	0	0	0.367812	
0.797952	0.00352483	0	0.00101274	0.696813	0	0	0	0.362881	
0.795529	0.0035942	0	0.00103268	0.693474	0	0	0	0.358019	
0.793114	0.0036637	0	0.00105264	0.690151	0	0	0	0.353224	
0.790706	0.00373329	0	0.00107264	0.686845	0	0	0	0.348496	
0.788305	0.00380298	0	0.00109266	0.683556	0	0	0	0.343833	
0.785912	0.00387275	0	0.00111271	0.680284	0	0	0	0.339236	
0.783526	0.00394259	0	0.00113277	0.677029	0	0	0	0.334702	
0.781148	0.0040125	0	0.00115286	0.67379	0	0	0	0.33023	
0.778777	0.00408245	0	0.00117296	0.670568	0	0	0	0.325821	
0.776413	0.00415244	0	0.00119307	0.667362	0	0	0	0.321473	
0.774056	0.00422246	0	0.00121319	0.664173	0	0	0	0.317186	
0.771707	0.00429251	0	0.00123331	0.660999	0	0	0	0.312957	
0.769365	0.00436256	0	0.00125344	0.657842	0	0	0	0.308788	
0.76703	0.00443262	0	0.00127357	0.654701	0	0	0	0.304676	
0.764703	0.00450267	0	0.00129369	0.651576	0	0	0	0.300621	
0.762383	0.0045727	0	0.00131381	0.648466	0	0	0	0.296622	
0.760069	0.00464271	0	0.00133393	0.645372	0	0	0	0.292679	
0.757763	0.00471268	0	0.00135403	0.642294	0	0	0	0.28879	
0.755464	0.00478262	0	0.00137413	0.639232	0	0	0	0.284955	
0.753173	0.0048525	0	0.0013942	0.636185	0	0	0	0.281173	
0.750888	0.00492233	0	0.00141427	0.633153	0	0	0	0.277444	
0.74861	0.00499209	0	0.00143431	0.630137	0	0	0	0.273766	
0.746339	0.00506178	0	0.00145433	0.627136	0	0	0	0.270139	
0.744075	0.00513139	0	0.00147433	0.624149	0	0	0	0.266562	
0.741819	0.00520091	0	0.00149431	0.621178	0	0	0	0.263035	
0.739569	0.00527033	0	0.00151425	0.618222	0	0	0	0.259556	
0.737326	0.00533966	0	0.00153417	0.615281	0	0	0	0.256126	
0.73509	0.00540887	0	0.00155406	0.612355	0	0	0	0.252743	
0.732861	0.00547798	0	0.00157391	0.609443	0	0	0	0.249406	
0.730639	0.00554696	0	0.00159373	0.606546	0	0	0	0.246116	
0.728423	0.00561581	0	0.00161351	0.603663	0	0	0	0.242871	
0.726214	0.00568453	0	0.00163326	0.600795	0	0	0	0.239671	
0.724013	0.00575311	0	0.00165296	0.597941	0	0	0	0.236516	
0.721818	0.00582155	0	0.00167263	0.595101	0	0	0	0.233403	
0.719629	0.00588983	0	0.00169224	0.592276	0	0	0	0.230334	
0.717448	0.00595796	0	0.00171182	0.589465	0	0	0	0.227307	
0.715273	0.00602592	0	0.00173135	0.586667	0	0	0	0.224322	
0.713104	0.00609372	0	0.00175082	0.583884	0	0	0	0.221378	
0.710943	0.00616135	0	0.00177025	0.581115	0	0	0	0.218475	
0.708788	0.00622879	0	0.00178963	0.578359	0	0	0	0.215612	
0.70664	0.00629606	0	0.00180896	0.575617	0	0	0	0.212788	
0.704498	0.00636314	0	0.00182823	0.572889	0	0	0	0.210003	
0.702363	0.00643002	0	0.00184745	0.570174	0	0	0	0.207257	
0.700234	0.00649671	0	0.00186661	0.567473	0	0	0	0.204548	
0.698112	0.0065632	0	0.00188571	0.564786	0	0	0	0.201877	
0.695997	0.00662948	0	0.00190476	0.562111	0	0	0	0.199242	
0.693888	0.00669556	0	0.00192374	0.55945	0	0	0	0.196644	
0.691785	0.00676142	0	0.00194266	0.556802	0	0	0	0.194082	
0.689689	0.00682706	0	0.00196152	0.554168	0	0	0	0.191554	
0.687599	0.00689248	0	0.00198032	0.551546	0	0	0	0.189062	
0.685516	0.00695768	0	0.00199905	0.548937	0	0	0	0.186604	
0.683439	0.00702264	0	0.00201772	0.546341	0	0	0	0.18418	
0.681368	0.00708738	0	0.00203632	0.543758	0	0	0	0.181789	
0.679304	0.00715187	0	0.00205485	0.541188	0	0	0	0.179431	
0.677246	0.00721613	0	0.00207331	0.538631	0	0	0	0.177105	
0.675195	0.00728015	0	0.0020917	0.536086	0	0	0	0.174811	
0.673149	0.00734392	0	0.00211002	0.533554	0	0	0	0.172549	
0.67111	0.00740744	0	0.00212828	0.531034	0	0	0	0.170318	
0.669078	0.00747071	0	0.00214645	0.528527	0	0	0	0.168118	
0.667051	0.00753373	0	0.00216456	0.526032	0	0	0	0.165948	
0.665031	0.00759648	0	0.00218259	0.523549	0	0	0	0.163807	
0.663017	0.00765898	0	0.00220055	0.521079	0	0	0	0.161696	
0.661009	0.00772121	0	0.00221843	0.51862	0	0	0	0.159614	
0.659007	0.00778318	0	0.00223623	0.516174	0	0	0	0.157561	
0.657011	0.00784488	0	0.00225396	0.51374	0	0	0	0.155536	
0.655021	0.00790631	0	0.00227161	0.511318	0	0	0	0.153538	
0.653038	0.00796746	0	0.00228918	0.508907	0	0	0	0.151568	
0.65106	0.00802834	0	0.00230667	0.506509	0	0	0	0.149625	
0.649089	0.00808895	0	0.00232408	0.504122	0	0	0	0.147709	
0.647124	0.00814927	0	0.00234141	0.501747	0	0	0	0.145818	
0.645164	0.00820931	0	0.00235866	0.499384	0	0	0	0.143954	
0.643211	0.00826907	0	0.00237583	0.497032	0	0	0	0.142115	
0.641264	0.00832855	0	0.00239292	0.494692	0	0	0	0.140302	
0.639322	0.00838773	0	0.00240993	0.492364	0	0	0	0.138513	
0.637387	0.00844663	0	0.00242685	0.490046	0	0	0	0.136749	
0.635457	0.00850524	0	0.00244369	0.48774	0	0	0	0.135009	
0.633533	0.00856355	0	0.00246044	0.485446	0	0	0	0.133293	
0.631616	0.00862157	0	0.00247711	0.483162	0	0	0	0.1316	
0.629704	0.0086793	0	0.0024937	0.48089	0	0	0	0.12993	
0.627797	0.00873673	0	0.0025102	0.478629	0	0	0	0.128283	
0.625897	0.00879386	0	0.00252661	0.476379	0	0	0	0.126659	
0.624003	0.00885069	0	0.00254294	0.47414	0	0	0	0.125057	
0.622114	0.00890722	0	0.00255918	0.471911	0	0	0	0.123477	
0.620231	0.00896345	0	0.00257534	0.469694	0	0	0	0.121918	
0.618354	0.00901938	0	0.00259141	0.467488	0	0	0	0.120381	
0.616483	0.009075	0	0.00260739	0.465292	0	0	0	0.118865	
0.614617	0.00913032	0	0.00262328	0.463107	0	0	0	0.117369	
0.612757	0.00918533	0	0.00263909	0.460932	0	0	0	0.115894	
0.610902	0.00924004	0	0.00265481	0.458769	0	0	0	0.114439	
0.609054	0.00929443	0	0.00267043	0.456615	0	0	0	0.113004	
0.607211	0.00934852	0	0.00268598	0.454472	0	0	0	0.111589	
0.605373	0.0094023	0	0.00270143	0.45234	0	0	0	0.110192	
0.603542	0.00945577	0	0.00271679	0.450218	0	0	0	0.108815	
0.601715	0.00950893	0	0.00273206	0.448106	0	0	0	0.107457	
0.599895	0.00956178	0	0.00274725	0.446005	0	0	0	0.106117	
0.59808	0.00961432	0	0.00276234	0.443914	0	0	0	0.104795	
0.59627	0.00966654	0	0.00277735	0.441833	0	0	0	0.103492	
0.594466	0.00971846	0	0.00279226	0.439762	0	0	0	0.102206	
0.592668	0.00977006	0	0.00280709	0.437701	0	0	0	0.100937	
0.590875	0.00982134	0	0.00282182	0.43565	0	0	0	0.0996864	
0.589087	0.00987232	0	0.00283647	0.433609	0	0	0	0.0984525	
0.587305	0.00992298	0	0.00285102	0.431578	0	0	0	0.0972353	
0.585528	0.00997332	0	0.00286549	0.429557	0	0	0	0.0960347	
0.583757	0.0100234	0	0.00287986	0.427546	0	0	0	0.0948504	
0.581991	0.0100731	0	0.00289415	0.425544	0	0	0	0.0936823	
0.580231	0.0101225	0	0.00290834	0.423552	0	0	0	0.0925301	
0.578476	0.0101716	0	0.00292245	0.42157	0	0	0	0.0913935	
0.576726	0.0102203	0	0.00293646	0.419597	0	0	0	0.0902724	
0.574982	0.0102688	0	0.00295038	0.417634	0	0	0	0.0891666	
0.573243	0.0103169	0	0.00296422	0.41568	0	0	0	0.0880759	
0.571509	0.0103648	0	0.00297796	0.413736	0	0	0	0.0869999	
0.56978	0.0104123	0	0.00299161	0.411801	0	0	0	0.0859386	
0.568057	0.0104595	0	0.00300518	0.409876	0	0	0	0.0848918	
0.566339	0.0105064	0	0.00301865	0.40796	0	0	0	0.0838592	
0.564626	0.010553	0	0.00303203	0.406053	0	0	0	0.0828407	
0.562919	0.0105993	0	0.00304533	0.404155	0	0	0	0.081836	
0.561217	0.0106452	0	0.00305853	0.402267	0	0	0	0.0808449	
0.559519	0.0106909	0	0.00307165	0.400388	0	0	0	0.0798674	
0.557827	0.0107362	0	0.00308467	0.398517	0	0	0	0.0789032	
0.556141	0.0107812	0	0.00309761	0.396656	0	0	0	0.0779521	
0.554459	0.0108259	0	0.00311045	0.394804	0	0	0	0.0770139	
0.552783	0.0108703	0	0.00312321	0.392961	0	0	0	0.0760885	
0.551111	0.0109144	0	0.00313588	0.391126	0	0	0	0.0751757	
0.549445	0.0109582	0	0.00314847	0.389301	0	0	0	0.0742754	
0.547784	0.0110017	0	0.00316096	0.387484	0	0	0	0.0733873	
0.546127	0.0110449	0	0.00317337	0.385676	0	0	0	0.0725113	
0.544476	0.0110878	0	0.00318569	0.383877	0	0	0	0.0716473	
