1	0	0	0	1	0	0	0	1	
0.997236	0	0	0	0.992223	0	0	0	0.992223	
0.99449	0	0	0	0.984557	0	0	0	0.984557	
0.991752	0	0	0	0.976949	0	0	0	0.976949	
0.989022	0	0	0	0.9694	0	0	0	0.9694	
0.986298	0	0	0	0.961909	0	0	0	0.961909	
0.983583	0	0	0	0.954477	0	0	0	0.954477	
0.980875	0	0	0	0.947101	0	0	0	0.947101	
0.978174	0	0	0	0.939783	0	0	0	0.939783	
0.975481	0	0	0	0.932521	0	0	0	0.932521	
0.972795	0	0	0	0.925316	0	0	0	0.925316	
0.970117	0	0	0	0.918166	0	0	0	0.918166	
0.967446	0	0	0	0.911071	0	0	0	0.911071	
0.964782	0	0	0	0.904031	0	0	0	0.904031	
0.962125	0	0	0	0.897046	0	0	0	0.897046	
0.959476	0	0	0	0.890114	0	0	0	0.890114	
0.956835	0	0	0	0.883236	0	0	0	0.883236	
0.9542	0	0	0	0.876411	0	0	0	0.876411	
0.951573	0	0	0	0.869639	0	0	0	0.869639	
0.948953	0	0	0	0.86292	0	0	0	0.86292	
0.94634	0	0	0	0.856252	0	0	0	0.856252	
0.943735	0	0	0	0.849636	0	0	0	0.849636	
0.941136	0	0	0	0.84307	0	0	0	0.84307	
0.938545	0	0	0	0.836556	0	0	0	0.836556	
0.935961	0	0	0	0.830092	0	0	0	0.830092	
0.933384	0	0	0	0.823678	0	0	0	0.823678	
0.930814	0	0	0	0.817313	0	0	0	0.817313	
0.928251	0	0	0	0.810998	0	0	0	0.810998	
0.925695	0	0	0	0.804731	0	0	0	0.804731	
0.923147	0	0	0	0.798513	0	0	0	0.798513	
0.920605	0	0	0	0.792343	0	0	0	0.792343	
0.91807	0	0	0	0.78622	0	0	0	0.78622	
0.915542	0	0	0	0.780145	0	0	0	0.780145	
0.913022	0	0	0	0.774117	0	0	0	0.774117	
0.910508	0	0	0	0.768135	0	0	0	0.768135	
0.908001	0	0	0	0.7622	0	0	0	0.7622	
0.905501	0	0	0	0.75631	0	0	0	0.75631	
0.903008	0	0	0	0.750466	0	0	0	0.750466	
0.900522	0	0	0	0.744667	0	0	0	0.744667	
0.898042	0	0	0	0.738913	0	0	0	0.738913	
0.895569	0	0	0	0.733204	0	0	0	0.733204	
0.893104	0	0	0	0.727538	0	0	0	0.727538	
0.890645	0	0	0	0.721917	0	0	0	0.721917	
0.888192	0	0	0	0.716338	0	0	0	0.716338	
0.885747	0	0	0	0.710803	0	0	0	0.710803	
0.883308	0	0	0	0.705311	0	0	0	0.705311	
0.880876	0	0	0	0.699861	0	0	0	0.699861	
0.878451	0	0	0	0.694453	0	0	0	0.694453	
0.876032	0	0	0	0.689087	0	0	0	0.689087	
0.87362	0	0	0	0.683762	0	0	0	0.683762	
0.871215	0	0	0	0.678479	0	0	0	0.678479	
0.868816	0	0	0	0.673236	0	0	0	0.673236	
0.866424	0	0	0	0.668034	0	0	0	0.668034	
0.864038	0	0	0	0.662872	0	0	0	0.662872	
0.861659	0	0	0	0.65775	0	0	0	0.65775	
0.859287	0	0	0	0.652668	0	0	0	0.652668	
0.856921	0	0	0	0.647624	0	0	0	0.647624	
0.854562	0	0	0	0.64262	0	0	0	0.64262	
0.852209	0	0	0	0.637655	0	0	0	0.637655	
0.849862	0	0	0	0.632727	0	0	0	0.632727	
0.847523	0	0	0	0.627838	0	0	0	0.627838	
0.845189	0	0	0	0.622987	0	0	0	0.622987	
0.842862	0	0	0	0.618173	0	0	0	0.618173	
0.840541	0	0	0	0.613397	0	0	0	0.613397	
0.838227	0	0	0	0.608657	0	0	0	0.608657	
0.835919	0	0	0	0.603954	0	0	0	0.603954	
0.833618	0	0	0	0.599287	0	0	0	0.599287	
0.831322	0	0	0	0.594656	0	0	0	0.594656	
0.829033	0	0	0	0.590061	0	0	0	0.590061	
0.826751	0	0	0	0.585502	0	0	0	0.585502	
0.824475	0	0	0	0.580978	0	0	0	0.580978	
0.822204	0	0	0	0.576488	0	0	0	0.576488	
0.819941	0	0	0	0.572034	0	0	0	0.572034	
0.817683	0	0	0	0.567614	0	0	0	0.567614	
0.815432	0	0	0	0.563228	0	0	0	0.563228	
0.813187	0	0	0	0.558876	0	0	0	0.558876	
0.810948	0	0	0	0.554557	0	0	0	0.554557	
0.808715	0	0	0	0.550272	0	0	0	0.550272	
0.806488	0	0	0	0.54602	0	0	0	0.54602	
0.804268	0	0	0	0.541801	0	0	0	0.541801	
0.802053	0	0	0	0.537615	0	0	0	0.537615	
0.799845	0	0	0	0.53346	0	0	0	0.53346	
0.797643	0	0	0	0.529338	0	0	0	0.529338	
0.795447	0	0	0	0.525248	0	0	0	0.525248	
0.793256	0	0	0	0.52119	0	0	0	0.52119	
0.791072	0	0	0	0.517162	0	0	0	0.517162	
0.788894	0	0	0	0.513166	0	0	0	0.513166	
0.786722	0	0	0	0.509201	0	0	0	0.509201	
0.784556	0	0	0	0.505266	0	0	0	0.505266	
0.782396	0	0	0	0.501362	0	0	0	0.501362	
0.780242	0	0	0	0.497488	0	0	0	0.497488	
0.778094	0	0	0	0.493644	0	0	0	0.493644	
0.775951	0	0	0	0.48983	0	0	0	0.48983	
0.773815	0	0	0	0.486045	0	0	0	0.486045	
0.771684	0	0	0	0.482289	0	0	0	0.482289	
0.76956	0	0	0	0.478562	0	0	0	0.478562	
0.767441	0	0	0	0.474864	0	0	0	0.474864	
0.765328	0	0	0	0.471195	0	0	0	0.471195	
0.76322	0	0	0	0.467554	0	0	0	0.467554	
0.761119	0	0	0	0.463941	0	0	0	0.463941	
0.759023	0	0	0	0.460356	0	0	0	0.460356	
0.756934	0	0	0	0.456799	0	0	0	0.456799	
0.75485	0	0	0	0.45327	0	0	0	0.45327	
0.752771	0	0	0	0.449767	0	0	0	0.449767	
0.750699	0	0	0	0.446292	0	0	0	0.446292	
0.748632	0	0	0	0.442843	0	0	0	0.442843	
0.74657	0	0	0	0.439421	0	0	0	0.439421	
0.744515	0	0	0	0.436026	0	0	0	0.436026	
0.742465	0	0	0	0.432657	0	0	0	0.432657	
0.740421	0	0	0	0.429314	0	0	0	0.429314	
0.738382	0	0	0	0.425996	0	0	0	0.425996	
0.736349	0	0	0	0.422705	0	0	0	0.422705	
0.734322	0	0	0	0.419438	0	0	0	0.419438	
0.7323	0	0	0	0.416197	0	0	0	0.416197	
0.730284	0	0	0	0.412981	0	0	0	0.412981	
0.728273	0	0	0	0.40979	0	0	0	0.40979	
0.726268	0	0	0	0.406624	0	0	0	0.406624	
0.724268	0	0	0	0.403482	0	0	0	0.403482	
0.722274	0	0	0	0.400364	0	0	0	0.400364	
0.720285	0	0	0	0.39727	0	0	0	0.39727	
0.718302	0	0	0	0.394201	0	0	0	0.394201	
0.716324	0	0	0	0.391155	0	0	0	0.391155	
0.714352	0	0	0	0.388132	0	0	0	0.388132	
0.712385	0	0	0	0.385133	0	0	0	0.385133	
0.710424	0	0	0	0.382157	0	0	0	0.382157	
0.708468	0	0	0	0.379204	0	0	0	0.379204	
0.706517	0	0	0	0.376274	0	0	0	0.376274	
0.704572	0	0	0	0.373367	0	0	0	0.373367	
0.702632	0	0	0	0.370482	0	0	0	0.370482	
0.700697	0	0	0	0.367619	0	0	0	0.367619	
0.698768	0	0	0	0.364778	0	0	0	0.364778	
0.696844	0	0	0	0.36196	0	0	0	0.36196	
0.694926	0	0	0	0.359163	0	0	0	0.359163	
0.693012	0	0	0	0.356387	0	0	0	0.356387	
0.691104	0	0	0	0.353634	0	0	0	0.353634	
0.689201	0	0	0	0.350901	0	0	0	0.350901	
0.687304	0	0	0	0.34819	0	0	0	0.34819	
0.685411	0	0	0	0.345499	0	0	0	0.345499	
0.683524	0	0	0	0.34283	0	0	0	0.34283	
0.681642	0	0	0	0.34018	0	0	0	0.34018	
0.679766	0	0	0	0.337552	0	0	0	0.337552	
0.677894	0	0	0	0.334944	0	0	0	0.334944	
0.676027	0	0	0	0.332355	0	0	0	0.332355	
0.674166	0	0	0	0.329787	0	0	0	0.329787	
0.67231	0	0	0	0.327239	0	0	0	0.327239	
0.670459	0	0	0	0.324711	0	0	0	0.324711	
0.668613	0	0	0	0.322201	0	0	0	0.322201	
0.666772	0	0	0	0.319712	0	0	0	0.319712	
0.664936	0	0	0	0.317241	0	0	0	0.317241	
0.663105	0	0	0	0.31479	0	0	0	0.31479	
0.66128	0	0	0	0.312358	0	0	0	0.312358	
0.659459	0	0	0	0.309944	0	0	0	0.309944	
0.657643	0	0	0	0.307549	0	0	0	0.307549	
0.655832	0	0	0	0.305173	0	0	0	0.305173	
0.654027	0	0	0	0.302815	0	0	0	0.302815	
0.652226	0	0	0	0.300475	0	0	0	0.300475	
0.65043	0	0	0	0.298153	0	0	0	0.298153	
0.648639	0	0	0	0.295849	0	0	0	0.295849	
0.646853	0	0	0	0.293563	0	0	0	0.293563	
0.645072	0	0	0	0.291295	0	0	0	0.291295	
0.643296	0	0	0	0.289044	0	0	0	0.289044	
0.641525	0	0	0	0.28681	0	0	0	0.28681	
0.639759	0	0	0	0.284594	0	0	0	0.284594	
0.637997	0	0	0	0.282395	0	0	0	0.282395	
0.636241	0	0	0	0.280213	0	0	0	0.280213	
0.634489	0	0	0	0.278048	0	0	0	0.278048	
0.632742	0	0	0	0.275899	0	0	0	0.275899	
0.631	0	0	0	0.273767	0	0	0	0.273767	
0.629263	0	0	0	0.271652	0	0	0	0.271652	
0.62753	0	0	0	0.269553	0	0	0	0.269553	
0.625802	0	0	0	0.26747	0	0	0	0.26747	
0.624079	0	0	0	0.265403	0	0	0	0.265403	
0.622361	0	0	0	0.263353	0	0	0	0.263353	
0.620647	0	0	0	0.261318	0	0	0	0.261318	
0.618938	0	0	0	0.259298	0	0	0	0.259298	
0.617234	0	0	0	0.257295	0	0	0	0.257295	
0.615535	0	0	0	0.255307	0	0	0	0.255307	
0.61384	0	0	0	0.253334	0	0	0	0.253334	
0.61215	0	0	0	0.251376	0	0	0	0.251376	
0.610465	0	0	0	0.249434	0	0	0	0.249434	
0.608784	0	0	0	0.247507	0	0	0	0.247507	
0.607108	0	0	0	0.245594	0	0	0	0.245594	
0.605436	0	0	0	0.243696	0	0	0	0.243696	
0.603769	0	0	0	0.241813	0	0	0	0.241813	
0.602107	0	0	0	0.239945	0	0	0	0.239945	
0.600449	0	0	0	0.238091	0	0	0	0.238091	
0.598796	0	0	0	0.236251	0	0	0	0.236251	
0.597147	0	0	0	0.234426	0	0	0	0.234426	
0.595503	0	0	0	0.232614	0	0	0	0.232614	
0.593863	0	0	0	0.230817	0	0	0	0.230817	
0.592228	0	0	0	0.229033	0	0	0	0.229033	
0.590598	0	0	0	0.227263	0	0	0	0.227263	
0.588971	0	0	0	0.225507	0	0	0	0.225507	
0.58735	0	0	0	0.223765	0	0	0	0.223765	
0.585733	0	0	0	0.222036	0	0	0	0.222036	
0.58412	0	0	0	0.22032	0	0	0	0.22032	
0.582512	0	0	0	0.218618	0	0	0	0.218618	
0.580908	0	0	0	0.216928	0	0	0	0.216928	
0.579308	0	0	0	0.215252	0	0	0	0.215252	
0.577713	0	0	0	0.213589	0	0	0	0.213589	
0.576123	0	0	0	0.211939	0	0	0	0.211939	
