1	0	0	0	1	0	0	0	1	
0.997056	1.13633e-06	0	1.49764e-07	0.993751	0	0	0	0.989751	
0.994132	4.49334e-06	0	5.92453e-07	0.98758	0	0	0	0.979688	
0.991218	1.00198e-05	0	1.32107e-06	0.98145	0	0	0	0.969731	
0.988311	1.76598e-05	0	2.32825e-06	0.975362	0	0	0	0.959879	
0.985414	2.73592e-05	0	3.60685e-06	0.969315	0	0	0	0.95013	
0.982525	3.90654e-05	0	5.14994e-06	0.963308	0	0	0	0.940484	
0.979645	5.27271e-05	0	6.95077e-06	0.957342	0	0	0	0.93094	
0.976774	6.82946e-05	0	9.00278e-06	0.951416	0	0	0	0.921495	
0.973911	8.57197e-05	0	1.12996e-05	0.94553	0	0	0	0.91215	
0.971057	0.000104955	0	1.3835e-05	0.939683	0	0	0	0.902903	
0.968211	0.000125955	0	1.6603e-05	0.933876	0	0	0	0.893752	
0.965374	0.000148675	0	1.95977e-05	0.928107	0	0	0	0.884698	
0.962545	0.000173072	0	2.28133e-05	0.922377	0	0	0	0.875739	
0.959725	0.000199102	0	2.62443e-05	0.916685	0	0	0	0.866874	
0.956913	0.000226725	0	2.98852e-05	0.911031	0	0	0	0.858102	
0.954109	0.0002559	0	3.37307e-05	0.905415	0	0	0	0.849421	
0.951314	0.000286588	0	3.77755e-05	0.899836	0	0	0	0.840832	
0.948527	0.00031875	0	4.20147e-05	0.894294	0	0	0	0.832332	
0.945749	0.000352349	0	4.64432e-05	0.888789	0	0	0	0.823921	
0.942978	0.000387349	0	5.10563e-05	0.883321	0	0	0	0.815599	
0.940216	0.000423712	0	5.58491e-05	0.877889	0	0	0	0.807363	
0.937463	0.000461404	0	6.08171e-05	0.872493	0	0	0	0.799214	
0.934717	0.000500391	0	6.59557e-05	0.867132	0	0	0	0.791149	
0.93198	0.000540639	0	7.12606e-05	0.861807	0	0	0	0.783169	
0.92925	0.000582116	0	7.67273e-05	0.856518	0	0	0	0.775273	
0.926529	0.000624788	0	8.23517e-05	0.851263	0	0	0	0.767459	
0.923816	0.000668626	0	8.81296e-05	0.846043	0	0	0	0.759726	
0.921111	0.000713597	0	9.4057e-05	0.840857	0	0	0	0.752075	
0.918415	0.000759672	0	0.00010013	0.835705	0	0	0	0.744503	
0.915726	0.000806821	0	0.000106344	0.830588	0	0	0	0.73701	
0.913045	0.000855016	0	0.000112696	0.825504	0	0	0	0.729595	
0.910372	0.000904228	0	0.000119183	0.820453	0	0	0	0.722257	
0.907707	0.000954429	0	0.000125799	0.815436	0	0	0	0.714996	
0.90505	0.00100559	0	0.000132543	0.810451	0	0	0	0.707811	
0.902401	0.00105769	0	0.000139409	0.805499	0	0	0	0.700701	
0.89976	0.0011107	0	0.000146396	0.800579	0	0	0	0.693664	
0.897126	0.00116459	0	0.000153499	0.795692	0	0	0	0.686701	
0.894501	0.00121934	0	0.000160715	0.790837	0	0	0	0.679811	
0.891883	0.00127492	0	0.000168041	0.786013	0	0	0	0.672992	
0.889273	0.00133132	0	0.000175474	0.781221	0	0	0	0.666244	
0.886671	0.0013885	0	0.000183011	0.77646	0	0	0	0.659566	
0.884076	0.00144644	0	0.000190648	0.77173	0	0	0	0.652958	
0.88149	0.00150513	0	0.000198382	0.767031	0	0	0	0.646418	
0.87891	0.00156453	0	0.000206211	0.762363	0	0	0	0.639947	
0.876339	0.00162462	0	0.000214132	0.757725	0	0	0	0.633542	
0.873775	0.0016854	0	0.000222142	0.753117	0	0	0	0.627205	
0.871219	0.00174682	0	0.000230238	0.748539	0	0	0	0.620933	
0.86867	0.00180888	0	0.000238417	0.743991	0	0	0	0.614726	
0.866129	0.00187155	0	0.000246677	0.739472	0	0	0	0.608583	
0.863596	0.00193481	0	0.000255015	0.734982	0	0	0	0.602505	
0.86107	0.00199864	0	0.000263429	0.730522	0	0	0	0.596489	
0.858551	0.00206303	0	0.000271915	0.72609	0	0	0	0.590536	
0.85604	0.00212796	0	0.000280472	0.721687	0	0	0	0.584644	
0.853536	0.0021934	0	0.000289097	0.717313	0	0	0	0.578814	
0.85104	0.00225934	0	0.000297788	0.712967	0	0	0	0.573044	
0.848551	0.00232575	0	0.000306542	0.708649	0	0	0	0.567334	
0.84607	0.00239264	0	0.000315357	0.704359	0	0	0	0.561683	
0.843596	0.00245996	0	0.000324231	0.700096	0	0	0	0.55609	
0.841129	0.00252772	0	0.000333161	0.695861	0	0	0	0.550556	
0.838669	0.00259589	0	0.000342146	0.691653	0	0	0	0.545079	
0.836217	0.00266446	0	0.000351183	0.687472	0	0	0	0.539658	
0.833772	0.0027334	0	0.00036027	0.683318	0	0	0	0.534293	
0.831335	0.00280271	0	0.000369406	0.679191	0	0	0	0.528984	
0.828904	0.00287237	0	0.000378587	0.675091	0	0	0	0.52373	
0.826481	0.00294237	0	0.000387812	0.671016	0	0	0	0.518531	
0.824065	0.00301268	0	0.00039708	0.666968	0	0	0	0.513385	
0.821656	0.0030833	0	0.000406388	0.662946	0	0	0	0.508292	
0.819254	0.00315422	0	0.000415734	0.658949	0	0	0	0.503252	
0.816859	0.0032254	0	0.000425116	0.654979	0	0	0	0.498263	
0.814471	0.00329686	0	0.000434534	0.651033	0	0	0	0.493327	
0.812091	0.00336856	0	0.000443984	0.647113	0	0	0	0.488441	
0.809717	0.0034405	0	0.000453466	0.643218	0	0	0	0.483606	
0.807351	0.00351266	0	0.000462977	0.639347	0	0	0	0.478821	
0.804991	0.00358503	0	0.000472516	0.635502	0	0	0	0.474085	
0.802639	0.0036576	0	0.000482081	0.631681	0	0	0	0.469398	
0.800293	0.00373036	0	0.00049167	0.627884	0	0	0	0.464759	
0.797954	0.0038033	0	0.000501283	0.624112	0	0	0	0.460168	
0.795623	0.00387639	0	0.000510917	0.620363	0	0	0	0.455624	
0.793298	0.00394964	0	0.000520571	0.616639	0	0	0	0.451127	
0.79098	0.00402303	0	0.000530243	0.612938	0	0	0	0.446677	
0.788668	0.00409654	0	0.000539933	0.609261	0	0	0	0.442272	
0.786364	0.00417018	0	0.000549638	0.605607	0	0	0	0.437913	
0.784067	0.00424392	0	0.000559357	0.601976	0	0	0	0.433598	
0.781776	0.00431775	0	0.000569088	0.598368	0	0	0	0.429328	
0.779492	0.00439168	0	0.000578831	0.594784	0	0	0	0.425102	
0.777215	0.00446568	0	0.000588585	0.591222	0	0	0	0.420919	
0.774944	0.00453974	0	0.000598346	0.587682	0	0	0	0.41678	
0.77268	0.00461386	0	0.000608116	0.584165	0	0	0	0.412683	
0.770423	0.00468803	0	0.000617891	0.58067	0	0	0	0.408628	
0.768173	0.00476224	0	0.000627672	0.577198	0	0	0	0.404615	
0.765929	0.00483648	0	0.000637456	0.573747	0	0	0	0.400642	
0.763692	0.00491073	0	0.000647243	0.570318	0	0	0	0.396711	
0.761461	0.004985	0	0.000657031	0.566911	0	0	0	0.39282	
0.759237	0.00505926	0	0.00066682	0.563525	0	0	0	0.388969	
0.757019	0.00513353	0	0.000676607	0.560161	0	0	0	0.385158	
0.754808	0.00520777	0	0.000686393	0.556818	0	0	0	0.381386	
0.752604	0.005282	0	0.000696176	0.553496	0	0	0	0.377652	
0.750406	0.00535619	0	0.000705954	0.550195	0	0	0	0.373957	
0.748215	0.00543034	0	0.000715728	0.546914	0	0	0	0.370299	
0.74603	0.00550445	0	0.000725496	0.543655	0	0	0	0.366679	
0.743851	0.00557851	0	0.000735256	0.540416	0	0	0	0.363096	
0.741679	0.0056525	0	0.000745008	0.537197	0	0	0	0.35955	
0.739513	0.00572643	0	0.000754751	0.533998	0	0	0	0.35604	
0.737354	0.00580027	0	0.000764485	0.53082	0	0	0	0.352566	
0.735201	0.00587404	0	0.000774207	0.527662	0	0	0	0.349128	
0.733054	0.00594772	0	0.000783918	0.524523	0	0	0	0.345725	
0.730914	0.0060213	0	0.000793616	0.521404	0	0	0	0.342357	
0.72878	0.00609478	0	0.000803301	0.518305	0	0	0	0.339023	
0.726653	0.00616815	0	0.000812971	0.515225	0	0	0	0.335723	
0.724531	0.00624141	0	0.000822626	0.512164	0	0	0	0.332457	
0.722416	0.00631455	0	0.000832266	0.509123	0	0	0	0.329224	
0.720307	0.00638756	0	0.000841888	0.5061	0	0	0	0.326025	
0.718204	0.00646043	0	0.000851493	0.503097	0	0	0	0.322858	
0.716108	0.00653317	0	0.00086108	0.500112	0	0	0	0.319723	
0.714017	0.00660576	0	0.000870648	0.497146	0	0	0	0.316621	
0.711933	0.00667821	0	0.000880196	0.494199	0	0	0	0.31355	
0.709855	0.0067505	0	0.000889724	0.49127	0	0	0	0.31051	
0.707783	0.00682263	0	0.000899231	0.488359	0	0	0	0.307502	
0.705717	0.00689459	0	0.000908715	0.485466	0	0	0	0.304524	
0.703657	0.00696638	0	0.000918178	0.482591	0	0	0	0.301577	
0.701604	0.007038	0	0.000927617	0.479735	0	0	0	0.298659	
0.699556	0.00710944	0	0.000937033	0.476896	0	0	0	0.295772	
0.697514	0.0071807	0	0.000946424	0.474075	0	0	0	0.292913	
0.695479	0.00725176	0	0.000955791	0.471271	0	0	0	0.290084	
0.693449	0.00732263	0	0.000965131	0.468485	0	0	0	0.287284	
0.691426	0.00739331	0	0.000974446	0.465716	0	0	0	0.284512	
0.689408	0.00746378	0	0.000983735	0.462964	0	0	0	0.281769	
0.687396	0.00753405	0	0.000992996	0.46023	0	0	0	0.279053	
0.68539	0.0076041	0	0.00100223	0.457512	0	0	0	0.276365	
0.68339	0.00767394	0	0.00101143	0.454812	0	0	0	0.273704	
0.681396	0.00774357	0	0.00102061	0.452128	0	0	0	0.271071	
0.679408	0.00781297	0	0.00102976	0.44946	0	0	0	0.268464	
0.677426	0.00788214	0	0.00103887	0.44681	0	0	0	0.265884	
0.675449	0.00795109	0	0.00104796	0.444175	0	0	0	0.26333	
0.673478	0.00801981	0	0.00105702	0.441558	0	0	0	0.260802	
0.671513	0.00808828	0	0.00106604	0.438956	0	0	0	0.258299	
0.669554	0.00815652	0	0.00107504	0.43637	0	0	0	0.255822	
0.667601	0.00822452	0	0.001084	0.433801	0	0	0	0.25337	
0.665653	0.00829227	0	0.00109293	0.431247	0	0	0	0.250943	
0.663711	0.00835977	0	0.00110183	0.428709	0	0	0	0.248541	
0.661775	0.00842703	0	0.00111069	0.426187	0	0	0	0.246163	
0.659845	0.00849402	0	0.00111952	0.42368	0	0	0	0.243809	
0.65792	0.00856076	0	0.00112832	0.421189	0	0	0	0.241479	
0.656001	0.00862724	0	0.00113708	0.418713	0	0	0	0.239173	
0.654087	0.00869346	0	0.00114581	0.416253	0	0	0	0.23689	
0.652179	0.00875941	0	0.0011545	0.413807	0	0	0	0.23463	
0.650277	0.0088251	0	0.00116316	0.411377	0	0	0	0.232393	
0.64838	0.00889051	0	0.00117178	0.408962	0	0	0	0.230178	
0.646489	0.00895565	0	0.00118036	0.406562	0	0	0	0.227987	
0.644603	0.00902052	0	0.00118891	0.404176	0	0	0	0.225817	
0.642723	0.00908511	0	0.00119743	0.401805	0	0	0	0.223669	
0.640849	0.00914943	0	0.0012059	0.399449	0	0	0	0.221543	
0.63898	0.00921346	0	0.00121434	0.397107	0	0	0	0.219439	
0.637116	0.00927721	0	0.00122274	0.39478	0	0	0	0.217355	
0.635258	0.00934067	0	0.00123111	0.392467	0	0	0	0.215293	
0.633406	0.00940385	0	0.00123943	0.390168	0	0	0	0.213252	
0.631558	0.00946674	0	0.00124772	0.387883	0	0	0	0.211231	
0.629717	0.00952934	0	0.00125597	0.385613	0	0	0	0.209231	
0.62788	0.00959165	0	0.00126419	0.383356	0	0	0	0.207251	
0.62605	0.00965366	0	0.00127236	0.381113	0	0	0	0.205291	
0.624224	0.00971538	0	0.00128049	0.378884	0	0	0	0.20335	
0.622404	0.00977681	0	0.00128859	0.376669	0	0	0	0.20143	
0.620589	0.00983794	0	0.00129665	0.374467	0	0	0	0.199528	
0.618779	0.00989877	0	0.00130466	0.372278	0	0	0	0.197646	
0.616975	0.00995929	0	0.00131264	0.370104	0	0	0	0.195783	
0.615176	0.0100195	0	0.00132058	0.367942	0	0	0	0.193939	
0.613383	0.0100794	0	0.00132848	0.365794	0	0	0	0.192113	
0.611594	0.0101391	0	0.00133634	0.363658	0	0	0	0.190306	
0.609811	0.0101984	0	0.00134415	0.361536	0	0	0	0.188516	
0.608033	0.0102574	0	0.00135193	0.359427	0	0	0	0.186745	
0.606261	0.0103161	0	0.00135967	0.357331	0	0	0	0.184992	
0.604493	0.0103745	0	0.00136737	0.355248	0	0	0	0.183256	
0.602731	0.0104326	0	0.00137502	0.353177	0	0	0	0.181538	
0.600974	0.0104904	0	0.00138264	0.351119	0	0	0	0.179837	
0.599222	0.0105479	0	0.00139022	0.349074	0	0	0	0.178154	
0.597475	0.010605	0	0.00139775	0.347041	0	0	0	0.176487	
0.595734	0.0106619	0	0.00140524	0.34502	0	0	0	0.174837	
0.593997	0.0107184	0	0.0014127	0.343012	0	0	0	0.173204	
0.592266	0.0107747	0	0.00142011	0.341016	0	0	0	0.171587	
0.590539	0.0108306	0	0.00142748	0.339032	0	0	0	0.169986	
0.588818	0.0108862	0	0.00143481	0.337061	0	0	0	0.168401	
0.587102	0.0109415	0	0.0014421	0.335101	0	0	0	0.166833	
0.58539	0.0109965	0	0.00144935	0.333153	0	0	0	0.16528	
0.583684	0.0110512	0	0.00145655	0.331217	0	0	0	0.163742	
0.581983	0.0111056	0	0.00146372	0.329293	0	0	0	0.162221	
0.580287	0.0111596	0	0.00147085	0.327381	0	0	0	0.160714	
0.578596	0.0112134	0	0.00147793	0.325481	0	0	0	0.159223	
0.576909	0.0112668	0	0.00148497	0.323591	0	0	0	0.157746	
0.575228	0.0113199	0	0.00149197	0.321714	0	0	0	0.156285	
0.573552	0.0113728	0	0.00149894	0.319848	0	0	0	0.154838	
0.57188	0.0114253	0	0.00150586	0.317993	0	0	0	0.153405	
0.570213	0.0114775	0	0.00151274	0.31615	0	0	0	0.151987	
0.568552	0.0115293	0	0.00151957	0.314317	0	0	0	0.150584	
0.566895	0.0115809	0	0.00152637	0.312496	0	0	0	0.149194	
0.565243	0.0116322	0	0.00153313	0.310686	0	0	0	0.147818	
0.563596	0.0116832	0	0.00153985	0.308887	0	0	0	0.146456	
0.561954	0.0117338	0	0.00154652	0.307099	0	0	0	0.145108	
0.560316	0.0117842	0	0.00155316	0.305322	0	0	0	0.143774	
0.558684	0.0118342	0	0.00155976	0.303555	0	0	0	0.142453	
0.557056	0.011884	0	0.00156631	0.3018	0	0	0	0.141145	
