0.	1	1	4
0.010101010101010102	1.0000425103706716	1.0000425103706716	4.000003401034371
0.020202020202020204	1.0001700139157068	1.0001700139157068	4.000013604387903
0.030303030303030304	1.000382428011057	1.000382428011057	4.000030610811849
0.04040404040404041	1.000679615205774	1.000679615205774	4.000054421558249
0.05050505050505051	1.0010613836039406	1.0010613836039406	4.000085038379871
0.06060606060606061	1.001527487395858	1.001527487395858	4.00012246353012
0.07070707070707072	1.0020776275350294	1.0020776275350294	4.000166699762923
0.08080808080808081	1.0027114525565504	1.0027114525565504	4.000217750332586
0.09090909090909091	1.0034285595316574	1.0034285595316574	4.00027561899363
0.10101010101010102	1.0042284951523712	1.0042284951523712	4.00034031000059
0.11111111111111112	1.005110756939432	1.005110756939432	4.000411828107805
0.12121212121212122	1.0060747945660629	1.0060747945660629	4.000490178569168
0.13131313131313133	1.0071200112895116	1.0071200112895116	4.000575367137853
0.14141414141414144	1.0082457654818204	1.0082457654818204	4.000667400066016
0.15151515151515152	1.009451372250875	1.009451372250875	4.00076628410447
0.16161616161616163	1.0107361051424535	1.0107361051424535	4.000872026502337
0.17171717171717174	1.0120991979137814	1.0120991979137814	4.0009846350066605
0.18181818181818182	1.013539846368949	1.013539846368949	4.001104117862004
0.19191919191919193	1.015057210246509	1.015057210246509	4.001230483810015
0.20202020202020204	1.0166504151496008	1.0166504151496008	4.001363742088961
0.21212121212121213	1.0183185545090598	1.0183185545090598	4.001503902433242
0.22222222222222224	1.0200606915701658	1.0200606915701658	4.0016509750728675
0.23232323232323235	1.0218758613939343	1.0218758613939343	4.001804970732911
0.24242424242424243	1.0237630728641782	1.0237630728641782	4.001965900632934
0.25252525252525254	1.0257213106919376	1.0257213106919376	4.002133776486375
0.26262626262626265	1.0277495374093026	1.0277495374093026	4.002308610499921
0.27272727272727276	1.0298466953451058	1.0298466953451058	4.002490415372834
0.2828282828282829	1.0320117085754668	1.0320117085754668	4.002679204296258
0.29292929292929293	1.0342434848426838	1.0342434848426838	4.002874990952491
0.30303030303030304	1.0365409174365061	1.0365409174365061	4.003077789514226
0.31313131313131315	1.038902887032374	1.038902887032374	4.003287614643761
0.32323232323232326	1.0413282634817658	1.0413282634817658	4.003504481492175
0.33333333333333337	1.0438159075503477	1.0438159075503477	4.0037284056984745
0.3434343434343435	1.0463646726001645	1.0463646726001645	4.003959403388706
0.3535353535353536	1.0489734062126594	1.0489734062126594	4.004197491175027
0.36363636363636365	1.0516409517498166	1.0516409517498166	4.004442686154765
0.37373737373737376	1.0543661498512376	1.0543661498512376	4.004695005909411
0.38383838383838387	1.0571478398654357	1.0571478398654357	4.0049544685036045
0.393939393939394	1.059984861214093	1.059984861214093	4.005221092484069
0.4040404040404041	1.0628760546884473	1.0628760546884473	4.005494896878517
0.4141414141414142	1.065820263677389	1.065820263677389	4.005775901194513
0.42424242424242425	1.06881633532721	1.06881633532721	4.006064125418306
0.43434343434343436	1.071863121633289	1.071863121633289	4.00635959001362
0.4444444444444445	1.074959480464318	1.074959480464318	4.006662315920405
0.4545454545454546	1.0781042765199467	1.0781042765199467	4.006972324553554
0.4646464646464647	1.0812963822229753	1.0812963822229753	4.007289637801575
0.4747474747474748	1.084534678547457	1.084534678547457	4.007614278025224
0.48484848484848486	1.0878180557842527	1.0878180557842527	4.007946268056102
0.494949494949495	1.0911454142457626	1.0911454142457626	4.008285631195201
0.5050505050505051	1.0945156649116912	1.0945156649116912	4.008632391211419
0.5151515151515152	1.097927730017827	1.097927730017827	4.008986572340021
0.5252525252525253	1.1013805435899116	1.1013805435899116	4.009348199281063
0.5353535353535354	1.104873051924747	1.104873051924747	4.009717297197774
0.5454545454545455	1.1084042140207455	1.1084042140207455	4.010093891714883
0.5555555555555556	1.1119730019601661	1.1119730019601661	4.01047800891691
0.5656565656565657	1.1155784012452974	1.1155784012452974	4.010869675346406
0.5757575757575758	1.1192194110908578	1.1192194110908578	4.011268918002148
0.5858585858585859	1.1228950446748749	1.1228950446748749	4.011675764337282
0.595959595959596	1.1266043293502839	1.1266043293502839	4.012090242257418
0.6060606060606061	1.1303463068194621	1.1303463068194621	4.012512380118686
0.6161616161616162	1.1341200332738726	1.1341200332738726	4.012942206725722
0.6262626262626263	1.1379245795009427	1.1379245795009427	4.013379751329618
0.6363636363636365	1.141759030960259	1.141759030960259	4.013825043625819
0.6464646464646465	1.1456224878310874	1.1456224878310874	4.014278113751961
0.6565656565656566	1.14951406503318	1.14951406503318	4.014738992285653
0.6666666666666667	1.153432892222747	1.153432892222747	4.0152077102422234
0.6767676767676768	1.1573781137654164	1.1573781137654164	4.015684299072383
0.686868686868687	1.1613488886879229	1.1613488886879229	4.016168790659857
0.696969696969697	1.1653443906101966	1.1653443906101966	4.016661217318946
0.7070707070707072	1.1693638076594532	1.1693638076594532	4.017161611792033
0.7171717171717172	1.1734063423678016	1.1734063423678016	4.017670007247031
0.7272727272727273	1.177471211554822	1.177471211554822	4.018186437274777
0.7373737373737375	1.1815576461964896	1.1815576461964896	4.018710935886355
0.7474747474747475	1.185664891281744	1.185664891281744	4.0192435375103654
0.7575757575757577	1.1897922056579369	1.1897922056579369	4.0197842769901335
0.7676767676767677	1.19393886186632	1.19393886186632	4.020333189580849
0.7777777777777778	1.1981041459686683	1.1981041459686683	4.020890310946645
0.787878787878788	1.2022873573660622	1.2022873573660622	4.021455677157615
0.797979797979798	1.206487808610799	1.206487808610799	4.02202932468676
0.8080808080808082	1.2107048252123342	1.2107048252123342	4.02261129040687
0.8181818181818182	1.2149377454380934	1.2149377454380934	4.02320161158734
0.8282828282828284	1.2191859201099478	1.2191859201099478	4.023800325890921
0.8383838383838385	1.2234487123970823	1.2234487123970823	4.02440747137039
0.8484848484848485	1.2277254976059382	1.2277254976059382	4.025023086465166
0.8585858585858587	1.2320156629678622	1.2320156629678622	4.025647209997843
0.8686868686868687	1.2363186074250454	1.2363186074250454	4.026279881170658
0.8787878787878789	1.2406337414152941	1.2406337414152941	4.026921139561883
0.888888888888889	1.2449604866561275	1.2449604866561275	4.027571025122147
0.8989898989898991	1.249298275928661	1.249298275928661	4.028229578170682
0.9090909090909092	1.253646552861695	1.253646552861695	4.02889683939149
0.9191919191919192	1.2580047717163918	1.2580047717163918	4.029572849829446
0.9292929292929294	1.2623723971718934	1.2623723971718934	4.030257650886308
0.9393939393939394	1.266748904112195	1.266748904112195	4.030951284316665
0.9494949494949496	1.271133777414569	1.271133777414569	4.031653792223796
0.9595959595959597	1.2755265117397936	1.2755265117397936	4.032365217055456
0.9696969696969697	1.27992661132443	1.27992661132443	4.033085601599576
0.9797979797979799	1.284333589775353	1.284333589775353	4.033814988979893
0.98989898989899	1.2887469698667227	1.2887469698667227	4.034553422651484
1.	1.2931662833395736	1.2931662833395736	4.035300946396234