1	0	0	0	1	0	0	0	1	
0.999989	1.15113e-06	0	7.63727e-08	0.991635	0	0	0	0.987537	
0.999978	4.51814e-06	0	3.00086e-07	0.98342	0	0	0	0.975371	
0.999967	1.00086e-05	0	6.64686e-07	0.975276	0	0	0	0.963358	
0.999957	1.7527e-05	0	1.16385e-06	0.967203	0	0	0	0.951497	
0.999946	2.69849e-05	0	1.79169e-06	0.9592	0	0	0	0.939785	
0.999935	3.83e-05	0	2.54276e-06	0.951266	0	0	0	0.92822	
0.999925	5.13954e-05	0	3.41195e-06	0.9434	0	0	0	0.916801	
0.999915	6.61988e-05	0	4.39447e-06	0.935603	0	0	0	0.905525	
0.999904	8.26427e-05	0	5.48583e-06	0.927873	0	0	0	0.89439	
0.999894	0.000100663	0	6.68179e-06	0.920209	0	0	0	0.883396	
0.999884	0.0001202	0	7.97836e-06	0.912611	0	0	0	0.872539	
0.999874	0.000141196	0	9.37173e-06	0.905078	0	0	0	0.861819	
0.999864	0.000163596	0	1.08583e-05	0.89761	0	0	0	0.851233	
0.999854	0.00018735	0	1.24347e-05	0.890206	0	0	0	0.840779	
0.999844	0.000212408	0	1.40976e-05	0.882866	0	0	0	0.830456	
0.999834	0.000238724	0	1.5844e-05	0.875588	0	0	0	0.820263	
0.999824	0.000266252	0	1.76708e-05	0.868373	0	0	0	0.810197	
0.999815	0.00029495	0	1.95751e-05	0.861219	0	0	0	0.800257	
0.999805	0.000324775	0	2.15544e-05	0.854126	0	0	0	0.790442	
0.999795	0.00035569	0	2.36059e-05	0.847093	0	0	0	0.780749	
0.999786	0.000387655	0	2.57271e-05	0.840121	0	0	0	0.771177	
0.999776	0.000420635	0	2.79155e-05	0.833208	0	0	0	0.761725	
0.999767	0.000454593	0	3.0169e-05	0.826354	0	0	0	0.752391	
0.999758	0.000489496	0	3.24851e-05	0.819558	0	0	0	0.743173	
0.999748	0.000525311	0	3.48617e-05	0.81282	0	0	0	0.73407	
0.999739	0.000562006	0	3.72967e-05	0.806139	0	0	0	0.725081	
0.99973	0.000599551	0	3.97881e-05	0.799514	0	0	0	0.716205	
0.999721	0.000637916	0	4.23339e-05	0.792946	0	0	0	0.707438	
0.999711	0.000677072	0	4.49322e-05	0.786434	0	0	0	0.698781	
0.999702	0.000716991	0	4.75812e-05	0.779977	0	0	0	0.690232	
0.999693	0.000757648	0	5.0279e-05	0.773574	0	0	0	0.68179	
0.999684	0.000799014	0	5.3024e-05	0.767226	0	0	0	0.673453	
0.999675	0.000841066	0	5.58144e-05	0.760931	0	0	0	0.665219	
0.999666	0.000883778	0	5.86486e-05	0.75469	0	0	0	0.657088	
0.999658	0.000927127	0	6.15251e-05	0.748501	0	0	0	0.649058	
0.999649	0.000971089	0	6.44423e-05	0.742365	0	0	0	0.641128	
0.99964	0.00101564	0	6.73987e-05	0.73628	0	0	0	0.633297	
0.999631	0.00106076	0	7.03928e-05	0.730247	0	0	0	0.625563	
0.999623	0.00110643	0	7.34233e-05	0.724265	0	0	0	0.617926	
0.999614	0.00115263	0	7.64888e-05	0.718332	0	0	0	0.610383	
0.999605	0.00119934	0	7.95879e-05	0.71245	0	0	0	0.602934	
0.999597	0.00124653	0	8.27193e-05	0.706618	0	0	0	0.595578	
0.999588	0.00129419	0	8.58818e-05	0.700834	0	0	0	0.588313	
0.99958	0.0013423	0	8.90742e-05	0.6951	0	0	0	0.581138	
0.999571	0.00139084	0	9.22953e-05	0.689413	0	0	0	0.574052	
0.999563	0.0014398	0	9.55438e-05	0.683774	0	0	0	0.567055	
0.999554	0.00148915	0	9.88187e-05	0.678183	0	0	0	0.560144	
0.999546	0.00153888	0	0.000102119	0.672638	0	0	0	0.553319	
0.999538	0.00158898	0	0.000105443	0.66714	0	0	0	0.546578	
0.999529	0.00163943	0	0.000108791	0.661688	0	0	0	0.539922	
0.999521	0.00169021	0	0.00011216	0.656282	0	0	0	0.533347	
0.999513	0.00174131	0	0.000115551	0.650921	0	0	0	0.526855	
0.999505	0.00179271	0	0.000118962	0.645605	0	0	0	0.520442	
0.999496	0.0018444	0	0.000122392	0.640334	0	0	0	0.514109	
0.999488	0.00189637	0	0.00012584	0.635107	0	0	0	0.507855	
0.99948	0.0019486	0	0.000129305	0.629923	0	0	0	0.501678	
0.999472	0.00200108	0	0.000132788	0.624783	0	0	0	0.495578	
0.999464	0.00205379	0	0.000136285	0.619686	0	0	0	0.489553	
0.999456	0.00210673	0	0.000139798	0.614631	0	0	0	0.483603	
0.999448	0.00215987	0	0.000143325	0.609619	0	0	0	0.477726	
0.99944	0.00221322	0	0.000146864	0.604648	0	0	0	0.471922	
0.999432	0.00226676	0	0.000150417	0.599719	0	0	0	0.46619	
0.999424	0.00232047	0	0.000153981	0.594832	0	0	0	0.460529	
0.999416	0.00237434	0	0.000157556	0.589985	0	0	0	0.454938	
0.999408	0.00242838	0	0.000161141	0.585178	0	0	0	0.449416	
0.9994	0.00248255	0	0.000164736	0.580411	0	0	0	0.443962	
0.999392	0.00253686	0	0.000168339	0.575684	0	0	0	0.438576	
0.999385	0.00259129	0	0.000171951	0.570997	0	0	0	0.433256	
0.999377	0.00264584	0	0.000175571	0.566348	0	0	0	0.428002	
0.999369	0.00270049	0	0.000179197	0.561739	0	0	0	0.422812	
0.999361	0.00275524	0	0.00018283	0.557167	0	0	0	0.417687	
0.999354	0.00281007	0	0.000186468	0.552634	0	0	0	0.412625	
0.999346	0.00286498	0	0.000190111	0.548138	0	0	0	0.407626	
0.999338	0.00291996	0	0.000193759	0.54368	0	0	0	0.402688	
0.999331	0.002975	0	0.000197412	0.539259	0	0	0	0.397812	
0.999323	0.00303009	0	0.000201067	0.534874	0	0	0	0.392995	
0.999315	0.00308522	0	0.000204726	0.530526	0	0	0	0.388238	
0.999308	0.0031404	0	0.000208386	0.526214	0	0	0	0.383539	
0.9993	0.0031956	0	0.000212049	0.521938	0	0	0	0.378899	
0.999293	0.00325082	0	0.000215714	0.517697	0	0	0	0.374315	
0.999285	0.00330606	0	0.000219379	0.513492	0	0	0	0.369789	
0.999278	0.0033613	0	0.000223045	0.509321	0	0	0	0.365317	
0.99927	0.00341655	0	0.00022671	0.505185	0	0	0	0.360901	
0.999263	0.00347179	0	0.000230376	0.501083	0	0	0	0.35654	
0.999255	0.00352701	0	0.00023404	0.497015	0	0	0	0.352232	
0.999248	0.00358222	0	0.000237703	0.492981	0	0	0	0.347977	
0.999241	0.0036374	0	0.000241365	0.488981	0	0	0	0.343775	
0.999233	0.00369256	0	0.000245024	0.485013	0	0	0	0.339624	
0.999226	0.00374767	0	0.000248682	0.481078	0	0	0	0.335524	
0.999218	0.00380274	0	0.000252336	0.477176	0	0	0	0.331475	
0.999211	0.00385777	0	0.000255987	0.473306	0	0	0	0.327475	
0.999204	0.00391274	0	0.000259634	0.469468	0	0	0	0.323525	
0.999197	0.00396765	0	0.000263278	0.465662	0	0	0	0.319623	
0.999189	0.00402249	0	0.000266917	0.461887	0	0	0	0.31577	
0.999182	0.00407727	0	0.000270552	0.458144	0	0	0	0.311963	
0.999175	0.00413198	0	0.000274182	0.454431	0	0	0	0.308204	
0.999168	0.0041866	0	0.000277806	0.450749	0	0	0	0.30449	
0.99916	0.00424115	0	0.000281426	0.447097	0	0	0	0.300823	
0.999153	0.0042956	0	0.000285039	0.443476	0	0	0	0.2972	
0.999146	0.00434996	0	0.000288646	0.439884	0	0	0	0.293622	
0.999139	0.00440423	0	0.000292247	0.436322	0	0	0	0.290087	
0.999132	0.0044584	0	0.000295841	0.43279	0	0	0	0.286596	
0.999124	0.00451246	0	0.000299428	0.429286	0	0	0	0.283148	
0.999117	0.00456641	0	0.000303008	0.425812	0	0	0	0.279743	
0.99911	0.00462025	0	0.000306581	0.422366	0	0	0	0.276379	
0.999103	0.00467398	0	0.000310146	0.418948	0	0	0	0.273056	
0.999096	0.00472758	0	0.000313703	0.415559	0	0	0	0.269774	
0.999089	0.00478107	0	0.000317251	0.412197	0	0	0	0.266532	
0.999082	0.00483442	0	0.000320792	0.408863	0	0	0	0.26333	
0.999075	0.00488765	0	0.000324324	0.405557	0	0	0	0.260167	
0.999068	0.00494075	0	0.000327847	0.402278	0	0	0	0.257043	
0.999061	0.0049937	0	0.000331361	0.399025	0	0	0	0.253957	
0.999054	0.00504652	0	0.000334865	0.3958	0	0	0	0.25091	
0.999047	0.0050992	0	0.000338361	0.392601	0	0	0	0.247899	
0.99904	0.00515173	0	0.000341846	0.389428	0	0	0	0.244925	
0.999033	0.00520412	0	0.000345322	0.386282	0	0	0	0.241988	
0.999026	0.00525635	0	0.000348788	0.383161	0	0	0	0.239086	
0.999019	0.00530844	0	0.000352244	0.380066	0	0	0	0.23622	
0.999012	0.00536036	0	0.00035569	0.376996	0	0	0	0.23339	
0.999005	0.00541213	0	0.000359125	0.373951	0	0	0	0.230593	
0.998998	0.00546374	0	0.000362549	0.370932	0	0	0	0.227831	
0.998991	0.00551519	0	0.000365963	0.367937	0	0	0	0.225103	
0.998985	0.00556647	0	0.000369366	0.364967	0	0	0	0.222408	
0.998978	0.00561759	0	0.000372757	0.362021	0	0	0	0.219746	
0.998971	0.00566854	0	0.000376138	0.3591	0	0	0	0.217117	
0.998964	0.00571931	0	0.000379507	0.356202	0	0	0	0.214519	
0.998957	0.00576992	0	0.000382865	0.353328	0	0	0	0.211954	
0.99895	0.00582035	0	0.000386211	0.350478	0	0	0	0.20942	
0.998943	0.0058706	0	0.000389546	0.34765	0	0	0	0.206916	
0.998937	0.00592068	0	0.000392868	0.344847	0	0	0	0.204443	
0.99893	0.00597057	0	0.000396179	0.342066	0	0	0	0.202001	
0.998923	0.00602029	0	0.000399478	0.339308	0	0	0	0.199588	
0.998916	0.00606982	0	0.000402765	0.336572	0	0	0	0.197205	
0.99891	0.00611917	0	0.000406039	0.333859	0	0	0	0.194851	
0.998903	0.00616833	0	0.000409301	0.331168	0	0	0	0.192525	
0.998896	0.00621731	0	0.000412551	0.328499	0	0	0	0.190228	
0.998889	0.00626609	0	0.000415788	0.325852	0	0	0	0.187959	
0.998883	0.00631469	0	0.000419012	0.323226	0	0	0	0.185717	
0.998876	0.00636309	0	0.000422224	0.320622	0	0	0	0.183503	
0.998869	0.00641131	0	0.000425423	0.31804	0	0	0	0.181316	
0.998862	0.00645933	0	0.00042861	0.315478	0	0	0	0.179155	
0.998856	0.00650716	0	0.000431783	0.312937	0	0	0	0.177021	
0.998849	0.00655479	0	0.000434943	0.310418	0	0	0	0.174913	
0.998842	0.00660222	0	0.000438091	0.307918	0	0	0	0.17283	
0.998836	0.00664946	0	0.000441225	0.305439	0	0	0	0.170773	
0.998829	0.0066965	0	0.000444346	0.302981	0	0	0	0.168741	
0.998822	0.00674334	0	0.000447454	0.300542	0	0	0	0.166733	
0.998816	0.00678998	0	0.000450549	0.298123	0	0	0	0.16475	
0.998809	0.00683642	0	0.000453631	0.295724	0	0	0	0.162791	
0.998802	0.00688266	0	0.000456699	0.293345	0	0	0	0.160856	
0.998796	0.00692869	0	0.000459753	0.290985	0	0	0	0.158944	
0.998789	0.00697453	0	0.000462795	0.288644	0	0	0	0.157056	
0.998783	0.00702016	0	0.000465822	0.286323	0	0	0	0.155191	
0.998776	0.00706559	0	0.000468837	0.28402	0	0	0	0.153348	
0.998769	0.00711081	0	0.000471837	0.281736	0	0	0	0.151527	
0.998763	0.00715583	0	0.000474824	0.279471	0	0	0	0.149729	
0.998756	0.00720064	0	0.000477798	0.277224	0	0	0	0.147953	
0.99875	0.00724525	0	0.000480758	0.274995	0	0	0	0.146198	
0.998743	0.00728965	0	0.000483704	0.272785	0	0	0	0.144464	
0.998737	0.00733384	0	0.000486636	0.270593	0	0	0	0.142752	
0.99873	0.00737783	0	0.000489555	0.268418	0	0	0	0.14106	
0.998723	0.00742161	0	0.00049246	0.266261	0	0	0	0.139389	
0.998717	0.00746519	0	0.000495351	0.264122	0	0	0	0.137738	
0.99871	0.00750855	0	0.000498229	0.262	0	0	0	0.136107	
0.998704	0.00755171	0	0.000501093	0.259896	0	0	0	0.134496	
0.998697	0.00759466	0	0.000503943	0.257808	0	0	0	0.132904	
0.998691	0.00763741	0	0.000506779	0.255738	0	0	0	0.131332	
0.998684	0.00767994	0	0.000509601	0.253684	0	0	0	0.129779	
0.998678	0.00772227	0	0.000512409	0.251647	0	0	0	0.128244	
0.998671	0.00776438	0	0.000515204	0.249627	0	0	0	0.126728	
0.998665	0.00780629	0	0.000517985	0.247623	0	0	0	0.125231	
0.998658	0.007848	0	0.000520752	0.245635	0	0	0	0.123751	
0.998652	0.00788949	0	0.000523505	0.243663	0	0	0	0.12229	
0.998645	0.00793077	0	0.000526245	0.241708	0	0	0	0.120846	
0.998639	0.00797185	0	0.00052897	0.239768	0	0	0	0.11942	
0.998633	0.00801272	0	0.000531682	0.237844	0	0	0	0.118011	
0.998626	0.00805338	0	0.00053438	0.235936	0	0	0	0.116618	
0.99862	0.00809383	0	0.000537064	0.234043	0	0	0	0.115243	
0.998613	0.00813407	0	0.000539734	0.232166	0	0	0	0.113885	
0.998607	0.00817411	0	0.000542391	0.230304	0	0	0	0.112542	
0.9986	0.00821394	0	0.000545033	0.228457	0	0	0	0.111217	
0.998594	0.00825356	0	0.000547662	0.226625	0	0	0	0.109907	
0.998588	0.00829298	0	0.000550278	0.224808	0	0	0	0.108612	
0.998581	0.00833218	0	0.000552879	0.223005	0	0	0	0.107334	
0.998575	0.00837118	0	0.000555467	0.221218	0	0	0	0.106071	
0.998568	0.00840998	0	0.000558041	0.219444	0	0	0	0.104823	
0.998562	0.00844857	0	0.000560602	0.217685	0	0	0	0.10359	
0.998556	0.00848695	0	0.000563148	0.215941	0	0	0	0.102372	
0.998549	0.00852513	0	0.000565682	0.21421	0	0	0	0.101169	
0.998543	0.0085631	0	0.000568201	0.212494	0	0	0	0.0999806	
0.998536	0.00860087	0	0.000570707	0.210791	0	0	0	0.0988063	
0.99853	0.00863843	0	0.0005732	0.209102	0	0	0	0.0976461	
0.998524	0.00867579	0	0.000575678	0.207427	0	0	0	0.0964999	
0.998517	0.00871295	0	0.000578144	0.205766	0	0	0	0.0953675	
0.998511	0.0087499	0	0.000580596	0.204118	0	0	0	0.0942488	
0.998505	0.00878665	0	0.000583034	0.202483	0	0	0	0.0931435	
0.998498	0.00882319	0	0.000585459	0.200861	0	0	0	0.0920515	
0.998492	0.00885954	0	0.000587871	0.199253	0	0	0	0.0909727	
0.998486	0.00889568	0	0.000590269	0.197658	0	0	0	0.0899069	
0.998479	0.00893163	0	0.000592654	0.196075	0	0	0	0.0888539	
0.998473	0.00896737	0	0.000595026	0.194506	0	0	0	0.0878135	
0.998467	0.00900291	0	0.000597384	0.192949	0	0	0	0.0867857	
0.99846	0.00903825	0	0.000599729	0.191405	0	0	0	0.0857703	
0.998454	0.0090734	0	0.000602061	0.189873	0	0	0	0.084767	
0.998448	0.00910834	0	0.00060438	0.188353	0	0	0	0.0837758	
0.998441	0.00914309	0	0.000606685	0.186846	0	0	0	0.0827965	
0.998435	0.00917764	0	0.000608978	0.185351	0	0	0	0.081829	
0.998429	0.009212	0	0.000611257	0.183868	0	0	0	0.0808732	
0.998422	0.00924615	0	0.000613524	0.182397	0	0	0	0.0799287	
0.998416	0.00928012	0	0.000615777	0.180938	0	0	0	0.0789957	
0.99841	0.00931388	0	0.000618018	0.179491	0	0	0	0.0780738	
0.998403	0.00934746	0	0.000620245	0.178056	0	0	0	0.077163	
0.998397	0.00938083	0	0.00062246	0.176632	0	0	0	0.0762631	
0.998391	0.00941402	0	0.000624662	0.175219	0	0	0	0.0753741	
0.998385	0.00944701	0	0.000626851	0.173818	0	0	0	0.0744957	
0.998378	0.00947981	0	0.000629028	0.172429	0	0	0	0.0736278	
0.998372	0.00951242	0	0.000631192	0.17105	0	0	0	0.0727703	
0.998366	0.00954484	0	0.000633343	0.169683	0	0	0	0.0719231	
0.99836	0.00957707	0	0.000635481	0.168327	0	0	0	0.0710861	
0.998353	0.00960911	0	0.000637607	0.166981	0	0	0	0.0702591	
0.998347	0.00964096	0	0.00063972	0.165647	0	0	0	0.069442	
0.998341	0.00967263	0	0.000641821	0.164323	0	0	0	0.0686346	
0.998335	0.0097041	0	0.00064391	0.16301	0	0	0	0.067837	
0.998328	0.00973539	0	0.000645986	0.161708	0	0	0	0.0670489	
0.998322	0.00976649	0	0.00064805	0.160416	0	0	0	0.0662702	
0.998316	0.00979741	0	0.000650101	0.159134	0	0	0	0.0655008	
0.99831	0.00982814	0	0.00065214	0.157863	0	0	0	0.0647407	
0.998303	0.00985869	0	0.000654167	0.156602	0	0	0	0.0639896	
0.998297	0.00988906	0	0.000656182	0.155351	0	0	0	0.0632475	
0.998291	0.00991924	0	0.000658185	0.154111	0	0	0	0.0625143	
0.998285	0.00994924	0	0.000660176	0.15288	0	0	0	0.0617899	
0.998278	0.00997907	0	0.000662154	0.151659	0	0	0	0.0610741	
0.998272	0.0100087	0	0.000664121	0.150448	0	0	0	0.0603668	
0.998266	0.0100382	0	0.000666076	0.149247	0	0	0	0.059668	
0.99826	0.0100674	0	0.000668019	0.148056	0	0	0	0.0589776	
0.998254	0.0100966	0	0.00066995	0.146874	0	0	0	0.0582953	
0.998247	0.0101255	0	0.000671869	0.145702	0	0	0	0.0576213	
0.998241	0.0101542	0	0.000673777	0.144539	0	0	0	0.0569552	
0.998235	0.0101828	0	0.000675673	0.143385	0	0	0	0.0562971	
0.998229	0.0102112	0	0.000677557	0.142241	0	0	0	0.0556469	
0.998223	0.0102394	0	0.00067943	0.141106	0	0	0	0.0550044	
0.998216	0.0102675	0	0.000681291	0.13998	0	0	0	0.0543696	
0.99821	0.0102954	0	0.000683141	0.138863	0	0	0	0.0537423	
0.998204	0.0103231	0	0.000684979	0.137755	0	0	0	0.0531225	
0.998198	0.0103506	0	0.000686806	0.136656	0	0	0	0.0525101	
0.998192	0.010378	0	0.000688622	0.135566	0	0	0	0.051905	
0.998185	0.0104051	0	0.000690426	0.134485	0	0	0	0.0513071	
0.998179	0.0104322	0	0.000692219	0.133413	0	0	0	0.0507163	
0.998173	0.010459	0	0.000694001	0.132349	0	0	0	0.0501325	
0.998167	0.0104857	0	0.000695772	0.131293	0	0	0	0.0495557	
0.998161	0.0105122	0	0.000697532	0.130246	0	0	0	0.0489857	
0.998155	0.0105386	0	0.000699281	0.129208	0	0	0	0.0484226	
0.998148	0.0105648	0	0.000701018	0.128178	0	0	0	0.0478661	
0.998142	0.0105908	0	0.000702745	0.127156	0	0	0	0.0473162	
0.998136	0.0106167	0	0.000704461	0.126142	0	0	0	0.0467729	
0.99813	0.0106424	0	0.000706166	0.125137	0	0	0	0.046236	
0.998124	0.0106679	0	0.000707861	0.124139	0	0	0	0.0457055	
0.998118	0.0106933	0	0.000709545	0.12315	0	0	0	0.0451812	
0.998111	0.0107185	0	0.000711218	0.122168	0	0	0	0.0446633	
0.998105	0.0107436	0	0.00071288	0.121195	0	0	0	0.0441514	
0.998099	0.0107684	0	0.000714532	0.120229	0	0	0	0.0436456	
0.998093	0.0107932	0	0.000716173	0.119271	0	0	0	0.0431459	
0.998087	0.0108178	0	0.000717804	0.118321	0	0	0	0.042652	
0.998081	0.0108422	0	0.000719425	0.117378	0	0	0	0.042164	
0.998075	0.0108665	0	0.000721035	0.116443	0	0	0	0.0416818	
0.998068	0.0108906	0	0.000722635	0.115516	0	0	0	0.0412053	
0.998062	0.0109145	0	0.000724225	0.114595	0	0	0	0.0407345	
0.998056	0.0109383	0	0.000725804	0.113683	0	0	0	0.0402692	
0.99805	0.010962	0	0.000727373	0.112777	0	0	0	0.0398095	
0.998044	0.0109855	0	0.000728933	0.111879	0	0	0	0.0393551	
0.998038	0.0110088	0	0.000730482	0.110988	0	0	0	0.0389062	
0.998032	0.011032	0	0.000732021	0.110105	0	0	0	0.0384626	
0.998025	0.0110551	0	0.00073355	0.109228	0	0	0	0.0380242	
0.998019	0.011078	0	0.00073507	0.108358	0	0	0	0.037591	
0.998013	0.0111007	0	0.000736579	0.107496	0	0	0	0.0371629	
0.998007	0.0111233	0	0.000738079	0.10664	0	0	0	0.0367399	
0.998001	0.0111458	0	0.000739569	0.105791	0	0	0	0.0363219	
0.997995	0.0111681	0	0.000741049	0.104949	0	0	0	0.0359088	
0.997989	0.0111903	0	0.00074252	0.104114	0	0	0	0.0355006	
0.997983	0.0112123	0	0.000743981	0.103285	0	0	0	0.0350972	
0.997977	0.0112342	0	0.000745433	0.102463	0	0	0	0.0346986	
0.99797	0.0112559	0	0.000746875	0.101648	0	0	0	0.0343046	
0.997964	0.0112775	0	0.000748308	0.100839	0	0	0	0.0339154	
0.997958	0.0112989	0	0.000749731	0.100037	0	0	0	0.0335307	
0.997952	0.0113202	0	0.000751145	0.0992407	0	0	0	0.0331505	
0.997946	0.0113414	0	0.00075255	0.0984511	0	0	0	0.0327749	
0.99794	0.0113624	0	0.000753945	0.097668	0	0	0	0.0324036	
0.997934	0.0113833	0	0.000755332	0.096891	0	0	0	0.0320368	
0.997928	0.0114041	0	0.000756709	0.0961203	0	0	0	0.0316742	
0.997922	0.0114247	0	0.000758077	0.0953558	0	0	0	0.0313159	
0.997916	0.0114452	0	0.000759436	0.0945974	0	0	0	0.0309619	
0.997909	0.0114655	0	0.000760786	0.0938451	0	0	0	0.030612	
0.997903	0.0114858	0	0.000762127	0.0930988	0	0	0	0.0302662	
0.997897	0.0115058	0	0.00076346	0.0923585	0	0	0	0.0299245	
0.997891	0.0115258	0	0.000764783	0.0916242	0	0	0	0.0295868	
0.997885	0.0115456	0	0.000766098	0.0908957	0	0	0	0.0292531	
0.997879	0.0115653	0	0.000767404	0.090173	0	0	0	0.0289233	
0.997873	0.0115848	0	0.000768701	0.0894561	0	0	0	0.0285974	
0.997867	0.0116043	0	0.00076999	0.088745	0	0	0	0.0282753	
0.997861	0.0116235	0	0.00077127	0.0880396	0	0	0	0.027957	
0.997855	0.0116427	0	0.000772542	0.0873398	0	0	0	0.0276424	
0.997849	0.0116617	0	0.000773805	0.0866456	0	0	0	0.0273315	
0.997842	0.0116807	0	0.00077506	0.085957	0	0	0	0.0270243	
0.997836	0.0116994	0	0.000776306	0.0852738	0	0	0	0.0267207	
0.99783	0.0117181	0	0.000777544	0.0845962	0	0	0	0.0264206	
0.997824	0.0117366	0	0.000778774	0.083924	0	0	0	0.0261241	
0.997818	0.011755	0	0.000779995	0.0832571	0	0	0	0.025831	
0.997812	0.0117733	0	0.000781208	0.0825956	0	0	0	0.0255413	
0.997806	0.0117915	0	0.000782413	0.0819394	0	0	0	0.0252551	
0.9978	0.0118095	0	0.00078361	0.0812884	0	0	0	0.0249722	
0.997794	0.0118274	0	0.000784799	0.0806426	0	0	0	0.0246926	
0.997788	0.0118452	0	0.00078598	0.0800021	0	0	0	0.0244163	
0.997782	0.0118629	0	0.000787153	0.0793666	0	0	0	0.0241432	
0.997776	0.0118805	0	0.000788318	0.0787362	0	0	0	0.0238733	
0.99777	0.0118979	0	0.000789475	0.0781108	0	0	0	0.0236066	
0.997764	0.0119152	0	0.000790625	0.0774905	0	0	0	0.023343	
0.997758	0.0119324	0	0.000791766	0.0768751	0	0	0	0.0230825	
0.997751	0.0119495	0	0.0007929	0.0762646	0	0	0	0.022825	
0.997745	0.0119665	0	0.000794026	0.0756591	0	0	0	0.0225705	
0.997739	0.0119834	0	0.000795145	0.0750583	0	0	0	0.022319	
0.997733	0.0120001	0	0.000796256	0.0744624	0	0	0	0.0220704	
0.997727	0.0120167	0	0.000797359	0.0738712	0	0	0	0.0218248	
0.997721	0.0120333	0	0.000798455	0.0732847	0	0	0	0.021582	
0.997715	0.0120497	0	0.000799544	0.072703	0	0	0	0.021342	
0.997709	0.0120659	0	0.000800625	0.0721259	0	0	0	0.0211048	
0.997703	0.0120821	0	0.000801698	0.0715534	0	0	0	0.0208704	
0.997697	0.0120982	0	0.000802765	0.0709854	0	0	0	0.0206387	
0.997691	0.0121142	0	0.000803824	0.070422	0	0	0	0.0204097	
0.997685	0.01213	0	0.000804876	0.0698631	0	0	0	0.0201834	
0.997679	0.0121458	0	0.00080592	0.0693087	0	0	0	0.0199598	
0.997673	0.0121614	0	0.000806958	0.0687587	0	0	0	0.0197387	
0.997667	0.0121769	0	0.000807988	0.0682131	0	0	0	0.0195202	
0.997661	0.0121923	0	0.000809011	0.0676719	0	0	0	0.0193042	
0.997655	0.0122077	0	0.000810028	0.0671349	0	0	0	0.0190908	
0.997649	0.0122229	0	0.000811037	0.0666023	0	0	0	0.0188798	
0.997643	0.012238	0	0.00081204	0.0660739	0	0	0	0.0186713	
0.997637	0.012253	0	0.000813035	0.0655497	0	0	0	0.0184652	
0.997631	0.0122679	0	0.000814024	0.0650298	0	0	0	0.0182615	
0.997624	0.0122827	0	0.000815006	0.0645139	0	0	0	0.0180602	
0.997618	0.0122974	0	0.000815981	0.0640022	0	0	0	0.0178612	
0.997612	0.012312	0	0.000816949	0.0634946	0	0	0	0.0176645	
0.997606	0.0123265	0	0.000817911	0.062991	0	0	0	0.0174701	
0.9976	0.0123409	0	0.000818866	0.0624915	0	0	0	0.0172779	
0.997594	0.0123552	0	0.000819815	0.0619959	0	0	0	0.017088	
0.997588	0.0123694	0	0.000820757	0.0615043	0	0	0	0.0169003	
0.997582	0.0123835	0	0.000821692	0.0610166	0	0	0	0.0167147	
0.997576	0.0123975	0	0.000822621	0.0605328	0	0	0	0.0165314	
0.99757	0.0124114	0	0.000823544	0.0600528	0	0	0	0.0163501	
0.997564	0.0124252	0	0.00082446	0.0595767	0	0	0	0.0161709	
0.997558	0.0124389	0	0.00082537	0.0591044	0	0	0	0.0159938	
0.997552	0.0124525	0	0.000826273	0.0586359	0	0	0	0.0158188	
0.997546	0.012466	0	0.00082717	0.058171	0	0	0	0.0156457	
0.99754	0.0124794	0	0.000828061	0.0577099	0	0	0	0.0154747	
0.997534	0.0124928	0	0.000828946	0.0572525	0	0	0	0.0153056	
0.997528	0.012506	0	0.000829825	0.0567987	0	0	0	0.0151386	
0.997522	0.0125192	0	0.000830697	0.0563486	0	0	0	0.0149734	
0.997516	0.0125322	0	0.000831564	0.055902	0	0	0	0.0148101	
0.99751	0.0125452	0	0.000832424	0.055459	0	0	0	0.0146487	
0.997504	0.0125581	0	0.000833279	0.0550195	0	0	0	0.0144892	
0.997498	0.0125709	0	0.000834127	0.0545835	0	0	0	0.0143316	
0.997492	0.0125836	0	0.00083497	0.0541511	0	0	0	0.0141757	
0.997486	0.0125962	0	0.000835806	0.053722	0	0	0	0.0140217	
0.99748	0.0126087	0	0.000836637	0.0532964	0	0	0	0.0138694	
0.997474	0.0126211	0	0.000837462	0.0528741	0	0	0	0.0137188	
0.997468	0.0126335	0	0.000838281	0.0524553	0	0	0	0.01357	
0.997462	0.0126457	0	0.000839095	0.0520397	0	0	0	0.013423	
0.997456	0.0126579	0	0.000839903	0.0516275	0	0	0	0.0132776	
0.99745	0.01267	0	0.000840705	0.0512186	0	0	0	0.0131339	
0.997444	0.012682	0	0.000841501	0.0508129	0	0	0	0.0129918	
0.997438	0.0126939	0	0.000842292	0.0504104	0	0	0	0.0128514	
0.997432	0.0127058	0	0.000843078	0.0500112	0	0	0	0.0127126	
0.997426	0.0127175	0	0.000843858	0.0496151	0	0	0	0.0125753	
0.99742	0.0127292	0	0.000844632	0.0492222	0	0	0	0.0124397	
0.997414	0.0127408	0	0.000845401	0.0488324	0	0	0	0.0123056	
0.997408	0.0127523	0	0.000846164	0.0484458	0	0	0	0.0121731	
0.997402	0.0127637	0	0.000846923	0.0480622	0	0	0	0.0120421	
0.997396	0.0127751	0	0.000847675	0.0476816	0	0	0	0.0119125	
0.99739	0.0127863	0	0.000848423	0.0473041	0	0	0	0.0117845	
0.997384	0.0127975	0	0.000849165	0.0469296	0	0	0	0.0116579	
0.997378	0.0128086	0	0.000849902	0.0465581	0	0	0	0.0115328	
0.997372	0.0128196	0	0.000850634	0.0461895	0	0	0	0.0114091	
0.997366	0.0128306	0	0.000851361	0.0458239	0	0	0	0.0112869	
0.99736	0.0128415	0	0.000852082	0.0454612	0	0	0	0.011166	
0.997354	0.0128523	0	0.000852799	0.0451013	0	0	0	0.0110465	
0.997348	0.012863	0	0.00085351	0.0447444	0	0	0	0.0109284	
0.997342	0.0128736	0	0.000854216	0.0443903	0	0	0	0.0108116	
0.997336	0.0128842	0	0.000854918	0.0440389	0	0	0	0.0106962	
0.99733	0.0128947	0	0.000855614	0.0436904	0	0	0	0.0105821	
0.997324	0.0129051	0	0.000856306	0.0433447	0	0	0	0.0104693	
0.997318	0.0129155	0	0.000856992	0.0430017	0	0	0	0.0103578	
0.997312	0.0129257	0	0.000857674	0.0426615	0	0	0	0.0102475	
0.997306	0.0129359	0	0.000858351	0.0423239	0	0	0	0.0101385	
0.9973	0.0129461	0	0.000859023	0.041989	0	0	0	0.0100308	
0.997294	0.0129561	0	0.00085969	0.0416568	0	0	0	0.0099243	
0.997288	0.0129661	0	0.000860352	0.0413273	0	0	0	0.009819	
0.997282	0.012976	0	0.00086101	0.0410004	0	0	0	0.0097149	
0.997276	0.0129859	0	0.000861663	0.040676	0	0	0	0.00961199	
0.99727	0.0129956	0	0.000862312	0.0403543	0	0	0	0.00951025	
0.997264	0.0130053	0	0.000862956	0.0400351	0	0	0	0.00940967	
0.997258	0.013015	0	0.000863595	0.0397184	0	0	0	0.00931024	
0.997252	0.0130245	0	0.00086423	0.0394043	0	0	0	0.00921194	
0.997246	0.013034	0	0.00086486	0.0390926	0	0	0	0.00911475	
0.99724	0.0130435	0	0.000865486	0.0387835	0	0	0	0.00901867	
0.997234	0.0130528	0	0.000866107	0.0384768	0	0	0	0.00892369	
0.997228	0.0130621	0	0.000866724	0.0381725	0	0	0	0.00882978	
0.997222	0.0130714	0	0.000867336	0.0378707	0	0	0	0.00873694	
0.997216	0.0130805	0	0.000867944	0.0375712	0	0	0	0.00864515	
0.99721	0.0130896	0	0.000868548	0.0372741	0	0	0	0.00855441	
0.997204	0.0130987	0	0.000869147	0.0369794	0	0	0	0.00846469	
0.997198	0.0131076	0	0.000869742	0.0366871	0	0	0	0.008376	
0.997192	0.0131165	0	0.000870333	0.036397	0	0	0	0.00828831	
0.997186	0.0131254	0	0.00087092	0.0361093	0	0	0	0.00820161	
0.99718	0.0131341	0	0.000871502	0.0358239	0	0	0	0.0081159	
0.997174	0.0131429	0	0.000872081	0.0355407	0	0	0	0.00803116	
0.997168	0.0131515	0	0.000872655	0.0352598	0	0	0	0.00794737	
0.997162	0.0131601	0	0.000873225	0.0349811	0	0	0	0.00786454	
0.997156	0.0131686	0	0.000873791	0.0347046	0	0	0	0.00778264	
0.99715	0.0131771	0	0.000874353	0.0344303	0	0	0	0.00770167	
0.997144	0.0131855	0	0.00087491	0.0341582	0	0	0	0.00762162	
0.997138	0.0131939	0	0.000875464	0.0338883	0	0	0	0.00754247	
0.997132	0.0132021	0	0.000876014	0.0336205	0	0	0	0.00746421	
0.997126	0.0132104	0	0.00087656	0.0333548	0	0	0	0.00738684	
0.99712	0.0132185	0	0.000877102	0.0330912	0	0	0	0.00731034	
0.997114	0.0132266	0	0.00087764	0.0328298	0	0	0	0.00723471	
0.997108	0.0132347	0	0.000878174	0.0325704	0	0	0	0.00715993	
0.997102	0.0132427	0	0.000878705	0.032313	0	0	0	0.007086	
0.997096	0.0132506	0	0.000879231	0.0320578	0	0	0	0.00701289	
0.99709	0.0132585	0	0.000879754	0.0318045	0	0	0	0.00694061	
0.997084	0.0132663	0	0.000880273	0.0315533	0	0	0	0.00686915	
0.997078	0.0132741	0	0.000880788	0.031304	0	0	0	0.00679849	
0.997072	0.0132818	0	0.0008813	0.0310567	0	0	0	0.00672863	
0.997066	0.0132895	0	0.000881807	0.0308114	0	0	0	0.00665955	
0.99706	0.0132971	0	0.000882312	0.0305681	0	0	0	0.00659125	
0.997054	0.0133046	0	0.000882812	0.0303266	0	0	0	0.00652372	
0.997048	0.0133121	0	0.000883309	0.0300871	0	0	0	0.00645695	
0.997042	0.0133195	0	0.000883803	0.0298495	0	0	0	0.00639093	
0.997036	0.0133269	0	0.000884292	0.0296138	0	0	0	0.00632565	
0.99703	0.0133342	0	0.000884779	0.0293799	0	0	0	0.00626111	
0.997024	0.0133415	0	0.000885261	0.0291479	0	0	0	0.00619728	
0.997018	0.0133487	0	0.000885741	0.0289178	0	0	0	0.00613418	
0.997013	0.0133559	0	0.000886216	0.0286895	0	0	0	0.00607178	
0.997007	0.013363	0	0.000886689	0.0284629	0	0	0	0.00601009	
0.997001	0.0133701	0	0.000887158	0.0282382	0	0	0	0.00594908	
0.996995	0.0133771	0	0.000887623	0.0280153	0	0	0	0.00588876	
0.996989	0.0133841	0	0.000888085	0.0277941	0	0	0	0.00582912	
0.996983	0.013391	0	0.000888544	0.0275747	0	0	0	0.00577014	
0.996977	0.0133979	0	0.000889	0.027357	0	0	0	0.00571182	
0.996971	0.0134047	0	0.000889452	0.0271411	0	0	0	0.00565416	
0.996965	0.0134114	0	0.000889901	0.0269269	0	0	0	0.00559714	
0.996959	0.0134181	0	0.000890346	0.0267143	0	0	0	0.00554076	
0.996953	0.0134248	0	0.000890789	0.0265035	0	0	0	0.00548501	
0.996947	0.0134314	0	0.000891228	0.0262943	0	0	0	0.00542988	
0.996941	0.013438	0	0.000891664	0.0260868	0	0	0	0.00537537	
0.996935	0.0134445	0	0.000892097	0.025881	0	0	0	0.00532146	
0.996929	0.013451	0	0.000892527	0.0256767	0	0	0	0.00526816	
0.996923	0.0134574	0	0.000892953	0.0254741	0	0	0	0.00521546	
0.996917	0.0134638	0	0.000893377	0.0252731	0	0	0	0.00516334	
0.996911	0.0134702	0	0.000893797	0.0250737	0	0	0	0.0051118	
0.996905	0.0134764	0	0.000894214	0.0248759	0	0	0	0.00506084	
0.996899	0.0134827	0	0.000894629	0.0246796	0	0	0	0.00501044	
0.996893	0.0134889	0	0.00089504	0.0244849	0	0	0	0.00496061	
0.996887	0.013495	0	0.000895448	0.0242917	0	0	0	0.00491133	
0.996881	0.0135011	0	0.000895854	0.0241001	0	0	0	0.0048626	
0.996875	0.0135072	0	0.000896256	0.02391	0	0	0	0.00481441	
0.996869	0.0135132	0	0.000896656	0.0237214	0	0	0	0.00476676	
0.996863	0.0135192	0	0.000897052	0.0235343	0	0	0	0.00471964	
0.996857	0.0135251	0	0.000897446	0.0233487	0	0	0	0.00467304	
0.996851	0.013531	0	0.000897837	0.0231645	0	0	0	0.00462696	
0.996845	0.0135369	0	0.000898224	0.0229818	0	0	0	0.00458139	
0.996839	0.0135427	0	0.00089861	0.0228006	0	0	0	0.00453633	
0.996833	0.0135484	0	0.000898992	0.0226208	0	0	0	0.00449177	
0.996828	0.0135542	0	0.000899371	0.0224424	0	0	0	0.0044477	
0.996822	0.0135598	0	0.000899748	0.0222654	0	0	0	0.00440412	
0.996816	0.0135655	0	0.000900122	0.0220898	0	0	0	0.00436103	
0.99681	0.0135711	0	0.000900493	0.0219157	0	0	0	0.00431841	
0.996804	0.0135766	0	0.000900862	0.0217429	0	0	0	0.00427626	
0.996798	0.0135821	0	0.000901228	0.0215714	0	0	0	0.00423458	
0.996792	0.0135876	0	0.000901591	0.0214014	0	0	0	0.00419337	
0.996786	0.013593	0	0.000901951	0.0212327	0	0	0	0.00415261	
0.99678	0.0135984	0	0.000902309	0.0210653	0	0	0	0.00411229	
0.996774	0.0136038	0	0.000902664	0.0208992	0	0	0	0.00407243	
0.996768	0.0136091	0	0.000903017	0.0207345	0	0	0	0.00403301	
0.996762	0.0136144	0	0.000903367	0.020571	0	0	0	0.00399402	
0.996756	0.0136196	0	0.000903715	0.0204089	0	0	0	0.00395546	
0.99675	0.0136248	0	0.00090406	0.020248	0	0	0	0.00391733	
0.996744	0.01363	0	0.000904402	0.0200885	0	0	0	0.00387962	
0.996738	0.0136351	0	0.000904742	0.0199301	0	0	0	0.00384232	
0.996732	0.0136402	0	0.00090508	0.0197731	0	0	0	0.00380544	
0.996726	0.0136452	0	0.000905415	0.0196173	0	0	0	0.00376896	
0.99672	0.0136503	0	0.000905747	0.0194627	0	0	0	0.00373289	
0.996714	0.0136552	0	0.000906077	0.0193093	0	0	0	0.00369721	
0.996708	0.0136602	0	0.000906405	0.0191572	0	0	0	0.00366193	
0.996702	0.0136651	0	0.00090673	0.0190062	0	0	0	0.00362703	
0.996696	0.0136699	0	0.000907053	0.0188565	0	0	0	0.00359252	
0.99669	0.0136748	0	0.000907373	0.0187079	0	0	0	0.00355839	
0.996685	0.0136796	0	0.000907691	0.0185605	0	0	0	0.00352464	
0.996679	0.0136843	0	0.000908007	0.0184143	0	0	0	0.00349125	
0.996673	0.013689	0	0.000908321	0.0182693	0	0	0	0.00345823	
0.996667	0.0136937	0	0.000908632	0.0181253	0	0	0	0.00342558	
0.996661	0.0136984	0	0.000908941	0.0179826	0	0	0	0.00339328	
0.996655	0.013703	0	0.000909247	0.0178409	0	0	0	0.00336134	
0.996649	0.0137076	0	0.000909552	0.0177004	0	0	0	0.00332975	
0.996643	0.0137121	0	0.000909854	0.017561	0	0	0	0.00329851	
0.996637	0.0137167	0	0.000910154	0.0174227	0	0	0	0.00326761	
0.996631	0.0137212	0	0.000910452	0.0172855	0	0	0	0.00323705	
0.996625	0.0137256	0	0.000910747	0.0171494	0	0	0	0.00320682	
0.996619	0.01373	0	0.00091104	0.0170143	0	0	0	0.00317693	
0.996613	0.0137344	0	0.000911332	0.0168803	0	0	0	0.00314736	
0.996607	0.0137388	0	0.000911621	0.0167474	0	0	0	0.00311811	
0.996601	0.0137431	0	0.000911907	0.0166156	0	0	0	0.00308919	
0.996595	0.0137474	0	0.000912192	0.0164847	0	0	0	0.00306058	
0.996589	0.0137516	0	0.000912475	0.016355	0	0	0	0.00303229	
0.996583	0.0137559	0	0.000912756	0.0162262	0	0	0	0.0030043	
0.996577	0.0137601	0	0.000913034	0.0160985	0	0	0	0.00297663	
0.996571	0.0137642	0	0.000913311	0.0159717	0	0	0	0.00294925	
0.996565	0.0137684	0	0.000913585	0.015846	0	0	0	0.00292217	
0.99656	0.0137725	0	0.000913857	0.0157213	0	0	0	0.00289539	
0.996554	0.0137766	0	0.000914128	0.0155975	0	0	0	0.0028689	
0.996548	0.0137806	0	0.000914396	0.0154748	0	0	0	0.0028427	
0.996542	0.0137846	0	0.000914663	0.015353	0	0	0	0.00281679	
0.996536	0.0137886	0	0.000914927	0.0152321	0	0	0	0.00279116	
0.99653	0.0137926	0	0.00091519	0.0151123	0	0	0	0.00276581	
0.996524	0.0137965	0	0.00091545	0.0149933	0	0	0	0.00274074	
0.996518	0.0138004	0	0.000915709	0.0148754	0	0	0	0.00271593	
0.996512	0.0138043	0	0.000915966	0.0147583	0	0	0	0.0026914	
0.996506	0.0138081	0	0.00091622	0.0146422	0	0	0	0.00266714	
0.9965	0.0138119	0	0.000916473	0.014527	0	0	0	0.00264314	
0.996494	0.0138157	0	0.000916725	0.0144127	0	0	0	0.0026194	
0.996488	0.0138195	0	0.000916974	0.0142993	0	0	0	0.00259592	
0.996482	0.0138232	0	0.000917221	0.0141868	0	0	0	0.0025727	
0.996476	0.0138269	0	0.000917467	0.0140752	0	0	0	0.00254973	
0.99647	0.0138306	0	0.00091771	0.0139645	0	0	0	0.00252701	
0.996464	0.0138342	0	0.000917952	0.0138546	0	0	0	0.00250453	
0.996458	0.0138378	0	0.000918193	0.0137456	0	0	0	0.0024823	
0.996452	0.0138414	0	0.000918431	0.0136375	0	0	0	0.00246032	
0.996446	0.013845	0	0.000918668	0.0135303	0	0	0	0.00243857	
0.996441	0.0138485	0	0.000918902	0.0134238	0	0	0	0.00241705	
0.996435	0.013852	0	0.000919136	0.0133183	0	0	0	0.00239578	
0.996429	0.0138555	0	0.000919367	0.0132135	0	0	0	0.00237473	
0.996423	0.013859	0	0.000919597	0.0131096	0	0	0	0.00235391	
0.996417	0.0138624	0	0.000919825	0.0130065	0	0	0	0.00233331	
0.996411	0.0138658	0	0.000920051	0.0129043	0	0	0	0.00231294	
0.996405	0.0138692	0	0.000920275	0.0128028	0	0	0	0.00229279	
0.996399	0.0138726	0	0.000920498	0.0127021	0	0	0	0.00227286	
0.996393	0.0138759	0	0.00092072	0.0126023	0	0	0	0.00225315	
0.996387	0.0138792	0	0.000920939	0.0125032	0	0	0	0.00223365	
0.996381	0.0138825	0	0.000921157	0.0124049	0	0	0	0.00221436	
0.996375	0.0138858	0	0.000921374	0.0123074	0	0	0	0.00219528	
0.996369	0.013889	0	0.000921589	0.0122106	0	0	0	0.00217641	
0.996363	0.0138922	0	0.000921802	0.0121146	0	0	0	0.00215774	
0.996357	0.0138954	0	0.000922013	0.0120194	0	0	0	0.00213927	
0.996351	0.0138986	0	0.000922223	0.011925	0	0	0	0.002121	
0.996345	0.0139017	0	0.000922432	0.0118312	0	0	0	0.00210293	
0.996339	0.0139048	0	0.000922639	0.0117382	0	0	0	0.00208506	
0.996334	0.0139079	0	0.000922844	0.011646	0	0	0	0.00206738	
0.996328	0.013911	0	0.000923048	0.0115545	0	0	0	0.00204989	
0.996322	0.013914	0	0.000923251	0.0114637	0	0	0	0.00203259	
0.996316	0.0139171	0	0.000923451	0.0113736	0	0	0	0.00201548	
0.99631	0.0139201	0	0.000923651	0.0112842	0	0	0	0.00199855	
0.996304	0.0139231	0	0.000923849	0.0111956	0	0	0	0.00198181	
0.996298	0.013926	0	0.000924045	0.0111076	0	0	0	0.00196524	
0.996292	0.013929	0	0.00092424	0.0110203	0	0	0	0.00194886	
0.996286	0.0139319	0	0.000924434	0.0109338	0	0	0	0.00193265	
0.99628	0.0139348	0	0.000924626	0.0108479	0	0	0	0.00191662	
0.996274	0.0139376	0	0.000924816	0.0107627	0	0	0	0.00190076	
0.996268	0.0139405	0	0.000925006	0.0106781	0	0	0	0.00188507	
0.996262	0.0139433	0	0.000925193	0.0105943	0	0	0	0.00186956	
0.996256	0.0139461	0	0.00092538	0.010511	0	0	0	0.00185421	
0.99625	0.0139489	0	0.000925565	0.0104285	0	0	0	0.00183902	
0.996244	0.0139517	0	0.000925749	0.0103466	0	0	0	0.001824	
0.996238	0.0139544	0	0.000925931	0.0102653	0	0	0	0.00180915	
0.996233	0.0139572	0	0.000926112	0.0101847	0	0	0	0.00179445	
0.996227	0.0139599	0	0.000926291	0.0101047	0	0	0	0.00177991	
0.996221	0.0139626	0	0.00092647	0.0100254	0	0	0	0.00176553	
0.996215	0.0139652	0	0.000926647	0.00994669	0	0	0	0.0017513	
0.996209	0.0139679	0	0.000926822	0.00986859	0	0	0	0.00173723	
0.996203	0.0139705	0	0.000926996	0.00979111	0	0	0	0.00172331	
0.996197	0.0139731	0	0.00092717	0.00971425	0	0	0	0.00170954	
0.996191	0.0139757	0	0.000927341	0.00963799	0	0	0	0.00169592	
0.996185	0.0139783	0	0.000927512	0.00956233	0	0	0	0.00168245	
0.996179	0.0139808	0	0.000927681	0.00948727	0	0	0	0.00166912	
0.996173	0.0139833	0	0.000927849	0.0094128	0	0	0	0.00165593	
0.996167	0.0139859	0	0.000928015	0.00933893	0	0	0	0.00164289	
0.996161	0.0139884	0	0.000928181	0.00926563	0	0	0	0.00162999	
0.996155	0.0139908	0	0.000928345	0.00919291	0	0	0	0.00161723	
0.996149	0.0139933	0	0.000928508	0.00912077	0	0	0	0.00160461	
0.996143	0.0139957	0	0.00092867	0.0090492	0	0	0	0.00159212	
0.996138	0.0139981	0	0.00092883	0.00897819	0	0	0	0.00157977	
0.996132	0.0140005	0	0.00092899	0.00890774	0	0	0	0.00156755	
0.996126	0.0140029	0	0.000929148	0.00883785	0	0	0	0.00155547	
0.99612	0.0140053	0	0.000929305	0.00876851	0	0	0	0.00154351	
0.996114	0.0140076	0	0.000929461	0.00869972	0	0	0	0.00153169	
0.996108	0.01401	0	0.000929615	0.00863147	0	0	0	0.00151999	
0.996102	0.0140123	0	0.000929769	0.00856376	0	0	0	0.00150842	
0.996096	0.0140146	0	0.000929921	0.00849658	0	0	0	0.00149697	
0.99609	0.0140169	0	0.000930072	0.00842994	0	0	0	0.00148565	
0.996084	0.0140191	0	0.000930222	0.00836382	0	0	0	0.00147445	
0.996078	0.0140214	0	0.000930371	0.00829822	0	0	0	0.00146337	
0.996072	0.0140236	0	0.000930519	0.00823314	0	0	0	0.00145242	
0.996066	0.0140258	0	0.000930666	0.00816857	0	0	0	0.00144158	
0.99606	0.014028	0	0.000930812	0.00810451	0	0	0	0.00143086	
0.996054	0.0140302	0	0.000930956	0.00804096	0	0	0	0.00142025	
0.996048	0.0140323	0	0.0009311	0.00797791	0	0	0	0.00140976	
0.996043	0.0140345	0	0.000931242	0.00791536	0	0	0	0.00139939	
0.996037	0.0140366	0	0.000931383	0.0078533	0	0	0	0.00138913	
0.996031	0.0140387	0	0.000931524	0.00779173	0	0	0	0.00137898	
0.996025	0.0140408	0	0.000931663	0.00773065	0	0	0	0.00136894	
0.996019	0.0140429	0	0.000931801	0.00767005	0	0	0	0.00135901	
0.996013	0.014045	0	0.000931938	0.00760993	0	0	0	0.00134918	
0.996007	0.014047	0	0.000932075	0.00755028	0	0	0	0.00133947	
0.996001	0.0140491	0	0.00093221	0.0074911	0	0	0	0.00132986	
0.995995	0.0140511	0	0.000932344	0.00743239	0	0	0	0.00132035	
0.995989	0.0140531	0	0.000932477	0.00737415	0	0	0	0.00131095	
0.995983	0.0140551	0	0.000932609	0.00731636	0	0	0	0.00130165	
0.995977	0.0140571	0	0.00093274	0.00725903	0	0	0	0.00129246	
0.995971	0.014059	0	0.000932871	0.00720215	0	0	0	0.00128336	
0.995965	0.014061	0	0.000933	0.00714572	0	0	0	0.00127437	
0.995959	0.0140629	0	0.000933128	0.00708973	0	0	0	0.00126547	
0.995954	0.0140648	0	0.000933255	0.00703419	0	0	0	0.00125667	
0.995948	0.0140667	0	0.000933382	0.00697908	0	0	0	0.00124797	
0.995942	0.0140686	0	0.000933507	0.00692441	0	0	0	0.00123936	
0.995936	0.0140705	0	0.000933632	0.00687017	0	0	0	0.00123085	
0.99593	0.0140724	0	0.000933755	0.00681636	0	0	0	0.00122243	
0.995924	0.0140742	0	0.000933878	0.00676297	0	0	0	0.0012141	
0.995918	0.014076	0	0.000933999	0.00671001	0	0	0	0.00120587	
0.995912	0.0140779	0	0.00093412	0.00665746	0	0	0	0.00119773	
0.995906	0.0140797	0	0.00093424	0.00660532	0	0	0	0.00118967	
0.9959	0.0140815	0	0.000934359	0.0065536	0	0	0	0.00118171	
0.995894	0.0140832	0	0.000934477	0.00650229	0	0	0	0.00117384	
0.995888	0.014085	0	0.000934594	0.00645138	0	0	0	0.00116605	
0.995882	0.0140868	0	0.000934711	0.00640087	0	0	0	0.00115835	
0.995876	0.0140885	0	0.000934826	0.00635076	0	0	0	0.00115073	
0.99587	0.0140902	0	0.000934941	0.00630104	0	0	0	0.0011432	
0.995865	0.014092	0	0.000935055	0.00625172	0	0	0	0.00113576	
0.995859	0.0140937	0	0.000935168	0.00620279	0	0	0	0.0011284	
0.995853	0.0140953	0	0.00093528	0.00615424	0	0	0	0.00112112	
0.995847	0.014097	0	0.000935391	0.00610608	0	0	0	0.00111392	
0.995841	0.0140987	0	0.000935501	0.00605829	0	0	0	0.0011068	
0.995835	0.0141003	0	0.000935611	0.00601088	0	0	0	0.00109977	
0.995829	0.014102	0	0.00093572	0.00596385	0	0	0	0.00109281	
0.995823	0.0141036	0	0.000935828	0.00591719	0	0	0	0.00108593	
0.995817	0.0141052	0	0.000935935	0.00587089	0	0	0	0.00107913	
0.995811	0.0141068	0	0.000936041	0.00582496	0	0	0	0.00107241	
0.995805	0.0141084	0	0.000936147	0.00577939	0	0	0	0.00106576	
0.995799	0.01411	0	0.000936252	0.00573419	0	0	0	0.00105919	
0.995793	0.0141116	0	0.000936356	0.00568933	0	0	0	0.0010527	
0.995787	0.0141131	0	0.000936459	0.00564484	0	0	0	0.00104628	
0.995782	0.0141147	0	0.000936562	0.00560069	0	0	0	0.00103993	
0.995776	0.0141162	0	0.000936663	0.00555689	0	0	0	0.00103366	
0.99577	0.0141177	0	0.000936764	0.00551344	0	0	0	0.00102746	
0.995764	0.0141192	0	0.000936864	0.00547033	0	0	0	0.00102133	
0.995758	0.0141207	0	0.000936964	0.00542755	0	0	0	0.00101527	
0.995752	0.0141222	0	0.000937063	0.00538512	0	0	0	0.00100929	
0.995746	0.0141237	0	0.000937161	0.00534302	0	0	0	0.00100337	
0.99574	0.0141252	0	0.000937258	0.00530125	0	0	0	0.000997526	
0.995734	0.0141266	0	0.000937354	0.00525982	0	0	0	0.000991749	
0.995728	0.0141281	0	0.00093745	0.0052187	0	0	0	0.000986041	
0.995722	0.0141295	0	0.000937545	0.00517792	0	0	0	0.0009804	
0.995716	0.0141309	0	0.00093764	0.00513745	0	0	0	0.000974828	
0.99571	0.0141323	0	0.000937734	0.00509731	0	0	0	0.000969322	
0.995704	0.0141337	0	0.000937827	0.00505748	0	0	0	0.000963882	
0.995699	0.0141351	0	0.000937919	0.00501796	0	0	0	0.000958509	
0.995693	0.0141365	0	0.000938011	0.00497876	0	0	0	0.000953201	
0.995687	0.0141379	0	0.000938102	0.00493986	0	0	0	0.000947958	
0.995681	0.0141392	0	0.000938192	0.00490127	0	0	0	0.00094278	
0.995675	0.0141406	0	0.000938282	0.00486299	0	0	0	0.000937666	
0.995669	0.0141419	0	0.000938371	0.00482501	0	0	0	0.000932615	
0.995663	0.0141433	0	0.000938459	0.00478732	0	0	0	0.000927628	
0.995657	0.0141446	0	0.000938547	0.00474994	0	0	0	0.000922703	
0.995651	0.0141459	0	0.000938634	0.00471285	0	0	0	0.000917842	
0.995645	0.0141472	0	0.00093872	0.00467605	0	0	0	0.000913042	
0.995639	0.0141485	0	0.000938806	0.00463954	0	0	0	0.000908304	
0.995633	0.0141498	0	0.000938891	0.00460332	0	0	0	0.000903628	
0.995627	0.014151	0	0.000938975	0.00456739	0	0	0	0.000899013	
0.995622	0.0141523	0	0.000939059	0.00453174	0	0	0	0.000894459	
0.995616	0.0141536	0	0.000939143	0.00449637	0	0	0	0.000889965	
0.99561	0.0141548	0	0.000939225	0.00446128	0	0	0	0.000885532	
0.995604	0.014156	0	0.000939307	0.00442646	0	0	0	0.000881159	
0.995598	0.0141573	0	0.000939389	0.00439192	0	0	0	0.000876846	
0.995592	0.0141585	0	0.00093947	0.00435766	0	0	0	0.000872593	
0.995586	0.0141597	0	0.00093955	0.00432366	0	0	0	0.0008684	
0.99558	0.0141609	0	0.00093963	0.00428993	0	0	0	0.000864266	
0.995574	0.0141621	0	0.000939709	0.00425647	0	0	0	0.000860192	
0.995568	0.0141633	0	0.000939787	0.00422327	0	0	0	0.000856178	
0.995562	0.0141645	0	0.000939865	0.00419033	0	0	0	0.000852223	
0.995556	0.0141656	0	0.000939943	0.00415766	0	0	0	0.000848328	
0.99555	0.0141668	0	0.00094002	0.00412524	0	0	0	0.000844492	
0.995544	0.0141679	0	0.000940096	0.00409307	0	0	0	0.000840716	
0.995539	0.0141691	0	0.000940172	0.00406116	0	0	0	0.000837001	
0.995533	0.0141702	0	0.000940247	0.00402951	0	0	0	0.000833346	
0.995527	0.0141713	0	0.000940322	0.0039981	0	0	0	0.000829751	
0.995521	0.0141724	0	0.000940396	0.00396694	0	0	0	0.000826218	
0.995515	0.0141736	0	0.00094047	0.00393603	0	0	0	0.000822747	
0.995509	0.0141747	0	0.000940543	0.00390536	0	0	0	0.000819338	
0.995503	0.0141758	0	0.000940615	0.00387493	0	0	0	0.000815992	
0.995497	0.0141768	0	0.000940687	0.00384474	0	0	0	0.00081271	
0.995491	0.0141779	0	0.000940759	0.00381479	0	0	0	0.000809493	
0.995485	0.014179	0	0.00094083	0.00378508	0	0	0	0.000806343	
0.995479	0.0141801	0	0.000940901	0.0037556	0	0	0	0.00080326	
0.995473	0.0141811	0	0.000940971	0.00372636	0	0	0	0.000800247	
