1	0	0	0	1	0	0	0	1	
0.999861	9.10903e-07	0	2.87963e-07	0.996335	0	0	0	0.976145	
0.999722	3.5837e-06	0	1.13343e-06	0.992711	0	0	0	0.953256	
0.999584	7.94675e-06	0	2.51325e-06	0.989103	0	0	0	0.930906	
0.999447	1.39275e-05	0	4.40449e-06	0.985511	0	0	0	0.909083	
0.99931	2.14582e-05	0	6.78572e-06	0.981934	0	0	0	0.887775	
0.999173	3.04752e-05	0	9.63683e-06	0.978373	0	0	0	0.866969	
0.999036	4.09187e-05	0	1.29389e-05	0.974826	0	0	0	0.846653	
0.9989	5.27323e-05	0	1.66741e-05	0.971295	0	0	0	0.826816	
0.998764	6.58625e-05	0	2.08255e-05	0.967778	0	0	0	0.807447	
0.998629	8.02588e-05	0	2.53772e-05	0.964276	0	0	0	0.788534	
0.998493	9.58732e-05	0	3.0314e-05	0.960789	0	0	0	0.770067	
0.998358	0.00011266	0	3.56214e-05	0.957316	0	0	0	0.752035	
0.998223	0.000130576	0	4.12857e-05	0.953857	0	0	0	0.734427	
0.998089	0.000149578	0	4.72936e-05	0.950413	0	0	0	0.717235	
0.997955	0.000169628	0	5.36326e-05	0.946983	0	0	0	0.700447	
0.997821	0.000190687	0	6.02907e-05	0.943567	0	0	0	0.684055	
0.997687	0.000212719	0	6.72563e-05	0.940165	0	0	0	0.668049	
0.997553	0.000235689	0	7.45184e-05	0.936777	0	0	0	0.65242	
0.99742	0.000259563	0	8.20662e-05	0.933402	0	0	0	0.637159	
0.997287	0.000284308	0	8.98896e-05	0.930041	0	0	0	0.622257	
0.997154	0.000309894	0	9.79786e-05	0.926694	0	0	0	0.607707	
0.997021	0.00033629	0	0.000106324	0.92336	0	0	0	0.593498	
0.996889	0.000363467	0	0.000114916	0.920039	0	0	0	0.579625	
0.996756	0.000391398	0	0.000123747	0.916731	0	0	0	0.566078	
0.996624	0.000420056	0	0.000132807	0.913437	0	0	0	0.55285	
0.996492	0.000449414	0	0.000142089	0.910156	0	0	0	0.539933	
0.996361	0.000479448	0	0.000151584	0.906888	0	0	0	0.52732	
0.996229	0.000510134	0	0.000161285	0.903632	0	0	0	0.515005	
0.996098	0.000541446	0	0.000171185	0.90039	0	0	0	0.502979	
0.995966	0.000573365	0	0.000181276	0.89716	0	0	0	0.491236	
0.995835	0.000605866	0	0.000191551	0.893943	0	0	0	0.479769	
0.995704	0.000638929	0	0.000202004	0.890738	0	0	0	0.468573	
0.995574	0.000672533	0	0.000212628	0.887546	0	0	0	0.457639	
0.995443	0.000706659	0	0.000223417	0.884366	0	0	0	0.446963	
0.995312	0.000741287	0	0.000234364	0.881199	0	0	0	0.436539	
0.995182	0.000776398	0	0.000245465	0.878044	0	0	0	0.426359	
0.995052	0.000811974	0	0.000256712	0.874901	0	0	0	0.416419	
0.994922	0.000847998	0	0.000268101	0.87177	0	0	0	0.406713	
0.994792	0.000884453	0	0.000279627	0.868652	0	0	0	0.397235	
0.994662	0.000921322	0	0.000291283	0.865545	0	0	0	0.38798	
0.994533	0.000958589	0	0.000303065	0.86245	0	0	0	0.378943	
0.994403	0.000996239	0	0.000314967	0.859367	0	0	0	0.370118	
0.994274	0.00103426	0	0.000326986	0.856296	0	0	0	0.361501	
0.994144	0.00107263	0	0.000339117	0.853237	0	0	0	0.353086	
0.994015	0.00111133	0	0.000351355	0.850189	0	0	0	0.34487	
0.993886	0.00115037	0	0.000363695	0.847153	0	0	0	0.336846	
0.993757	0.00118971	0	0.000376134	0.844128	0	0	0	0.329011	
0.993629	0.00122936	0	0.000388668	0.841115	0	0	0	0.321361	
0.9935	0.00126929	0	0.000401291	0.838113	0	0	0	0.31389	
0.993371	0.00130949	0	0.000414002	0.835123	0	0	0	0.306595	
0.993243	0.00134996	0	0.000426795	0.832144	0	0	0	0.299471	
0.993114	0.00139067	0	0.000439667	0.829176	0	0	0	0.292515	
0.992986	0.00143163	0	0.000452615	0.82622	0	0	0	0.285722	
0.992858	0.00147281	0	0.000465635	0.823274	0	0	0	0.279089	
0.99273	0.00151421	0	0.000478724	0.82034	0	0	0	0.272612	
0.992602	0.00155582	0	0.000491879	0.817416	0	0	0	0.266287	
0.992474	0.00159763	0	0.000505096	0.814504	0	0	0	0.26011	
0.992346	0.00163962	0	0.000518372	0.811602	0	0	0	0.254079	
0.992218	0.0016818	0	0.000531705	0.808711	0	0	0	0.248189	
0.992091	0.00172414	0	0.000545092	0.805831	0	0	0	0.242438	
0.991963	0.00176664	0	0.000558529	0.802962	0	0	0	0.236822	
0.991835	0.0018093	0	0.000572014	0.800104	0	0	0	0.231338	
0.991708	0.0018521	0	0.000585545	0.797256	0	0	0	0.225983	
0.991581	0.00189503	0	0.000599118	0.794418	0	0	0	0.220753	
0.991453	0.00193809	0	0.000612732	0.791592	0	0	0	0.215646	
0.991326	0.00198127	0	0.000626384	0.788775	0	0	0	0.210659	
0.991199	0.00202457	0	0.000640071	0.78597	0	0	0	0.205789	
0.991072	0.00206797	0	0.000653792	0.783174	0	0	0	0.201034	
0.990945	0.00211146	0	0.000667543	0.780389	0	0	0	0.19639	
0.990818	0.00215505	0	0.000681324	0.777614	0	0	0	0.191855	
0.990691	0.00219873	0	0.000695131	0.774849	0	0	0	0.187427	
0.990565	0.00224248	0	0.000708963	0.772095	0	0	0	0.183103	
0.990438	0.0022863	0	0.000722818	0.769351	0	0	0	0.17888	
0.990311	0.00233019	0	0.000736694	0.766617	0	0	0	0.174756	
0.990185	0.00237414	0	0.000750588	0.763893	0	0	0	0.170729	
0.990058	0.00241815	0	0.0007645	0.761178	0	0	0	0.166796	
0.989932	0.0024622	0	0.000778427	0.758474	0	0	0	0.162956	
0.989805	0.0025063	0	0.000792368	0.75578	0	0	0	0.159206	
0.989679	0.00255043	0	0.000806321	0.753096	0	0	0	0.155543	
0.989553	0.0025946	0	0.000820285	0.750421	0	0	0	0.151967	
0.989427	0.0026388	0	0.000834257	0.747757	0	0	0	0.148475	
0.9893	0.00268302	0	0.000848237	0.745102	0	0	0	0.145064	
0.989174	0.00272725	0	0.000862222	0.742456	0	0	0	0.141734	
0.989048	0.0027715	0	0.000876212	0.739821	0	0	0	0.138481	
0.988922	0.00281577	0	0.000890205	0.737195	0	0	0	0.135305	
0.988796	0.00286003	0	0.0009042	0.734578	0	0	0	0.132203	
0.98867	0.0029043	0	0.000918195	0.731972	0	0	0	0.129174	
0.988545	0.00294856	0	0.000932189	0.729374	0	0	0	0.126216	
0.988419	0.00299282	0	0.000946181	0.726786	0	0	0	0.123327	
0.988293	0.00303707	0	0.000960169	0.724208	0	0	0	0.120506	
0.988167	0.0030813	0	0.000974153	0.721639	0	0	0	0.117751	
0.988042	0.00312552	0	0.000988132	0.719079	0	0	0	0.115061	
0.987916	0.00316971	0	0.0010021	0.716528	0	0	0	0.112433	
0.987791	0.00321388	0	0.00101607	0.713987	0	0	0	0.109867	
0.987665	0.00325802	0	0.00103002	0.711455	0	0	0	0.107362	
0.98754	0.00330213	0	0.00104397	0.708932	0	0	0	0.104915	
0.987414	0.0033462	0	0.0010579	0.706419	0	0	0	0.102525	
0.987289	0.00339024	0	0.00107182	0.703914	0	0	0	0.100191	
0.987163	0.00343424	0	0.00108573	0.701419	0	0	0	0.0979117	
0.987038	0.00347819	0	0.00109963	0.698932	0	0	0	0.0956859	
0.986913	0.0035221	0	0.00111351	0.696455	0	0	0	0.0935121	
0.986788	0.00356596	0	0.00112738	0.693986	0	0	0	0.0913892	
0.986662	0.00360977	0	0.00114123	0.691527	0	0	0	0.089316	
0.986537	0.00365353	0	0.00115506	0.689076	0	0	0	0.0872913	
0.986412	0.00369723	0	0.00116888	0.686634	0	0	0	0.0853139	
0.986287	0.00374087	0	0.00118267	0.684201	0	0	0	0.0833828	
0.986162	0.00378445	0	0.00119645	0.681777	0	0	0	0.0814969	
0.986037	0.00382797	0	0.00121021	0.679361	0	0	0	0.079655	
0.985912	0.00387142	0	0.00122395	0.676954	0	0	0	0.0778563	
0.985787	0.00391481	0	0.00123766	0.674556	0	0	0	0.0760995	
0.985662	0.00395813	0	0.00125136	0.672166	0	0	0	0.0743838	
0.985538	0.00400137	0	0.00126503	0.669786	0	0	0	0.0727083	
0.985413	0.00404455	0	0.00127868	0.667413	0	0	0	0.0710718	
0.985288	0.00408765	0	0.0012923	0.665049	0	0	0	0.0694736	
0.985163	0.00413067	0	0.00130591	0.662694	0	0	0	0.0679128	
0.985039	0.00417361	0	0.00131948	0.660347	0	0	0	0.0663883	
0.984914	0.00421648	0	0.00133303	0.658009	0	0	0	0.0648995	
0.984789	0.00425926	0	0.00134656	0.655679	0	0	0	0.0634455	
0.984665	0.00430196	0	0.00136006	0.653357	0	0	0	0.0620254	
0.98454	0.00434458	0	0.00137353	0.651044	0	0	0	0.0606384	
0.984416	0.00438711	0	0.00138698	0.648739	0	0	0	0.0592838	
0.984291	0.00442955	0	0.0014004	0.646442	0	0	0	0.0579608	
0.984167	0.00447191	0	0.00141379	0.644153	0	0	0	0.0566687	
0.984042	0.00451418	0	0.00142715	0.641873	0	0	0	0.0554067	
0.983918	0.00455635	0	0.00144048	0.639601	0	0	0	0.0541741	
0.983793	0.00459843	0	0.00145379	0.637337	0	0	0	0.0529703	
0.983669	0.00464042	0	0.00146706	0.635081	0	0	0	0.0517945	
0.983545	0.00468232	0	0.00148031	0.632833	0	0	0	0.0506461	
0.98342	0.00472411	0	0.00149352	0.630594	0	0	0	0.0495245	
0.983296	0.00476582	0	0.0015067	0.628362	0	0	0	0.0484291	
0.983172	0.00480742	0	0.00151986	0.626138	0	0	0	0.0473591	
0.983048	0.00484893	0	0.00153298	0.623922	0	0	0	0.0463141	
0.982923	0.00489033	0	0.00154607	0.621714	0	0	0	0.0452934	
0.982799	0.00493164	0	0.00155913	0.619514	0	0	0	0.0442964	
0.982675	0.00497284	0	0.00157215	0.617322	0	0	0	0.0433227	
0.982551	0.00501394	0	0.00158515	0.615138	0	0	0	0.0423716	
0.982427	0.00505494	0	0.00159811	0.612962	0	0	0	0.0414426	
0.982303	0.00509584	0	0.00161104	0.610793	0	0	0	0.0405353	
0.982179	0.00513663	0	0.00162393	0.608632	0	0	0	0.039649	
0.982055	0.00517731	0	0.0016368	0.606479	0	0	0	0.0387834	
0.981931	0.00521789	0	0.00164963	0.604333	0	0	0	0.0379378	
0.981807	0.00525836	0	0.00166242	0.602195	0	0	0	0.0371119	
0.981683	0.00529873	0	0.00167518	0.600065	0	0	0	0.0363052	
0.981559	0.00533898	0	0.00168791	0.597942	0	0	0	0.0355173	
0.981435	0.00537913	0	0.0017006	0.595827	0	0	0	0.0347476	
0.981311	0.00541917	0	0.00171326	0.59372	0	0	0	0.0339958	
0.981188	0.0054591	0	0.00172588	0.59162	0	0	0	0.0332614	
0.981064	0.00549892	0	0.00173847	0.589527	0	0	0	0.0325441	
0.98094	0.00553863	0	0.00175103	0.587442	0	0	0	0.0318434	
0.980816	0.00557823	0	0.00176355	0.585364	0	0	0	0.031159	
0.980693	0.00561772	0	0.00177603	0.583294	0	0	0	0.0304904	
0.980569	0.0056571	0	0.00178848	0.581231	0	0	0	0.0298374	
0.980445	0.00569636	0	0.00180089	0.579176	0	0	0	0.0291994	
0.980322	0.00573551	0	0.00181327	0.577128	0	0	0	0.0285762	
0.980198	0.00577455	0	0.00182561	0.575087	0	0	0	0.0279675	
0.980074	0.00581347	0	0.00183792	0.573053	0	0	0	0.0273728	
0.979951	0.00585229	0	0.00185019	0.571027	0	0	0	0.0267919	
0.979827	0.00589098	0	0.00186242	0.569008	0	0	0	0.0262245	
0.979704	0.00592957	0	0.00187462	0.566996	0	0	0	0.0256702	
0.97958	0.00596804	0	0.00188678	0.564991	0	0	0	0.0251286	
0.979457	0.00600639	0	0.00189891	0.562993	0	0	0	0.0245996	
0.979333	0.00604463	0	0.00191099	0.561002	0	0	0	0.0240829	
0.97921	0.00608276	0	0.00192305	0.559019	0	0	0	0.023578	
0.979086	0.00612076	0	0.00193506	0.557042	0	0	0	0.0230848	
0.978963	0.00615866	0	0.00194704	0.555073	0	0	0	0.022603	
0.978839	0.00619644	0	0.00195899	0.553111	0	0	0	0.0221323	
0.978716	0.0062341	0	0.00197089	0.551155	0	0	0	0.0216725	
0.978593	0.00627165	0	0.00198277	0.549207	0	0	0	0.0212232	
0.978469	0.00630908	0	0.0019946	0.547265	0	0	0	0.0207843	
0.978346	0.00634639	0	0.0020064	0.54533	0	0	0	0.0203555	
0.978223	0.00638359	0	0.00201816	0.543403	0	0	0	0.0199366	
0.9781	0.00642067	0	0.00202988	0.541482	0	0	0	0.0195274	
0.977976	0.00645764	0	0.00204157	0.539568	0	0	0	0.0191275	
0.977853	0.00649449	0	0.00205322	0.53766	0	0	0	0.0187368	
0.97773	0.00653122	0	0.00206483	0.53576	0	0	0	0.0183552	
0.977607	0.00656784	0	0.0020764	0.533866	0	0	0	0.0179822	
0.977484	0.00660434	0	0.00208794	0.531979	0	0	0	0.0176179	
0.977361	0.00664072	0	0.00209945	0.530099	0	0	0	0.0172619	
0.977237	0.00667699	0	0.00211091	0.528225	0	0	0	0.0169141	
0.977114	0.00671314	0	0.00212234	0.526358	0	0	0	0.0165743	
0.976991	0.00674918	0	0.00213373	0.524498	0	0	0	0.0162422	
0.976868	0.00678509	0	0.00214509	0.522644	0	0	0	0.0159178	
0.976745	0.0068209	0	0.00215641	0.520797	0	0	0	0.0156007	
0.976622	0.00685658	0	0.00216769	0.518956	0	0	0	0.015291	
0.976499	0.00689215	0	0.00217893	0.517122	0	0	0	0.0149883	
0.976376	0.0069276	0	0.00219014	0.515294	0	0	0	0.0146926	
0.976253	0.00696294	0	0.00220131	0.513473	0	0	0	0.0144036	
0.97613	0.00699816	0	0.00221245	0.511658	0	0	0	0.0141212	
0.976008	0.00703326	0	0.00222354	0.50985	0	0	0	0.0138452	
0.975885	0.00706825	0	0.00223461	0.508048	0	0	0	0.0135756	
0.975762	0.00710312	0	0.00224563	0.506253	0	0	0	0.0133121	
0.975639	0.00713788	0	0.00225662	0.504464	0	0	0	0.0130546	
0.975516	0.00717252	0	0.00226757	0.502681	0	0	0	0.012803	
0.975393	0.00720704	0	0.00227848	0.500905	0	0	0	0.0125571	
0.97527	0.00724145	0	0.00228936	0.499135	0	0	0	0.0123167	
0.975148	0.00727575	0	0.00230021	0.497371	0	0	0	0.0120819	
0.975025	0.00730992	0	0.00231101	0.495613	0	0	0	0.0118524	
0.974902	0.00734399	0	0.00232178	0.493862	0	0	0	0.0116281	
0.974779	0.00737794	0	0.00233251	0.492117	0	0	0	0.0114089	
0.974657	0.00741177	0	0.00234321	0.490378	0	0	0	0.0111946	
0.974534	0.00744549	0	0.00235387	0.488645	0	0	0	0.0109852	
0.974411	0.0074791	0	0.00236449	0.486919	0	0	0	0.0107806	
0.974289	0.00751259	0	0.00237508	0.485198	0	0	0	0.0105806	
0.974166	0.00754596	0	0.00238563	0.483484	0	0	0	0.0103851	
0.974044	0.00757923	0	0.00239615	0.481775	0	0	0	0.010194	
0.973921	0.00761238	0	0.00240663	0.480073	0	0	0	0.0100073	
0.973798	0.00764541	0	0.00241707	0.478377	0	0	0	0.00982471	
0.973676	0.00767834	0	0.00242748	0.476687	0	0	0	0.00964628	
0.973553	0.00771115	0	0.00243785	0.475002	0	0	0	0.00947186	
0.973431	0.00774384	0	0.00244819	0.473324	0	0	0	0.00930138	
0.973308	0.00777643	0	0.00245849	0.471652	0	0	0	0.00913472	
0.973186	0.0078089	0	0.00246876	0.469985	0	0	0	0.00897182	
0.973063	0.00784126	0	0.00247899	0.468325	0	0	0	0.00881257	
0.972941	0.00787351	0	0.00248918	0.46667	0	0	0	0.00865689	
0.972819	0.00790564	0	0.00249934	0.465022	0	0	0	0.0085047	
0.972696	0.00793766	0	0.00250947	0.463379	0	0	0	0.00835592	
0.972574	0.00796958	0	0.00251956	0.461742	0	0	0	0.00821047	
0.972451	0.00800138	0	0.00252961	0.46011	0	0	0	0.00806827	
0.972329	0.00803307	0	0.00253963	0.458485	0	0	0	0.00792924	
0.972207	0.00806465	0	0.00254961	0.456865	0	0	0	0.00779332	
0.972084	0.00809612	0	0.00255956	0.455251	0	0	0	0.00766043	
0.971962	0.00812747	0	0.00256947	0.453643	0	0	0	0.0075305	
0.97184	0.00815872	0	0.00257935	0.45204	0	0	0	0.00740346	
0.971718	0.00818986	0	0.0025892	0.450443	0	0	0	0.00727924	
0.971595	0.00822089	0	0.00259901	0.448852	0	0	0	0.00715777	
0.971473	0.00825181	0	0.00260878	0.447266	0	0	0	0.00703901	
0.971351	0.00828262	0	0.00261852	0.445686	0	0	0	0.00692287	
0.971229	0.00831333	0	0.00262823	0.444112	0	0	0	0.0068093	
0.971107	0.00834392	0	0.0026379	0.442543	0	0	0	0.00669825	
0.970984	0.00837441	0	0.00264754	0.44098	0	0	0	0.00658964	
0.970862	0.00840478	0	0.00265714	0.439422	0	0	0	0.00648344	
0.97074	0.00843505	0	0.00266671	0.43787	0	0	0	0.00637957	
0.970618	0.00846522	0	0.00267625	0.436323	0	0	0	0.00627799	
0.970496	0.00849527	0	0.00268575	0.434782	0	0	0	0.00617863	
0.970374	0.00852522	0	0.00269522	0.433246	0	0	0	0.00608146	
0.970252	0.00855506	0	0.00270465	0.431716	0	0	0	0.00598643	
0.97013	0.0085848	0	0.00271406	0.430191	0	0	0	0.00589347	
0.970008	0.00861443	0	0.00272342	0.428671	0	0	0	0.00580254	
0.969886	0.00864395	0	0.00273276	0.427157	0	0	0	0.0057136	
0.969764	0.00867337	0	0.00274206	0.425648	0	0	0	0.0056266	
0.969642	0.00870268	0	0.00275132	0.424145	0	0	0	0.0055415	
0.96952	0.00873189	0	0.00276056	0.422646	0	0	0	0.00545824	
0.969398	0.00876099	0	0.00276976	0.421153	0	0	0	0.00537679	
0.969276	0.00878999	0	0.00277893	0.419666	0	0	0	0.00529712	
0.969154	0.00881889	0	0.00278806	0.418184	0	0	0	0.00521916	
0.969032	0.00884768	0	0.00279716	0.416706	0	0	0	0.00514289	
0.968911	0.00887637	0	0.00280623	0.415235	0	0	0	0.00506827	
0.968789	0.00890495	0	0.00281527	0.413768	0	0	0	0.00499526	
0.968667	0.00893343	0	0.00282427	0.412307	0	0	0	0.00492382	
0.968545	0.00896181	0	0.00283324	0.41085	0	0	0	0.00485391	
0.968423	0.00899008	0	0.00284218	0.409399	0	0	0	0.00478551	
0.968302	0.00901826	0	0.00285109	0.407953	0	0	0	0.00471857	
0.96818	0.00904633	0	0.00285997	0.406512	0	0	0	0.00465306	
0.968058	0.0090743	0	0.00286881	0.405077	0	0	0	0.00458895	
0.967936	0.00910217	0	0.00287762	0.403646	0	0	0	0.00452621	
0.967815	0.00912994	0	0.0028864	0.40222	0	0	0	0.0044648	
0.967693	0.0091576	0	0.00289514	0.4008	0	0	0	0.0044047	
0.967571	0.00918517	0	0.00290386	0.399384	0	0	0	0.00434587	
0.96745	0.00921264	0	0.00291254	0.397973	0	0	0	0.00428829	
0.967328	0.00924	0	0.00292119	0.396568	0	0	0	0.00423192	
0.967206	0.00926727	0	0.00292981	0.395167	0	0	0	0.00417674	
0.967085	0.00929444	0	0.0029384	0.393772	0	0	0	0.00412272	
0.966963	0.00932151	0	0.00294696	0.392381	0	0	0	0.00406984	
0.966842	0.00934848	0	0.00295549	0.390995	0	0	0	0.00401807	
0.96672	0.00937535	0	0.00296398	0.389614	0	0	0	0.00396737	
0.966599	0.00940212	0	0.00297245	0.388238	0	0	0	0.00391774	
0.966477	0.0094288	0	0.00298088	0.386867	0	0	0	0.00386914	
0.966355	0.00945537	0	0.00298928	0.385501	0	0	0	0.00382155	
0.966234	0.00948186	0	0.00299765	0.384139	0	0	0	0.00377495	
0.966113	0.00950824	0	0.003006	0.382783	0	0	0	0.00372932	
0.965991	0.00953453	0	0.00301431	0.381431	0	0	0	0.00368462	
0.96587	0.00956072	0	0.00302259	0.380084	0	0	0	0.00364085	
0.965748	0.00958681	0	0.00303084	0.378742	0	0	0	0.00359798	
0.965627	0.00961281	0	0.00303906	0.377404	0	0	0	0.00355599	
0.965505	0.00963872	0	0.00304725	0.376071	0	0	0	0.00351486	
0.965384	0.00966452	0	0.0030554	0.374743	0	0	0	0.00347456	
0.965263	0.00969024	0	0.00306353	0.37342	0	0	0	0.00343509	
0.965141	0.00971586	0	0.00307163	0.372101	0	0	0	0.00339642	
0.96502	0.00974138	0	0.0030797	0.370787	0	0	0	0.00335853	
0.964899	0.00976681	0	0.00308774	0.369478	0	0	0	0.00332141	
0.964778	0.00979215	0	0.00309575	0.368173	0	0	0	0.00328504	
0.964656	0.00981739	0	0.00310373	0.366873	0	0	0	0.0032494	
0.964535	0.00984254	0	0.00311168	0.365577	0	0	0	0.00321447	
0.964414	0.0098676	0	0.00311961	0.364286	0	0	0	0.00318025	
0.964293	0.00989257	0	0.0031275	0.363	0	0	0	0.0031467	
0.964171	0.00991744	0	0.00313536	0.361718	0	0	0	0.00311383	
0.96405	0.00994222	0	0.0031432	0.36044	0	0	0	0.0030816	
0.963929	0.00996691	0	0.003151	0.359168	0	0	0	0.00305002	
0.963808	0.00999151	0	0.00315878	0.357899	0	0	0	0.00301905	
0.963687	0.010016	0	0.00316653	0.356636	0	0	0	0.0029887	
0.963566	0.0100404	0	0.00317424	0.355376	0	0	0	0.00295894	
0.963445	0.0100648	0	0.00318193	0.354121	0	0	0	0.00292976	
0.963323	0.010089	0	0.0031896	0.352871	0	0	0	0.00290115	
0.963202	0.0101131	0	0.00319723	0.351625	0	0	0	0.0028731	
0.963081	0.0101372	0	0.00320483	0.350383	0	0	0	0.00284559	
0.96296	0.0101612	0	0.00321241	0.349146	0	0	0	0.00281861	
0.962839	0.010185	0	0.00321996	0.347913	0	0	0	0.00279216	
0.962718	0.0102088	0	0.00322748	0.346684	0	0	0	0.0027662	
0.962597	0.0102325	0	0.00323497	0.34546	0	0	0	0.00274075	
0.962476	0.0102561	0	0.00324244	0.34424	0	0	0	0.00271578	
0.962355	0.0102797	0	0.00324987	0.343025	0	0	0	0.00269128	
0.962234	0.0103031	0	0.00325728	0.341814	0	0	0	0.00266725	
0.962113	0.0103264	0	0.00326466	0.340607	0	0	0	0.00264367	
0.961993	0.0103497	0	0.00327202	0.339404	0	0	0	0.00262054	
0.961872	0.0103729	0	0.00327935	0.338206	0	0	0	0.00259783	
0.961751	0.010396	0	0.00328664	0.337011	0	0	0	0.00257555	
0.96163	0.010419	0	0.00329392	0.335821	0	0	0	0.00255369	
0.961509	0.0104419	0	0.00330116	0.334636	0	0	0	0.00253223	
0.961388	0.0104647	0	0.00330838	0.333454	0	0	0	0.00251116	
0.961267	0.0104875	0	0.00331557	0.332277	0	0	0	0.00249049	
0.961147	0.0105101	0	0.00332273	0.331103	0	0	0	0.00247019	
0.961026	0.0105327	0	0.00332987	0.329934	0	0	0	0.00245026	
0.960905	0.0105552	0	0.00333698	0.328769	0	0	0	0.00243069	
0.960784	0.0105776	0	0.00334406	0.327609	0	0	0	0.00241148	
0.960664	0.0105999	0	0.00335112	0.326452	0	0	0	0.00239261	
0.960543	0.0106221	0	0.00335815	0.325299	0	0	0	0.00237408	
0.960422	0.0106443	0	0.00336515	0.324151	0	0	0	0.00235588	
0.960302	0.0106664	0	0.00337213	0.323006	0	0	0	0.00233801	
0.960181	0.0106884	0	0.00337908	0.321866	0	0	0	0.00232045	
0.96006	0.0107103	0	0.00338601	0.320729	0	0	0	0.0023032	
0.95994	0.0107321	0	0.00339291	0.319597	0	0	0	0.00228626	
0.959819	0.0107538	0	0.00339978	0.318468	0	0	0	0.00226961	
0.959698	0.0107755	0	0.00340663	0.317344	0	0	0	0.00225325	
0.959578	0.0107971	0	0.00341345	0.316223	0	0	0	0.00223717	
0.959457	0.0108186	0	0.00342025	0.315107	0	0	0	0.00222137	
0.959337	0.01084	0	0.00342702	0.313994	0	0	0	0.00220584	
0.959216	0.0108613	0	0.00343376	0.312886	0	0	0	0.00219058	
0.959096	0.0108826	0	0.00344048	0.311781	0	0	0	0.00217558	
0.958975	0.0109037	0	0.00344718	0.31068	0	0	0	0.00216083	
0.958855	0.0109248	0	0.00345385	0.309583	0	0	0	0.00214632	
0.958734	0.0109459	0	0.00346049	0.30849	0	0	0	0.00213207	
0.958614	0.0109668	0	0.00346711	0.307401	0	0	0	0.00211804	
0.958493	0.0109876	0	0.0034737	0.306316	0	0	0	0.00210426	
0.958373	0.0110084	0	0.00348027	0.305235	0	0	0	0.0020907	
0.958253	0.0110291	0	0.00348682	0.304157	0	0	0	0.00207736	
0.958132	0.0110497	0	0.00349333	0.303083	0	0	0	0.00206424	
0.958012	0.0110703	0	0.00349983	0.302013	0	0	0	0.00205133	
0.957892	0.0110908	0	0.0035063	0.300947	0	0	0	0.00203863	
0.957771	0.0111111	0	0.00351274	0.299884	0	0	0	0.00202613	
0.957651	0.0111314	0	0.00351916	0.298826	0	0	0	0.00201384	
0.957531	0.0111517	0	0.00352556	0.297771	0	0	0	0.00200174	
0.95741	0.0111718	0	0.00353193	0.296719	0	0	0	0.00198983	
0.95729	0.0111919	0	0.00353828	0.295672	0	0	0	0.00197811	
0.95717	0.0112119	0	0.00354461	0.294628	0	0	0	0.00196657	
0.957049	0.0112319	0	0.00355091	0.293588	0	0	0	0.00195521	
0.956929	0.0112517	0	0.00355718	0.292551	0	0	0	0.00194403	
0.956809	0.0112715	0	0.00356343	0.291519	0	0	0	0.00193302	
0.956689	0.0112912	0	0.00356966	0.290489	0	0	0	0.00192217	
0.956569	0.0113108	0	0.00357587	0.289464	0	0	0	0.0019115	
0.956449	0.0113304	0	0.00358205	0.288442	0	0	0	0.00190098	
0.956328	0.0113498	0	0.00358821	0.287424	0	0	0	0.00189062	
0.956208	0.0113692	0	0.00359434	0.286409	0	0	0	0.00188042	
0.956088	0.0113886	0	0.00360045	0.285398	0	0	0	0.00187036	
0.955968	0.0114078	0	0.00360654	0.28439	0	0	0	0.00186046	
0.955848	0.011427	0	0.0036126	0.283386	0	0	0	0.0018507	
0.955728	0.0114461	0	0.00361864	0.282386	0	0	0	0.00184108	
0.955608	0.0114651	0	0.00362466	0.281389	0	0	0	0.0018316	
0.955488	0.0114841	0	0.00363066	0.280396	0	0	0	0.00182226	
0.955368	0.011503	0	0.00363663	0.279406	0	0	0	0.00181305	
0.955248	0.0115218	0	0.00364258	0.27842	0	0	0	0.00180397	
0.955128	0.0115406	0	0.0036485	0.277437	0	0	0	0.00179502	
0.955008	0.0115592	0	0.00365441	0.276457	0	0	0	0.0017862	
0.954888	0.0115778	0	0.00366029	0.275481	0	0	0	0.0017775	
0.954768	0.0115964	0	0.00366615	0.274509	0	0	0	0.00176892	
0.954648	0.0116148	0	0.00367198	0.27354	0	0	0	0.00176045	
0.954528	0.0116332	0	0.0036778	0.272574	0	0	0	0.00175211	
0.954408	0.0116515	0	0.00368359	0.271612	0	0	0	0.00174387	
0.954288	0.0116698	0	0.00368936	0.270653	0	0	0	0.00173575	
0.954169	0.011688	0	0.00369511	0.269698	0	0	0	0.00172774	
0.954049	0.0117061	0	0.00370083	0.268746	0	0	0	0.00171983	
0.953929	0.0117241	0	0.00370654	0.267797	0	0	0	0.00171202	
0.953809	0.0117421	0	0.00371222	0.266852	0	0	0	0.00170432	
0.953689	0.01176	0	0.00371788	0.26591	0	0	0	0.00169672	
0.953569	0.0117778	0	0.00372351	0.264971	0	0	0	0.00168922	
0.95345	0.0117956	0	0.00372913	0.264036	0	0	0	0.00168181	
0.95333	0.0118133	0	0.00373472	0.263104	0	0	0	0.0016745	
0.95321	0.0118309	0	0.0037403	0.262175	0	0	0	0.00166728	
0.953091	0.0118485	0	0.00374585	0.26125	0	0	0	0.00166016	
0.952971	0.011866	0	0.00375138	0.260327	0	0	0	0.00165312	
0.952851	0.0118834	0	0.00375689	0.259409	0	0	0	0.00164617	
0.952731	0.0119008	0	0.00376238	0.258493	0	0	0	0.0016393	
0.952612	0.011918	0	0.00376784	0.25758	0	0	0	0.00163252	
0.952492	0.0119353	0	0.00377329	0.256671	0	0	0	0.00162582	
0.952373	0.0119524	0	0.00377871	0.255765	0	0	0	0.0016192	
0.952253	0.0119695	0	0.00378412	0.254862	0	0	0	0.00161266	
0.952133	0.0119865	0	0.0037895	0.253963	0	0	0	0.0016062	
0.952014	0.0120035	0	0.00379486	0.253066	0	0	0	0.00159981	
0.951894	0.0120204	0	0.0038002	0.252173	0	0	0	0.0015935	
0.951775	0.0120372	0	0.00380552	0.251283	0	0	0	0.00158726	
0.951655	0.012054	0	0.00381082	0.250396	0	0	0	0.0015811	
0.951536	0.0120707	0	0.0038161	0.249512	0	0	0	0.001575	
0.951416	0.0120873	0	0.00382136	0.248632	0	0	0	0.00156898	
0.951297	0.0121039	0	0.0038266	0.247754	0	0	0	0.00156302	
0.951177	0.0121204	0	0.00383181	0.246879	0	0	0	0.00155713	
0.951058	0.0121368	0	0.00383701	0.246008	0	0	0	0.0015513	
0.950938	0.0121532	0	0.00384219	0.24514	0	0	0	0.00154554	
0.950819	0.0121695	0	0.00384735	0.244274	0	0	0	0.00153984	
0.9507	0.0121858	0	0.00385248	0.243412	0	0	0	0.00153421	
0.95058	0.012202	0	0.0038576	0.242553	0	0	0	0.00152863	
0.950461	0.0122181	0	0.0038627	0.241697	0	0	0	0.00152312	
0.950341	0.0122342	0	0.00386778	0.240844	0	0	0	0.00151766	
0.950222	0.0122502	0	0.00387284	0.239994	0	0	0	0.00151226	
0.950103	0.0122661	0	0.00387787	0.239147	0	0	0	0.00150692	
0.949983	0.012282	0	0.00388289	0.238303	0	0	0	0.00150163	
0.949864	0.0122978	0	0.00388789	0.237462	0	0	0	0.0014964	
0.949745	0.0123135	0	0.00389287	0.236624	0	0	0	0.00149122	
0.949626	0.0123292	0	0.00389783	0.235788	0	0	0	0.0014861	
0.949506	0.0123448	0	0.00390277	0.234956	0	0	0	0.00148103	
0.949387	0.0123604	0	0.00390769	0.234127	0	0	0	0.001476	
0.949268	0.0123759	0	0.0039126	0.233301	0	0	0	0.00147103	
0.949149	0.0123914	0	0.00391748	0.232477	0	0	0	0.00146611	
0.94903	0.0124068	0	0.00392234	0.231657	0	0	0	0.00146123	
0.94891	0.0124221	0	0.00392719	0.230839	0	0	0	0.0014564	
0.948791	0.0124373	0	0.00393202	0.230024	0	0	0	0.00145162	
0.948672	0.0124526	0	0.00393682	0.229213	0	0	0	0.00144689	
0.948553	0.0124677	0	0.00394161	0.228404	0	0	0	0.0014422	
0.948434	0.0124828	0	0.00394638	0.227598	0	0	0	0.00143755	
0.948315	0.0124978	0	0.00395113	0.226794	0	0	0	0.00143295	
0.948196	0.0125128	0	0.00395587	0.225994	0	0	0	0.00142839	
0.948077	0.0125277	0	0.00396058	0.225196	0	0	0	0.00142388	
0.947958	0.0125425	0	0.00396527	0.224401	0	0	0	0.0014194	
0.947839	0.0125573	0	0.00396995	0.22361	0	0	0	0.00141497	
0.94772	0.0125721	0	0.00397461	0.22282	0	0	0	0.00141057	
0.947601	0.0125868	0	0.00397925	0.222034	0	0	0	0.00140622	
0.947482	0.0126014	0	0.00398387	0.22125	0	0	0	0.0014019	
0.947363	0.0126159	0	0.00398848	0.22047	0	0	0	0.00139762	
0.947244	0.0126304	0	0.00399306	0.219691	0	0	0	0.00139338	
0.947125	0.0126449	0	0.00399763	0.218916	0	0	0	0.00138918	
0.947006	0.0126593	0	0.00400218	0.218144	0	0	0	0.00138502	
0.946887	0.0126736	0	0.00400671	0.217374	0	0	0	0.00138089	
0.946768	0.0126879	0	0.00401123	0.216607	0	0	0	0.00137679	
0.946649	0.0127021	0	0.00401572	0.215842	0	0	0	0.00137273	
0.94653	0.0127163	0	0.0040202	0.21508	0	0	0	0.00136871	
0.946412	0.0127304	0	0.00402466	0.214321	0	0	0	0.00136471	
0.946293	0.0127444	0	0.0040291	0.213565	0	0	0	0.00136076	
0.946174	0.0127584	0	0.00403353	0.212811	0	0	0	0.00135683	
0.946055	0.0127724	0	0.00403794	0.21206	0	0	0	0.00135294	
0.945936	0.0127863	0	0.00404233	0.211312	0	0	0	0.00134907	
0.945818	0.0128001	0	0.0040467	0.210566	0	0	0	0.00134524	
0.945699	0.0128139	0	0.00405106	0.209823	0	0	0	0.00134145	
0.94558	0.0128276	0	0.0040554	0.209083	0	0	0	0.00133768	
0.945462	0.0128413	0	0.00405972	0.208345	0	0	0	0.00133394	
0.945343	0.0128549	0	0.00406402	0.20761	0	0	0	0.00133023	
0.945224	0.0128685	0	0.00406831	0.206877	0	0	0	0.00132655	
0.945106	0.012882	0	0.00407258	0.206147	0	0	0	0.0013229	
0.944987	0.0128954	0	0.00407683	0.20542	0	0	0	0.00131928	
0.944868	0.0129088	0	0.00408107	0.204695	0	0	0	0.00131568	
0.94475	0.0129222	0	0.00408529	0.203972	0	0	0	0.00131211	
0.944631	0.0129355	0	0.00408949	0.203253	0	0	0	0.00130857	
0.944512	0.0129487	0	0.00409368	0.202535	0	0	0	0.00130506	
0.944394	0.0129619	0	0.00409785	0.201821	0	0	0	0.00130157	
0.944275	0.012975	0	0.004102	0.201109	0	0	0	0.00129811	
0.944157	0.0129881	0	0.00410614	0.200399	0	0	0	0.00129468	
0.944038	0.0130011	0	0.00411026	0.199692	0	0	0	0.00129127	
0.94392	0.0130141	0	0.00411436	0.198987	0	0	0	0.00128789	
0.943801	0.0130271	0	0.00411845	0.198285	0	0	0	0.00128453	
0.943683	0.0130399	0	0.00412252	0.197585	0	0	0	0.00128119	
0.943564	0.0130528	0	0.00412657	0.196888	0	0	0	0.00127788	
0.943446	0.0130655	0	0.00413061	0.196193	0	0	0	0.00127459	
0.943327	0.0130782	0	0.00413463	0.195501	0	0	0	0.00127133	
0.943209	0.0130909	0	0.00413864	0.194811	0	0	0	0.00126809	
0.943091	0.0131035	0	0.00414263	0.194124	0	0	0	0.00126487	
0.942972	0.0131161	0	0.0041466	0.193439	0	0	0	0.00126168	
0.942854	0.0131286	0	0.00415056	0.192756	0	0	0	0.00125851	
0.942736	0.0131411	0	0.0041545	0.192076	0	0	0	0.00125536	
0.942617	0.0131535	0	0.00415843	0.191398	0	0	0	0.00125223	
0.942499	0.0131659	0	0.00416234	0.190723	0	0	0	0.00124912	
0.942381	0.0131782	0	0.00416624	0.19005	0	0	0	0.00124604	
0.942262	0.0131905	0	0.00417012	0.189379	0	0	0	0.00124297	
0.942144	0.0132027	0	0.00417398	0.188711	0	0	0	0.00123993	
0.942026	0.0132149	0	0.00417783	0.188045	0	0	0	0.00123691	
0.941907	0.013227	0	0.00418166	0.187382	0	0	0	0.00123391	
0.941789	0.0132391	0	0.00418548	0.186721	0	0	0	0.00123092	
0.941671	0.0132511	0	0.00418928	0.186062	0	0	0	0.00122796	
0.941553	0.0132631	0	0.00419307	0.185405	0	0	0	0.00122502	
0.941435	0.013275	0	0.00419684	0.184751	0	0	0	0.0012221	
0.941316	0.0132869	0	0.00420059	0.184099	0	0	0	0.0012192	
0.941198	0.0132987	0	0.00420434	0.18345	0	0	0	0.00121631	
0.94108	0.0133105	0	0.00420806	0.182803	0	0	0	0.00121345	
0.940962	0.0133222	0	0.00421177	0.182158	0	0	0	0.0012106	
0.940844	0.0133339	0	0.00421547	0.181515	0	0	0	0.00120777	
0.940726	0.0133456	0	0.00421915	0.180875	0	0	0	0.00120496	
0.940608	0.0133572	0	0.00422281	0.180236	0	0	0	0.00120217	
0.94049	0.0133687	0	0.00422647	0.1796	0	0	0	0.0011994	
0.940372	0.0133802	0	0.0042301	0.178967	0	0	0	0.00119664	
0.940254	0.0133917	0	0.00423372	0.178335	0	0	0	0.0011939	
0.940136	0.0134031	0	0.00423733	0.177706	0	0	0	0.00119118	
0.940018	0.0134145	0	0.00424092	0.177079	0	0	0	0.00118848	
0.9399	0.0134258	0	0.0042445	0.176454	0	0	0	0.00118579	
0.939782	0.013437	0	0.00424806	0.175832	0	0	0	0.00118312	
0.939664	0.0134483	0	0.00425161	0.175212	0	0	0	0.00118047	
0.939546	0.0134594	0	0.00425515	0.174593	0	0	0	0.00117783	
0.939428	0.0134706	0	0.00425867	0.173977	0	0	0	0.00117521	
0.93931	0.0134817	0	0.00426217	0.173364	0	0	0	0.00117261	
0.939192	0.0134927	0	0.00426566	0.172752	0	0	0	0.00117002	
0.939074	0.0135037	0	0.00426914	0.172143	0	0	0	0.00116745	
0.938956	0.0135147	0	0.0042726	0.171535	0	0	0	0.0011649	
0.938839	0.0135256	0	0.00427605	0.17093	0	0	0	0.00116236	
0.938721	0.0135364	0	0.00427949	0.170327	0	0	0	0.00115983	
0.938603	0.0135473	0	0.00428291	0.169726	0	0	0	0.00115733	
0.938485	0.013558	0	0.00428631	0.169127	0	0	0	0.00115483	
0.938367	0.0135688	0	0.00428971	0.168531	0	0	0	0.00115235	
0.93825	0.0135794	0	0.00429308	0.167936	0	0	0	0.00114989	
0.938132	0.0135901	0	0.00429645	0.167344	0	0	0	0.00114744	
0.938014	0.0136007	0	0.0042998	0.166753	0	0	0	0.00114501	
0.937896	0.0136112	0	0.00430314	0.166165	0	0	0	0.00114259	
0.937779	0.0136218	0	0.00430646	0.165579	0	0	0	0.00114019	
0.937661	0.0136322	0	0.00430977	0.164995	0	0	0	0.0011378	
0.937543	0.0136427	0	0.00431307	0.164413	0	0	0	0.00113542	
0.937426	0.013653	0	0.00431635	0.163833	0	0	0	0.00113306	
0.937308	0.0136634	0	0.00431962	0.163255	0	0	0	0.00113072	
0.93719	0.0136737	0	0.00432288	0.162679	0	0	0	0.00112839	
0.937073	0.0136839	0	0.00432612	0.162105	0	0	0	0.00112607	
0.936955	0.0136942	0	0.00432935	0.161533	0	0	0	0.00112376	
0.936838	0.0137043	0	0.00433256	0.160963	0	0	0	0.00112147	
0.93672	0.0137145	0	0.00433577	0.160395	0	0	0	0.00111919	
0.936602	0.0137245	0	0.00433896	0.15983	0	0	0	0.00111693	
0.936485	0.0137346	0	0.00434213	0.159266	0	0	0	0.00111468	
0.936367	0.0137446	0	0.00434529	0.158704	0	0	0	0.00111244	
0.93625	0.0137546	0	0.00434844	0.158144	0	0	0	0.00111022	
0.936132	0.0137645	0	0.00435158	0.157586	0	0	0	0.00110801	
0.936015	0.0137744	0	0.00435471	0.15703	0	0	0	0.00110581	
0.935897	0.0137842	0	0.00435782	0.156477	0	0	0	0.00110363	
0.93578	0.013794	0	0.00436091	0.155925	0	0	0	0.00110146	
0.935663	0.0138038	0	0.004364	0.155375	0	0	0	0.0010993	
0.935545	0.0138135	0	0.00436707	0.154827	0	0	0	0.00109716	
0.935428	0.0138232	0	0.00437013	0.15428	0	0	0	0.00109502	
0.93531	0.0138328	0	0.00437318	0.153736	0	0	0	0.0010929	
0.935193	0.0138424	0	0.00437621	0.153194	0	0	0	0.0010908	
0.935076	0.0138519	0	0.00437923	0.152654	0	0	0	0.0010887	
0.934958	0.0138615	0	0.00438224	0.152115	0	0	0	0.00108662	
0.934841	0.0138709	0	0.00438524	0.151579	0	0	0	0.00108455	
0.934724	0.0138804	0	0.00438822	0.151044	0	0	0	0.00108249	
0.934606	0.0138898	0	0.0043912	0.150511	0	0	0	0.00108044	
0.934489	0.0138991	0	0.00439415	0.14998	0	0	0	0.00107841	
0.934372	0.0139085	0	0.0043971	0.149451	0	0	0	0.00107639	
0.934255	0.0139177	0	0.00440004	0.148924	0	0	0	0.00107438	
0.934137	0.013927	0	0.00440296	0.148399	0	0	0	0.00107238	
0.93402	0.0139362	0	0.00440587	0.147875	0	0	0	0.0010704	
0.933903	0.0139454	0	0.00440877	0.147354	0	0	0	0.00106842	
0.933786	0.0139545	0	0.00441165	0.146834	0	0	0	0.00106646	
0.933669	0.0139636	0	0.00441452	0.146316	0	0	0	0.00106451	
0.933551	0.0139726	0	0.00441739	0.1458	0	0	0	0.00106257	
0.933434	0.0139816	0	0.00442024	0.145286	0	0	0	0.00106065	
0.933317	0.0139906	0	0.00442307	0.144773	0	0	0	0.00105873	
0.9332	0.0139996	0	0.0044259	0.144263	0	0	0	0.00105683	
0.933083	0.0140085	0	0.00442871	0.143754	0	0	0	0.00105493	
0.932966	0.0140173	0	0.00443151	0.143247	0	0	0	0.00105305	
0.932849	0.0140261	0	0.0044343	0.142742	0	0	0	0.00105118	
0.932732	0.0140349	0	0.00443708	0.142238	0	0	0	0.00104933	
0.932615	0.0140437	0	0.00443985	0.141737	0	0	0	0.00104748	
0.932498	0.0140524	0	0.0044426	0.141237	0	0	0	0.00104564	
0.932381	0.0140611	0	0.00444535	0.140739	0	0	0	0.00104382	
0.932264	0.0140697	0	0.00444808	0.140242	0	0	0	0.00104201	
0.932147	0.0140783	0	0.0044508	0.139748	0	0	0	0.0010402	
0.93203	0.0140869	0	0.00445351	0.139255	0	0	0	0.00103841	
0.931913	0.0140954	0	0.0044562	0.138764	0	0	0	0.00103663	
0.931796	0.0141039	0	0.00445889	0.138274	0	0	0	0.00103486	
0.931679	0.0141124	0	0.00446156	0.137787	0	0	0	0.00103311	
0.931562	0.0141208	0	0.00446422	0.137301	0	0	0	0.00103136	
0.931445	0.0141292	0	0.00446688	0.136817	0	0	0	0.00102962	
0.931328	0.0141375	0	0.00446952	0.136334	0	0	0	0.0010279	
0.931211	0.0141458	0	0.00447214	0.135853	0	0	0	0.00102618	
0.931095	0.0141541	0	0.00447476	0.135374	0	0	0	0.00102448	
0.930978	0.0141624	0	0.00447737	0.134897	0	0	0	0.00102279	
0.930861	0.0141706	0	0.00447996	0.134421	0	0	0	0.0010211	
0.930744	0.0141787	0	0.00448255	0.133947	0	0	0	0.00101943	
0.930627	0.0141869	0	0.00448512	0.133475	0	0	0	0.00101777	
0.930511	0.014195	0	0.00448768	0.133004	0	0	0	0.00101612	
0.930394	0.0142031	0	0.00449023	0.132535	0	0	0	0.00101448	
0.930277	0.0142111	0	0.00449277	0.132067	0	0	0	0.00101285	
0.93016	0.0142191	0	0.0044953	0.131602	0	0	0	0.00101123	
0.930044	0.0142271	0	0.00449782	0.131138	0	0	0	0.00100963	
0.929927	0.014235	0	0.00450033	0.130675	0	0	0	0.00100803	
0.92981	0.0142429	0	0.00450283	0.130214	0	0	0	0.00100644	
0.929694	0.0142508	0	0.00450531	0.129755	0	0	0	0.00100487	
0.929577	0.0142586	0	0.00450779	0.129298	0	0	0	0.0010033	
0.92946	0.0142664	0	0.00451025	0.128842	0	0	0	0.00100174	
0.929344	0.0142741	0	0.00451271	0.128387	0	0	0	0.0010002	
0.929227	0.0142819	0	0.00451515	0.127935	0	0	0	0.000998666	
0.929111	0.0142896	0	0.00451758	0.127484	0	0	0	0.000997142	
0.928994	0.0142972	0	0.00452001	0.127034	0	0	0	0.000995629	
0.928878	0.0143049	0	0.00452242	0.126586	0	0	0	0.000994126	
0.928761	0.0143125	0	0.00452482	0.12614	0	0	0	0.000992633	
0.928645	0.01432	0	0.00452721	0.125695	0	0	0	0.000991151	
0.928528	0.0143275	0	0.00452959	0.125252	0	0	0	0.000989679	
0.928412	0.014335	0	0.00453196	0.12481	0	0	0	0.000988218	
0.928295	0.0143425	0	0.00453432	0.12437	0	0	0	0.000986767	
0.928179	0.0143499	0	0.00453667	0.123931	0	0	0	0.000985326	
0.928062	0.0143573	0	0.00453901	0.123494	0	0	0	0.000983896	
0.927946	0.0143647	0	0.00454134	0.123059	0	0	0	0.000982476	
0.927829	0.0143721	0	0.00454366	0.122625	0	0	0	0.000981066	
0.927713	0.0143794	0	0.00454597	0.122193	0	0	0	0.000979667	
0.927597	0.0143866	0	0.00454827	0.121762	0	0	0	0.000978278	
0.92748	0.0143939	0	0.00455056	0.121333	0	0	0	0.0009769	
0.927364	0.0144011	0	0.00455284	0.120905	0	0	0	0.000975532	
0.927247	0.0144083	0	0.00455511	0.120478	0	0	0	0.000974175	
0.927131	0.0144154	0	0.00455737	0.120054	0	0	0	0.000972827	
0.927015	0.0144225	0	0.00455962	0.11963	0	0	0	0.000971491	
0.926899	0.0144296	0	0.00456186	0.119209	0	0	0	0.000970164	
0.926782	0.0144367	0	0.00456409	0.118788	0	0	0	0.000968848	
0.926666	0.0144437	0	0.00456631	0.118369	0	0	0	0.000967543	
0.92655	0.0144507	0	0.00456852	0.117952	0	0	0	0.000966248	
0.926434	0.0144576	0	0.00457072	0.117536	0	0	0	0.000964964	
0.926317	0.0144646	0	0.00457291	0.117122	0	0	0	0.00096369	
0.926201	0.0144715	0	0.00457509	0.116709	0	0	0	0.000962426	
0.926085	0.0144783	0	0.00457726	0.116297	0	0	0	0.000961173	
0.925969	0.0144852	0	0.00457942	0.115887	0	0	0	0.000959931	
0.925853	0.014492	0	0.00458157	0.115479	0	0	0	0.000958699	
0.925736	0.0144988	0	0.00458372	0.115072	0	0	0	0.000957478	
0.92562	0.0145055	0	0.00458585	0.114666	0	0	0	0.000956267	
0.925504	0.0145122	0	0.00458798	0.114262	0	0	0	0.000955067	
0.925388	0.0145189	0	0.00459009	0.113859	0	0	0	0.000953878	
0.925272	0.0145256	0	0.00459219	0.113458	0	0	0	0.000952699	
0.925156	0.0145322	0	0.00459429	0.113058	0	0	0	0.000951532	
0.92504	0.0145388	0	0.00459638	0.112659	0	0	0	0.000950375	
0.924924	0.0145454	0	0.00459845	0.112262	0	0	0	0.000949229	
0.924808	0.0145519	0	0.00460052	0.111866	0	0	0	0.000948093	
0.924692	0.0145584	0	0.00460258	0.111472	0	0	0	0.000946969	
0.924576	0.0145649	0	0.00460463	0.111079	0	0	0	0.000945856	
0.92446	0.0145714	0	0.00460667	0.110687	0	0	0	0.000944753	
0.924344	0.0145778	0	0.0046087	0.110297	0	0	0	0.000943662	
0.924228	0.0145842	0	0.00461072	0.109908	0	0	0	0.000942582	
0.924112	0.0145905	0	0.00461274	0.109521	0	0	0	0.000941513	
0.923996	0.0145969	0	0.00461474	0.109135	0	0	0	0.000940455	
0.92388	0.0146032	0	0.00461674	0.10875	0	0	0	0.000939409	
0.923764	0.0146095	0	0.00461872	0.108367	0	0	0	0.000938373	
0.923648	0.0146157	0	0.0046207	0.107985	0	0	0	0.00093735	
0.923533	0.014622	0	0.00462267	0.107604	0	0	0	0.000936337	
0.923417	0.0146282	0	0.00462463	0.107225	0	0	0	0.000935337	
0.923301	0.0146343	0	0.00462658	0.106847	0	0	0	0.000934348	
0.923185	0.0146405	0	0.00462852	0.10647	0	0	0	0.00093337	
0.923069	0.0146466	0	0.00463045	0.106095	0	0	0	0.000932404	
0.922953	0.0146527	0	0.00463238	0.105721	0	0	0	0.000931451	
0.922838	0.0146587	0	0.00463429	0.105348	0	0	0	0.000930509	
0.922722	0.0146648	0	0.0046362	0.104977	0	0	0	0.000929579	
0.922606	0.0146708	0	0.0046381	0.104607	0	0	0	0.000928661	
0.92249	0.0146767	0	0.00463999	0.104238	0	0	0	0.000927756	
0.922375	0.0146827	0	0.00464187	0.103871	0	0	0	0.000926863	
0.922259	0.0146886	0	0.00464374	0.103505	0	0	0	0.000925982	
0.922143	0.0146945	0	0.00464561	0.10314	0	0	0	0.000925114	
0.922028	0.0147004	0	0.00464746	0.102776	0	0	0	0.000924259	
0.921912	0.0147062	0	0.00464931	0.102414	0	0	0	0.000923416	
0.921796	0.014712	0	0.00465115	0.102053	0	0	0	0.000922586	
0.921681	0.0147178	0	0.00465298	0.101693	0	0	0	0.00092177	
0.921565	0.0147236	0	0.0046548	0.101335	0	0	0	0.000920966	
0.92145	0.0147293	0	0.00465661	0.100978	0	0	0	0.000920176	
0.921334	0.014735	0	0.00465842	0.100622	0	0	0	0.000919399	
0.921219	0.0147407	0	0.00466022	0.100267	0	0	0	0.000918636	
0.921103	0.0147464	0	0.00466201	0.0999138	0	0	0	0.000917887	
0.920987	0.014752	0	0.00466379	0.0995617	0	0	0	0.000917152	
0.920872	0.0147576	0	0.00466556	0.0992108	0	0	0	0.000916431	
0.920756	0.0147632	0	0.00466732	0.0988611	0	0	0	0.000915724	
0.920641	0.0147688	0	0.00466908	0.0985127	0	0	0	0.000915032	
0.920525	0.0147743	0	0.00467083	0.0981655	0	0	0	0.000914355	
0.92041	0.0147798	0	0.00467257	0.0978196	0	0	0	0.000913693	
0.920295	0.0147853	0	0.0046743	0.0974748	0	0	0	0.000913046	
0.920179	0.0147907	0	0.00467602	0.0971313	0	0	0	0.000912414	
0.920064	0.0147962	0	0.00467774	0.096789	0	0	0	0.000911798	
0.919948	0.0148016	0	0.00467945	0.0964479	0	0	0	0.000911198	
0.919833	0.0148069	0	0.00468115	0.096108	0	0	0	0.000910614	
0.919718	0.0148123	0	0.00468284	0.0957693	0	0	0	0.000910047	
0.919602	0.0148176	0	0.00468452	0.0954318	0	0	0	0.000909497	
0.919487	0.0148229	0	0.0046862	0.0950955	0	0	0	0.000908964	
0.919372	0.0148282	0	0.00468787	0.0947604	0	0	0	0.000908448	
0.919256	0.0148335	0	0.00468953	0.0944265	0	0	0	0.00090795	
0.919141	0.0148387	0	0.00469118	0.0940937	0	0	0	0.00090747	
0.919026	0.0148439	0	0.00469283	0.0937622	0	0	0	0.000907009	
0.91891	0.0148491	0	0.00469447	0.0934318	0	0	0	0.000906567	
0.918795	0.0148542	0	0.0046961	0.0931025	0	0	0	0.000906145	
0.91868	0.0148594	0	0.00469772	0.0927745	0	0	0	0.000905742	
0.918565	0.0148645	0	0.00469934	0.0924476	0	0	0	0.00090536	
0.91845	0.0148695	0	0.00470094	0.0921218	0	0	0	0.000904999	
0.918334	0.0148746	0	0.00470254	0.0917972	0	0	0	0.00090466	
0.918219	0.0148796	0	0.00470413	0.0914737	0	0	0	0.000904343	
0.918104	0.0148847	0	0.00470572	0.0911514	0	0	0	0.000904048	
0.917989	0.0148896	0	0.0047073	0.0908302	0	0	0	0.000903777	
0.917874	0.0148946	0	0.00470887	0.0905102	0	0	0	0.000903531	
0.917759	0.0148996	0	0.00471043	0.0901913	0	0	0	0.000903309	
0.917644	0.0149045	0	0.00471199	0.0898735	0	0	0	0.000903113	
0.917528	0.0149094	0	0.00471353	0.0895568	0	0	0	0.000902945	
0.917413	0.0149142	0	0.00471507	0.0892413	0	0	0	0.000902803	
0.917298	0.0149191	0	0.00471661	0.0889269	0	0	0	0.000902691	
0.917183	0.0149239	0	0.00471813	0.0886135	0	0	0	0.000902609	
0.917068	0.0149287	0	0.00471965	0.0883013	0	0	0	0.000902558	
0.916953	0.0149335	0	0.00472116	0.0879902	0	0	0	0.00090254	
0.916838	0.0149383	0	0.00472267	0.0876802	0	0	0	0.000902555	
0.916723	0.014943	0	0.00472417	0.0873713	0	0	0	0.000902607	
0.916608	0.0149477	0	0.00472566	0.0870635	0	0	0	0.000902696	
0.916493	0.0149524	0	0.00472714	0.0867568	0	0	0	0.000902824	
0.916378	0.0149571	0	0.00472862	0.0864511	0	0	0	0.000902994	
0.916264	0.0149617	0	0.00473008	0.0861465	0	0	0	0.000903207	
0.916149	0.0149664	0	0.00473155	0.085843	0	0	0	0.000903467	
0.916034	0.014971	0	0.004733	0.0855406	0	0	0	0.000903777	
0.915919	0.0149755	0	0.00473445	0.0852393	0	0	0	0.000904139	
0.915804	0.0149801	0	0.00473589	0.084939	0	0	0	0.000904557	
0.915689	0.0149846	0	0.00473733	0.0846398	0	0	0	0.000905035	
0.915574	0.0149891	0	0.00473875	0.0843416	0	0	0	0.000905577	
0.91546	0.0149936	0	0.00474017	0.0840445	0	0	0	0.000906189	
0.915345	0.0149981	0	0.00474159	0.0837484	0	0	0	0.000906876	
