1	0	0	0	1	0	0	0	1	
0.996903	1.14756e-06	0	3.62779e-07	0.99518	0	0	0	0.985309	
0.993828	4.53813e-06	0	1.43495e-06	0.99041	0	0	0	0.970979	
0.990763	1.01154e-05	0	3.19842e-06	0.985666	0	0	0	0.956862	
0.987708	1.78194e-05	0	5.6342e-06	0.980948	0	0	0	0.942953	
0.984663	2.75917e-05	0	8.72386e-06	0.976256	0	0	0	0.929251	
0.981628	3.93758e-05	0	1.24495e-05	0.97159	0	0	0	0.915752	
0.978602	5.31165e-05	0	1.67937e-05	0.966949	0	0	0	0.902452	
0.975587	6.87604e-05	0	2.17395e-05	0.962334	0	0	0	0.889349	
0.972581	8.62552e-05	0	2.72705e-05	0.957743	0	0	0	0.87644	
0.969584	0.00010555	0	3.33706e-05	0.953177	0	0	0	0.863722	
0.966598	0.000126596	0	4.00242e-05	0.948636	0	0	0	0.851193	
0.963621	0.000149345	0	4.72161e-05	0.944119	0	0	0	0.838848	
0.960653	0.00017375	0	5.49315e-05	0.939627	0	0	0	0.826686	
0.957695	0.000199765	0	6.3156e-05	0.935159	0	0	0	0.814704	
0.954746	0.000227345	0	7.18754e-05	0.930714	0	0	0	0.8029	
0.951807	0.000256448	0	8.10759e-05	0.926294	0	0	0	0.791269	
0.948878	0.00028703	0	9.07443e-05	0.921897	0	0	0	0.779811	
0.945957	0.000319051	0	0.000100867	0.917523	0	0	0	0.768522	
0.943046	0.00035247	0	0.000111432	0.913173	0	0	0	0.757399	
0.940144	0.000387247	0	0.000122427	0.908846	0	0	0	0.746441	
0.937252	0.000423344	0	0.000133839	0.904542	0	0	0	0.735645	
0.934369	0.000460724	0	0.000145656	0.90026	0	0	0	0.725009	
0.931495	0.000499349	0	0.000157867	0.896001	0	0	0	0.714529	
0.92863	0.000539184	0	0.00017046	0.891765	0	0	0	0.704204	
0.925774	0.000580194	0	0.000183425	0.887551	0	0	0	0.694032	
0.922927	0.000622344	0	0.00019675	0.883359	0	0	0	0.68401	
0.92009	0.0006656	0	0.000210426	0.879189	0	0	0	0.674136	
0.917261	0.000709931	0	0.00022444	0.875041	0	0	0	0.664407	
0.914441	0.000755303	0	0.000238784	0.870915	0	0	0	0.654822	
0.911631	0.000801686	0	0.000253447	0.86681	0	0	0	0.645379	
0.908829	0.000849049	0	0.000268421	0.862726	0	0	0	0.636075	
0.906036	0.000897361	0	0.000283694	0.858664	0	0	0	0.626908	
0.903252	0.000946594	0	0.000299258	0.854623	0	0	0	0.617876	
0.900477	0.000996718	0	0.000315104	0.850603	0	0	0	0.608977	
0.897711	0.00104771	0	0.000331224	0.846604	0	0	0	0.60021	
0.894953	0.00109953	0	0.000347607	0.842625	0	0	0	0.591572	
0.892204	0.00115216	0	0.000364246	0.838667	0	0	0	0.583061	
0.889464	0.00120558	0	0.000381133	0.834729	0	0	0	0.574676	
0.886732	0.00125975	0	0.000398259	0.830812	0	0	0	0.566414	
0.884009	0.00131465	0	0.000415616	0.826915	0	0	0	0.558274	
0.881295	0.00137027	0	0.000433197	0.823038	0	0	0	0.550254	
0.878589	0.00142656	0	0.000450993	0.819181	0	0	0	0.542352	
0.875892	0.00148351	0	0.000468998	0.815343	0	0	0	0.534566	
0.873203	0.0015411	0	0.000487204	0.811526	0	0	0	0.526895	
0.870523	0.0015993	0	0.000505604	0.807727	0	0	0	0.519337	
0.867851	0.00165809	0	0.00052419	0.803948	0	0	0	0.51189	
0.865188	0.00171746	0	0.000542956	0.800189	0	0	0	0.504553	
0.862533	0.00177736	0	0.000561896	0.796448	0	0	0	0.497324	
0.859887	0.0018378	0	0.000581002	0.792727	0	0	0	0.490201	
0.857248	0.00189874	0	0.000600268	0.789024	0	0	0	0.483183	
0.854618	0.00196017	0	0.000619688	0.785341	0	0	0	0.476268	
0.851997	0.00202207	0	0.000639255	0.781676	0	0	0	0.469455	
0.849383	0.00208441	0	0.000658964	0.778029	0	0	0	0.462743	
0.846778	0.00214718	0	0.000678809	0.774401	0	0	0	0.456129	
0.844181	0.00221037	0	0.000698783	0.770792	0	0	0	0.449612	
0.841592	0.00227394	0	0.000718882	0.7672	0	0	0	0.443191	
0.839011	0.00233789	0	0.000739099	0.763627	0	0	0	0.436864	
0.836439	0.0024022	0	0.000759428	0.760071	0	0	0	0.430631	
0.833874	0.00246685	0	0.000779866	0.756534	0	0	0	0.424489	
0.831318	0.00253182	0	0.000800406	0.753014	0	0	0	0.418437	
0.828769	0.0025971	0	0.000821043	0.749512	0	0	0	0.412474	
0.826228	0.00266267	0	0.000841772	0.746027	0	0	0	0.406599	
0.823696	0.00272852	0	0.000862589	0.74256	0	0	0	0.40081	
0.821171	0.00279462	0	0.000883489	0.73911	0	0	0	0.395106	
0.818655	0.00286098	0	0.000904466	0.735678	0	0	0	0.389485	
0.816146	0.00292757	0	0.000925516	0.732263	0	0	0	0.383948	
0.813645	0.00299437	0	0.000946635	0.728864	0	0	0	0.378491	
0.811151	0.00306138	0	0.000967819	0.725483	0	0	0	0.373115	
0.808666	0.00312857	0	0.000989062	0.722118	0	0	0	0.367817	
0.806188	0.00319595	0	0.00101036	0.71877	0	0	0	0.362597	
0.803719	0.00326348	0	0.00103171	0.715439	0	0	0	0.357454	
0.801256	0.00333117	0	0.00105311	0.712124	0	0	0	0.352386	
0.798802	0.00339899	0	0.00107455	0.708826	0	0	0	0.347393	
0.796355	0.00346694	0	0.00109603	0.705544	0	0	0	0.342473	
0.793916	0.00353501	0	0.00111755	0.702278	0	0	0	0.337624	
0.791485	0.00360317	0	0.0011391	0.699029	0	0	0	0.332847	
0.789061	0.00367143	0	0.00116068	0.695795	0	0	0	0.32814	
0.786644	0.00373976	0	0.00118228	0.692578	0	0	0	0.323502	
0.784235	0.00380816	0	0.0012039	0.689376	0	0	0	0.318932	
0.781834	0.00387662	0	0.00122555	0.68619	0	0	0	0.314429	
0.77944	0.00394512	0	0.0012472	0.68302	0	0	0	0.309992	
0.777054	0.00401366	0	0.00126887	0.679865	0	0	0	0.305619	
0.774675	0.00408223	0	0.00129055	0.676726	0	0	0	0.301311	
0.772303	0.00415081	0	0.00131223	0.673602	0	0	0	0.297066	
0.769939	0.0042194	0	0.00133391	0.670494	0	0	0	0.292883	
0.767582	0.00428799	0	0.00135559	0.667401	0	0	0	0.288761	
0.765233	0.00435656	0	0.00137727	0.664323	0	0	0	0.284699	
0.762891	0.00442511	0	0.00139894	0.66126	0	0	0	0.280697	
0.760556	0.00449363	0	0.0014206	0.658212	0	0	0	0.276754	
0.758228	0.00456211	0	0.00144225	0.655178	0	0	0	0.272868	
0.755908	0.00463055	0	0.00146389	0.65216	0	0	0	0.269039	
0.753595	0.00469893	0	0.00148551	0.649156	0	0	0	0.265265	
0.751289	0.00476724	0	0.0015071	0.646167	0	0	0	0.261547	
0.74899	0.00483549	0	0.00152868	0.643193	0	0	0	0.257884	
0.746698	0.00490365	0	0.00155023	0.640233	0	0	0	0.254274	
0.744414	0.00497173	0	0.00157175	0.637287	0	0	0	0.250716	
0.742136	0.00503971	0	0.00159324	0.634356	0	0	0	0.247211	
0.739866	0.0051076	0	0.0016147	0.631439	0	0	0	0.243756	
0.737603	0.00517537	0	0.00163613	0.628536	0	0	0	0.240352	
0.735346	0.00524303	0	0.00165752	0.625647	0	0	0	0.236998	
0.733097	0.00531056	0	0.00167887	0.622773	0	0	0	0.233693	
0.730855	0.00537797	0	0.00170018	0.619912	0	0	0	0.230436	
0.728619	0.00544524	0	0.00172144	0.617065	0	0	0	0.227227	
0.726391	0.00551238	0	0.00174267	0.614231	0	0	0	0.224064	
0.72417	0.00557936	0	0.00176384	0.611412	0	0	0	0.220947	
0.721955	0.00564619	0	0.00178497	0.608606	0	0	0	0.217876	
0.719747	0.00571286	0	0.00180605	0.605813	0	0	0	0.21485	
0.717546	0.00577937	0	0.00182707	0.603034	0	0	0	0.211868	
0.715352	0.00584571	0	0.00184804	0.600269	0	0	0	0.208929	
0.713165	0.00591187	0	0.00186896	0.597516	0	0	0	0.206033	
0.710984	0.00597785	0	0.00188982	0.594777	0	0	0	0.203179	
0.708811	0.00604365	0	0.00191062	0.592051	0	0	0	0.200367	
0.706644	0.00610925	0	0.00193136	0.589339	0	0	0	0.197596	
0.704483	0.00617466	0	0.00195204	0.586639	0	0	0	0.194865	
0.70233	0.00623987	0	0.00197265	0.583952	0	0	0	0.192173	
0.700183	0.00630487	0	0.0019932	0.581278	0	0	0	0.189521	
0.698042	0.00636966	0	0.00201369	0.578617	0	0	0	0.186908	
0.695909	0.00643424	0	0.0020341	0.575969	0	0	0	0.184332	
0.693782	0.00649861	0	0.00205445	0.573333	0	0	0	0.181794	
0.691661	0.00656275	0	0.00207472	0.57071	0	0	0	0.179293	
0.689547	0.00662666	0	0.00209493	0.568099	0	0	0	0.176829	
0.68744	0.00669034	0	0.00211506	0.565501	0	0	0	0.1744	
0.685339	0.00675379	0	0.00213512	0.562916	0	0	0	0.172006	
0.683245	0.006817	0	0.0021551	0.560342	0	0	0	0.169647	
0.681157	0.00687997	0	0.00217501	0.557781	0	0	0	0.167322	
0.679075	0.00694269	0	0.00219484	0.555233	0	0	0	0.165032	
0.677	0.00700517	0	0.00221459	0.552696	0	0	0	0.162774	
0.674932	0.0070674	0	0.00223426	0.550171	0	0	0	0.160549	
0.672869	0.00712937	0	0.00225385	0.547659	0	0	0	0.158356	
0.670813	0.00719108	0	0.00227336	0.545158	0	0	0	0.156196	
0.668764	0.00725253	0	0.00229279	0.542669	0	0	0	0.154066	
0.666721	0.00731372	0	0.00231213	0.540192	0	0	0	0.151968	
0.664684	0.00737464	0	0.00233139	0.537727	0	0	0	0.1499	
0.662653	0.00743529	0	0.00235057	0.535274	0	0	0	0.147861	
0.660629	0.00749567	0	0.00236965	0.532832	0	0	0	0.145853	
0.658611	0.00755577	0	0.00238865	0.530402	0	0	0	0.143873	
0.656599	0.0076156	0	0.00240757	0.527983	0	0	0	0.141922	
0.654593	0.00767515	0	0.00242639	0.525576	0	0	0	0.14	
0.652594	0.00773441	0	0.00244513	0.52318	0	0	0	0.138105	
0.650601	0.00779339	0	0.00246378	0.520796	0	0	0	0.136238	
0.648614	0.00785209	0	0.00248233	0.518423	0	0	0	0.134397	
0.646633	0.0079105	0	0.0025008	0.516061	0	0	0	0.132584	
0.644658	0.00796861	0	0.00251917	0.51371	0	0	0	0.130796	
0.642689	0.00802644	0	0.00253745	0.51137	0	0	0	0.129034	
0.640726	0.00808397	0	0.00255564	0.509041	0	0	0	0.127298	
0.638769	0.0081412	0	0.00257373	0.506724	0	0	0	0.125587	
0.636819	0.00819814	0	0.00259173	0.504417	0	0	0	0.123901	
0.634874	0.00825477	0	0.00260963	0.502121	0	0	0	0.122239	
0.632936	0.00831111	0	0.00262744	0.499836	0	0	0	0.120601	
0.631003	0.00836714	0	0.00264516	0.497562	0	0	0	0.118986	
0.629076	0.00842287	0	0.00266277	0.495299	0	0	0	0.117395	
0.627155	0.00847829	0	0.0026803	0.493046	0	0	0	0.115827	
0.62524	0.00853341	0	0.00269772	0.490803	0	0	0	0.114282	
0.623332	0.00858822	0	0.00271505	0.488572	0	0	0	0.112758	
0.621428	0.00864272	0	0.00273228	0.48635	0	0	0	0.111257	
0.619531	0.00869691	0	0.00274941	0.48414	0	0	0	0.109778	
0.61764	0.00875078	0	0.00276644	0.481939	0	0	0	0.108319	
0.615754	0.00880435	0	0.00278337	0.479749	0	0	0	0.106882	
0.613875	0.0088576	0	0.00280021	0.477569	0	0	0	0.105466	
0.612001	0.00891053	0	0.00281694	0.4754	0	0	0	0.104069	
0.610132	0.00896315	0	0.00283358	0.473241	0	0	0	0.102693	
0.60827	0.00901545	0	0.00285011	0.471091	0	0	0	0.101337	
0.606413	0.00906744	0	0.00286655	0.468952	0	0	0	0.1	
0.604562	0.00911911	0	0.00288288	0.466823	0	0	0	0.0986828	
0.602717	0.00917046	0	0.00289911	0.464704	0	0	0	0.0973843	
0.600877	0.00922149	0	0.00291525	0.462595	0	0	0	0.0961044	
0.599043	0.0092722	0	0.00293128	0.460495	0	0	0	0.0948429	
0.597215	0.00932259	0	0.00294721	0.458406	0	0	0	0.0935996	
0.595392	0.00937266	0	0.00296304	0.456326	0	0	0	0.0923741	
0.593575	0.00942241	0	0.00297876	0.454256	0	0	0	0.0911662	
0.591764	0.00947184	0	0.00299439	0.452196	0	0	0	0.0899757	
0.589958	0.00952094	0	0.00300991	0.450145	0	0	0	0.0888023	
0.588157	0.00956973	0	0.00302534	0.448104	0	0	0	0.0876457	
0.586363	0.00961819	0	0.00304066	0.446072	0	0	0	0.0865057	
0.584573	0.00966633	0	0.00305587	0.44405	0	0	0	0.0853821	
0.582789	0.00971414	0	0.00307099	0.442037	0	0	0	0.0842746	
0.581011	0.00976163	0	0.003086	0.440034	0	0	0	0.0831829	
0.579238	0.0098088	0	0.00310092	0.43804	0	0	0	0.082107	
0.577471	0.00985565	0	0.00311572	0.436055	0	0	0	0.0810464	
0.575709	0.00990217	0	0.00313043	0.43408	0	0	0	0.0800011	
0.573952	0.00994837	0	0.00314504	0.432114	0	0	0	0.0789707	
0.572201	0.00999425	0	0.00315954	0.430157	0	0	0	0.0779551	
0.570455	0.0100398	0	0.00317394	0.428209	0	0	0	0.0769541	
0.568715	0.010085	0	0.00318824	0.42627	0	0	0	0.0759674	
0.56698	0.0101299	0	0.00320244	0.42434	0	0	0	0.0749948	
0.56525	0.0101745	0	0.00321653	0.422419	0	0	0	0.0740362	
0.563525	0.0102188	0	0.00323053	0.420507	0	0	0	0.0730912	
0.561806	0.0102627	0	0.00324442	0.418604	0	0	0	0.0721599	
0.560092	0.0103064	0	0.00325821	0.41671	0	0	0	0.0712418	
0.558384	0.0103497	0	0.0032719	0.414825	0	0	0	0.0703369	
0.55668	0.0103926	0	0.00328549	0.412948	0	0	0	0.0694449	
0.554982	0.0104353	0	0.00329897	0.41108	0	0	0	0.0685657	
0.553289	0.0104776	0	0.00331236	0.409221	0	0	0	0.0676991	
0.551602	0.0105197	0	0.00332564	0.40737	0	0	0	0.0668449	
0.549919	0.0105614	0	0.00333883	0.405529	0	0	0	0.0660029	
0.548242	0.0106028	0	0.00335191	0.403695	0	0	0	0.0651729	
0.54657	0.0106438	0	0.0033649	0.40187	0	0	0	0.0643548	
0.544903	0.0106846	0	0.00337778	0.400054	0	0	0	0.0635485	
0.543241	0.010725	0	0.00339056	0.398246	0	0	0	0.0627537	
0.541584	0.0107651	0	0.00340325	0.396446	0	0	0	0.0619702	
