1	0	0	0	1	0	0	0	1	
0.999937	8.91746e-07	0	2.02434e-07	0.995048	0	0	0	0.980804	
0.999875	3.50965e-06	0	7.97223e-07	0.99016	0	0	0	0.962254	
0.999813	7.78975e-06	0	1.76936e-06	0.985299	0	0	0	0.944057	
0.999752	1.36661e-05	0	3.10386e-06	0.980464	0	0	0	0.926208	
0.99969	2.10769e-05	0	4.78671e-06	0.975655	0	0	0	0.908698	
0.999629	2.99641e-05	0	6.80472e-06	0.970872	0	0	0	0.891523	
0.999568	4.02729e-05	0	9.14547e-06	0.966114	0	0	0	0.874674	
0.999508	5.19517e-05	0	1.17972e-05	0.961383	0	0	0	0.858147	
0.999447	6.49514e-05	0	1.47488e-05	0.956676	0	0	0	0.841934	
0.999387	7.92254e-05	0	1.79897e-05	0.951995	0	0	0	0.826031	
0.999327	9.47294e-05	0	2.15098e-05	0.947338	0	0	0	0.81043	
0.999267	0.000111421	0	2.52996e-05	0.942707	0	0	0	0.795126	
0.999207	0.00012926	0	2.93497e-05	0.938099	0	0	0	0.780114	
0.999147	0.000148207	0	3.36516e-05	0.933516	0	0	0	0.765388	
0.999088	0.000168226	0	3.81966e-05	0.928958	0	0	0	0.750942	
0.999029	0.00018928	0	4.29767e-05	0.924423	0	0	0	0.736771	
0.99897	0.000211336	0	4.79842e-05	0.919912	0	0	0	0.722869	
0.998911	0.00023436	0	5.32115e-05	0.915425	0	0	0	0.709233	
0.998852	0.000258321	0	5.86515e-05	0.910961	0	0	0	0.695856	
0.998794	0.000283188	0	6.42971e-05	0.906521	0	0	0	0.682733	
0.998735	0.000308931	0	7.01417e-05	0.902104	0	0	0	0.66986	
0.998677	0.000335522	0	7.61787e-05	0.89771	0	0	0	0.657232	
0.998619	0.000362933	0	8.24019e-05	0.893338	0	0	0	0.644844	
0.998561	0.000391138	0	8.88052e-05	0.88899	0	0	0	0.632692	
0.998503	0.000420109	0	9.53827e-05	0.884664	0	0	0	0.620771	
0.998445	0.000449824	0	0.000102129	0.88036	0	0	0	0.609077	
0.998388	0.000480256	0	0.000109038	0.876079	0	0	0	0.597605	
0.99833	0.000511382	0	0.000116104	0.87182	0	0	0	0.586351	
0.998273	0.00054318	0	0.000123324	0.867582	0	0	0	0.575311	
0.998216	0.000575628	0	0.00013069	0.863367	0	0	0	0.564481	
0.998159	0.000608703	0	0.000138199	0.859173	0	0	0	0.553857	
0.998102	0.000642385	0	0.000145846	0.855001	0	0	0	0.543435	
0.998045	0.000676654	0	0.000153626	0.85085	0	0	0	0.533211	
0.997988	0.000711489	0	0.000161534	0.846721	0	0	0	0.523182	
0.997931	0.000746872	0	0.000169567	0.842612	0	0	0	0.513343	
0.997875	0.000782783	0	0.00017772	0.838525	0	0	0	0.503691	
0.997819	0.000819206	0	0.000185989	0.834459	0	0	0	0.494222	
0.997762	0.000856121	0	0.00019437	0.830413	0	0	0	0.484934	
0.997706	0.000893512	0	0.000202859	0.826388	0	0	0	0.475821	
0.99765	0.000931362	0	0.000211452	0.822383	0	0	0	0.466882	
0.997594	0.000969655	0	0.000220145	0.818399	0	0	0	0.458113	
0.997538	0.00100838	0	0.000228936	0.814435	0	0	0	0.44951	
0.997482	0.00104751	0	0.00023782	0.810491	0	0	0	0.441071	
0.997426	0.00108704	0	0.000246794	0.806567	0	0	0	0.432792	
0.997371	0.00112695	0	0.000255854	0.802664	0	0	0	0.42467	
0.997315	0.00116722	0	0.000264998	0.798779	0	0	0	0.416702	
0.99726	0.00120785	0	0.000274223	0.794915	0	0	0	0.408886	
0.997204	0.00124883	0	0.000283524	0.79107	0	0	0	0.401218	
0.997149	0.00129012	0	0.0002929	0.787244	0	0	0	0.393696	
0.997094	0.00133174	0	0.000302348	0.783438	0	0	0	0.386316	
0.997039	0.00137365	0	0.000311863	0.779651	0	0	0	0.379076	
0.996984	0.00141586	0	0.000321445	0.775883	0	0	0	0.371974	
0.996929	0.00145834	0	0.000331089	0.772134	0	0	0	0.365007	
0.996874	0.00150109	0	0.000340794	0.768403	0	0	0	0.358172	
0.996819	0.00154409	0	0.000350557	0.764692	0	0	0	0.351466	
0.996764	0.00158734	0	0.000360375	0.760999	0	0	0	0.344888	
0.996709	0.00163082	0	0.000370246	0.757324	0	0	0	0.338434	
0.996655	0.00167452	0	0.000380168	0.753668	0	0	0	0.332103	
0.9966	0.00171844	0	0.000390138	0.750031	0	0	0	0.325892	
0.996546	0.00176256	0	0.000400154	0.746411	0	0	0	0.319799	
0.996491	0.00180687	0	0.000410214	0.74281	0	0	0	0.313822	
0.996437	0.00185136	0	0.000420315	0.739226	0	0	0	0.307957	
0.996382	0.00189603	0	0.000430456	0.735661	0	0	0	0.302204	
0.996328	0.00194087	0	0.000440635	0.732113	0	0	0	0.29656	
0.996274	0.00198586	0	0.000450849	0.728583	0	0	0	0.291023	
0.99622	0.002031	0	0.000461097	0.725071	0	0	0	0.285591	
0.996166	0.00207628	0	0.000471377	0.721576	0	0	0	0.280262	
0.996112	0.00212169	0	0.000481687	0.718098	0	0	0	0.275034	
0.996058	0.00216723	0	0.000492024	0.714638	0	0	0	0.269905	
0.996004	0.00221288	0	0.000502389	0.711195	0	0	0	0.264873	
0.99595	0.00225864	0	0.000512777	0.707769	0	0	0	0.259936	
0.995896	0.0023045	0	0.000523189	0.70436	0	0	0	0.255093	
0.995842	0.00235046	0	0.000533623	0.700968	0	0	0	0.250342	
0.995788	0.0023965	0	0.000544076	0.697593	0	0	0	0.245681	
0.995735	0.00244263	0	0.000554547	0.694234	0	0	0	0.241108	
0.995681	0.00248883	0	0.000565036	0.690892	0	0	0	0.236621	
0.995628	0.0025351	0	0.000575539	0.687567	0	0	0	0.23222	
0.995574	0.00258142	0	0.000586057	0.684258	0	0	0	0.227902	
0.995521	0.00262781	0	0.000596587	0.680965	0	0	0	0.223665	
0.995467	0.00267424	0	0.000607129	0.677689	0	0	0	0.219509	
0.995414	0.00272072	0	0.00061768	0.674429	0	0	0	0.215432	
0.99536	0.00276723	0	0.00062824	0.671185	0	0	0	0.211431	
0.995307	0.00281378	0	0.000638807	0.667957	0	0	0	0.207506	
0.995254	0.00286035	0	0.00064938	0.664745	0	0	0	0.203656	
0.995201	0.00290695	0	0.000659959	0.661549	0	0	0	0.199879	
0.995147	0.00295356	0	0.000670541	0.658368	0	0	0	0.196172	
0.995094	0.00300019	0	0.000681126	0.655203	0	0	0	0.192536	
0.995041	0.00304682	0	0.000691712	0.652054	0	0	0	0.188969	
0.994988	0.00309345	0	0.000702299	0.64892	0	0	0	0.185469	
0.994935	0.00314008	0	0.000712885	0.645802	0	0	0	0.182036	
0.994882	0.00318671	0	0.00072347	0.642699	0	0	0	0.178667	
0.994829	0.00323332	0	0.000734052	0.639611	0	0	0	0.175362	
0.994776	0.00327992	0	0.000744631	0.636538	0	0	0	0.172119	
0.994723	0.00332649	0	0.000755205	0.63348	0	0	0	0.168938	
0.99467	0.00337305	0	0.000765774	0.630438	0	0	0	0.165817	
0.994617	0.00341957	0	0.000776337	0.62741	0	0	0	0.162755	
0.994565	0.00346607	0	0.000786892	0.624397	0	0	0	0.159751	
0.994512	0.00351253	0	0.00079744	0.621399	0	0	0	0.156803	
0.994459	0.00355895	0	0.000807979	0.618416	0	0	0	0.153911	
0.994406	0.00360533	0	0.000818508	0.615447	0	0	0	0.151074	
0.994354	0.00365167	0	0.000829027	0.612493	0	0	0	0.14829	
0.994301	0.00369795	0	0.000839534	0.609553	0	0	0	0.145559	
0.994248	0.00374418	0	0.00085003	0.606628	0	0	0	0.142879	
0.994196	0.00379036	0	0.000860514	0.603717	0	0	0	0.14025	
0.994143	0.00383648	0	0.000870984	0.60082	0	0	0	0.137671	
0.994091	0.00388254	0	0.00088144	0.597937	0	0	0	0.13514	
0.994038	0.00392853	0	0.000891882	0.595068	0	0	0	0.132657	
0.993986	0.00397446	0	0.000902308	0.592214	0	0	0	0.130221	
0.993933	0.00402031	0	0.000912718	0.589373	0	0	0	0.127831	
0.993881	0.0040661	0	0.000923112	0.586546	0	0	0	0.125486	
0.993828	0.00411181	0	0.000933489	0.583733	0	0	0	0.123185	
0.993776	0.00415744	0	0.000943849	0.580934	0	0	0	0.120927	
0.993724	0.00420299	0	0.00095419	0.578148	0	0	0	0.118712	
0.993671	0.00424846	0	0.000964512	0.575376	0	0	0	0.116539	
0.993619	0.00429384	0	0.000974815	0.572617	0	0	0	0.114407	
0.993567	0.00433914	0	0.000985099	0.569872	0	0	0	0.112315	
0.993515	0.00438435	0	0.000995362	0.56714	0	0	0	0.110262	
0.993462	0.00442946	0	0.0010056	0.564422	0	0	0	0.108248	
0.99341	0.00447449	0	0.00101583	0.561716	0	0	0	0.106272	
0.993358	0.00451942	0	0.00102603	0.559024	0	0	0	0.104333	
0.993306	0.00456425	0	0.0010362	0.556345	0	0	0	0.102431	
0.993254	0.00460898	0	0.00104636	0.553679	0	0	0	0.100565	
0.993201	0.00465361	0	0.00105649	0.551026	0	0	0	0.0987332	
0.993149	0.00469814	0	0.0010666	0.548386	0	0	0	0.0969362	
0.993097	0.00474256	0	0.00107668	0.545758	0	0	0	0.0951731	
0.993045	0.00478688	0	0.00108675	0.543144	0	0	0	0.0934432	
0.992993	0.00483109	0	0.00109678	0.540542	0	0	0	0.0917457	
0.992941	0.00487519	0	0.00110679	0.537952	0	0	0	0.0900803	
0.992889	0.00491918	0	0.00111678	0.535376	0	0	0	0.0884461	
0.992837	0.00496305	0	0.00112674	0.532812	0	0	0	0.0868426	
0.992785	0.00500682	0	0.00113668	0.53026	0	0	0	0.0852693	
0.992733	0.00505047	0	0.00114659	0.52772	0	0	0	0.0837256	
0.992681	0.005094	0	0.00115647	0.525193	0	0	0	0.0822108	
0.992629	0.00513741	0	0.00116633	0.522678	0	0	0	0.0807245	
0.992577	0.00518071	0	0.00117615	0.520176	0	0	0	0.0792662	
0.992526	0.00522389	0	0.00118596	0.517685	0	0	0	0.0778352	
0.992474	0.00526694	0	0.00119573	0.515207	0	0	0	0.0764311	
0.992422	0.00530987	0	0.00120548	0.51274	0	0	0	0.0750533	
0.99237	0.00535268	0	0.0012152	0.510286	0	0	0	0.0737014	
0.992318	0.00539537	0	0.00122489	0.507843	0	0	0	0.0723748	
0.992266	0.00543793	0	0.00123455	0.505412	0	0	0	0.0710732	
0.992215	0.00548036	0	0.00124418	0.502993	0	0	0	0.0697959	
0.992163	0.00552267	0	0.00125379	0.500586	0	0	0	0.0685427	
0.992111	0.00556485	0	0.00126336	0.49819	0	0	0	0.0673129	
0.992059	0.0056069	0	0.00127291	0.495806	0	0	0	0.0661061	
0.992008	0.00564882	0	0.00128243	0.493433	0	0	0	0.064922	
0.991956	0.00569061	0	0.00129191	0.491072	0	0	0	0.0637601	
0.991904	0.00573226	0	0.00130137	0.488722	0	0	0	0.0626199	
0.991852	0.00577379	0	0.0013108	0.486384	0	0	0	0.0615011	
0.991801	0.00581518	0	0.00132019	0.484057	0	0	0	0.0604032	
0.991749	0.00585644	0	0.00132956	0.481741	0	0	0	0.0593259	
0.991697	0.00589757	0	0.0013389	0.479436	0	0	0	0.0582687	
0.991646	0.00593856	0	0.0013482	0.477142	0	0	0	0.0572313	
0.991594	0.00597942	0	0.00135748	0.47486	0	0	0	0.0562133	
0.991543	0.00602014	0	0.00136672	0.472589	0	0	0	0.0552144	
0.991491	0.00606072	0	0.00137594	0.470328	0	0	0	0.0542341	
0.991439	0.00610117	0	0.00138512	0.468078	0	0	0	0.0532722	
0.991388	0.00614148	0	0.00139427	0.46584	0	0	0	0.0523283	
0.991336	0.00618165	0	0.00140339	0.463612	0	0	0	0.0514019	
0.991285	0.00622169	0	0.00141248	0.461395	0	0	0	0.0504929	
0.991233	0.00626158	0	0.00142154	0.459188	0	0	0	0.0496009	
0.991182	0.00630134	0	0.00143056	0.456992	0	0	0	0.0487255	
0.99113	0.00634096	0	0.00143956	0.454807	0	0	0	0.0478664	
0.991079	0.00638044	0	0.00144852	0.452632	0	0	0	0.0470234	
0.991027	0.00641977	0	0.00145745	0.450468	0	0	0	0.0461961	
0.990976	0.00645897	0	0.00146635	0.448314	0	0	0	0.0453842	
0.990924	0.00649803	0	0.00147522	0.446171	0	0	0	0.0445875	
0.990873	0.00653695	0	0.00148405	0.444037	0	0	0	0.0438056	
0.990821	0.00657572	0	0.00149285	0.441915	0	0	0	0.0430383	
0.99077	0.00661436	0	0.00150162	0.439802	0	0	0	0.0422852	
0.990719	0.00665285	0	0.00151036	0.437699	0	0	0	0.0415462	
0.990667	0.0066912	0	0.00151907	0.435607	0	0	0	0.040821	
0.990616	0.00672941	0	0.00152774	0.433525	0	0	0	0.0401092	
0.990564	0.00676748	0	0.00153639	0.431453	0	0	0	0.0394107	
0.990513	0.00680541	0	0.001545	0.42939	0	0	0	0.0387252	
0.990462	0.0068432	0	0.00155358	0.427338	0	0	0	0.0380525	
0.99041	0.00688084	0	0.00156212	0.425295	0	0	0	0.0373922	
0.990359	0.00691834	0	0.00157063	0.423263	0	0	0	0.0367442	
0.990307	0.0069557	0	0.00157912	0.42124	0	0	0	0.0361083	
0.990256	0.00699291	0	0.00158756	0.419227	0	0	0	0.0354841	
0.990205	0.00702999	0	0.00159598	0.417223	0	0	0	0.0348716	
0.990154	0.00706692	0	0.00160437	0.41523	0	0	0	0.0342704	
0.990102	0.00710371	0	0.00161272	0.413245	0	0	0	0.0336803	
0.990051	0.00714035	0	0.00162104	0.411271	0	0	0	0.0331012	
0.99	0.00717686	0	0.00162932	0.409305	0	0	0	0.0325329	
0.989948	0.00721322	0	0.00163758	0.40735	0	0	0	0.0319751	
0.989897	0.00724944	0	0.0016458	0.405403	0	0	0	0.0314276	
0.989846	0.00728552	0	0.00165399	0.403466	0	0	0	0.0308902	
0.989795	0.00732145	0	0.00166215	0.401539	0	0	0	0.0303628	
0.989743	0.00735725	0	0.00167028	0.39962	0	0	0	0.0298452	
0.989692	0.0073929	0	0.00167837	0.397711	0	0	0	0.0293371	
0.989641	0.00742841	0	0.00168643	0.395811	0	0	0	0.0288384	
0.98959	0.00746377	0	0.00169446	0.39392	0	0	0	0.028349	
0.989538	0.007499	0	0.00170246	0.392038	0	0	0	0.0278686	
0.989487	0.00753408	0	0.00171042	0.390165	0	0	0	0.027397	
0.989436	0.00756903	0	0.00171836	0.388302	0	0	0	0.0269342	
0.989385	0.00760383	0	0.00172626	0.386447	0	0	0	0.0264799	
0.989334	0.00763849	0	0.00173412	0.384601	0	0	0	0.026034	
0.989282	0.00767301	0	0.00174196	0.382764	0	0	0	0.0255963	
0.989231	0.00770739	0	0.00174977	0.380935	0	0	0	0.0251667	
0.98918	0.00774163	0	0.00175754	0.379116	0	0	0	0.024745	
0.989129	0.00777573	0	0.00176528	0.377305	0	0	0	0.0243311	
0.989078	0.00780969	0	0.00177299	0.375503	0	0	0	0.0239247	
0.989027	0.00784351	0	0.00178067	0.37371	0	0	0	0.0235259	
0.988976	0.00787719	0	0.00178831	0.371925	0	0	0	0.0231344	
0.988924	0.00791073	0	0.00179593	0.370149	0	0	0	0.0227501	
0.988873	0.00794413	0	0.00180351	0.368381	0	0	0	0.0223729	
0.988822	0.00797739	0	0.00181106	0.366622	0	0	0	0.0220025	
0.988771	0.00801051	0	0.00181858	0.364871	0	0	0	0.021639	
0.98872	0.0080435	0	0.00182607	0.363128	0	0	0	0.0212822	
0.988669	0.00807634	0	0.00183353	0.361394	0	0	0	0.0209319	
0.988618	0.00810905	0	0.00184095	0.359669	0	0	0	0.020588	
0.988567	0.00814162	0	0.00184835	0.357951	0	0	0	0.0202504	
0.988516	0.00817406	0	0.00185571	0.356242	0	0	0	0.0199191	
0.988465	0.00820635	0	0.00186304	0.354541	0	0	0	0.0195937	
0.988414	0.00823851	0	0.00187034	0.352848	0	0	0	0.0192744	
0.988362	0.00827054	0	0.00187761	0.351163	0	0	0	0.0189608	
0.988311	0.00830242	0	0.00188485	0.349487	0	0	0	0.018653	
0.98826	0.00833418	0	0.00189206	0.347818	0	0	0	0.0183509	
0.988209	0.00836579	0	0.00189924	0.346157	0	0	0	0.0180542	
0.988158	0.00839727	0	0.00190638	0.344505	0	0	0	0.017763	
0.988107	0.00842862	0	0.0019135	0.34286	0	0	0	0.017477	
0.988056	0.00845983	0	0.00192059	0.341223	0	0	0	0.0171963	
0.988005	0.00849091	0	0.00192764	0.339594	0	0	0	0.0169207	
0.987954	0.00852185	0	0.00193467	0.337973	0	0	0	0.0166501	
0.987903	0.00855266	0	0.00194166	0.336359	0	0	0	0.0163844	
0.987852	0.00858334	0	0.00194863	0.334754	0	0	0	0.0161236	
0.987801	0.00861388	0	0.00195556	0.333156	0	0	0	0.0158675	
0.98775	0.00864429	0	0.00196246	0.331565	0	0	0	0.0156161	
0.987699	0.00867457	0	0.00196934	0.329982	0	0	0	0.0153692	
0.987648	0.00870472	0	0.00197618	0.328407	0	0	0	0.0151268	
0.987597	0.00873473	0	0.001983	0.32684	0	0	0	0.0148888	
0.987546	0.00876462	0	0.00198978	0.32528	0	0	0	0.0146551	
0.987495	0.00879437	0	0.00199654	0.323727	0	0	0	0.0144257	
0.987445	0.008824	0	0.00200326	0.322182	0	0	0	0.0142004	
0.987394	0.00885349	0	0.00200996	0.320644	0	0	0	0.0139791	
0.987343	0.00888286	0	0.00201662	0.319113	0	0	0	0.0137619	
0.987292	0.00891209	0	0.00202326	0.31759	0	0	0	0.0135486	
0.987241	0.0089412	0	0.00202987	0.316074	0	0	0	0.0133392	
0.98719	0.00897018	0	0.00203645	0.314566	0	0	0	0.0131335	
0.987139	0.00899903	0	0.002043	0.313065	0	0	0	0.0129315	
0.987088	0.00902775	0	0.00204952	0.31157	0	0	0	0.0127332	
0.987037	0.00905635	0	0.00205601	0.310083	0	0	0	0.0125384	
0.986986	0.00908481	0	0.00206247	0.308603	0	0	0	0.0123472	
0.986935	0.00911316	0	0.00206891	0.307131	0	0	0	0.0121594	
0.986885	0.00914137	0	0.00207531	0.305665	0	0	0	0.0119749	
0.986834	0.00916946	0	0.00208169	0.304206	0	0	0	0.0117938	
0.986783	0.00919743	0	0.00208804	0.302754	0	0	0	0.0116159	
0.986732	0.00922527	0	0.00209436	0.30131	0	0	0	0.0114412	
0.986681	0.00925299	0	0.00210065	0.299872	0	0	0	0.0112696	
0.98663	0.00928058	0	0.00210691	0.298441	0	0	0	0.0111012	
0.986579	0.00930805	0	0.00211315	0.297017	0	0	0	0.0109357	
0.986528	0.00933539	0	0.00211936	0.295599	0	0	0	0.0107731	
0.986478	0.00936262	0	0.00212554	0.294189	0	0	0	0.0106135	
0.986427	0.00938972	0	0.00213169	0.292785	0	0	0	0.0104567	
0.986376	0.00941669	0	0.00213782	0.291388	0	0	0	0.0103028	
0.986325	0.00944355	0	0.00214391	0.289997	0	0	0	0.0101515	
0.986274	0.00947029	0	0.00214998	0.288614	0	0	0	0.010003	
0.986223	0.0094969	0	0.00215602	0.287236	0	0	0	0.00985705	
0.986173	0.0095234	0	0.00216204	0.285866	0	0	0	0.00971374	
0.986122	0.00954977	0	0.00216803	0.284502	0	0	0	0.00957296	
0.986071	0.00957603	0	0.00217399	0.283144	0	0	0	0.00943468	
0.98602	0.00960216	0	0.00217992	0.281793	0	0	0	0.00929886	
0.985969	0.00962818	0	0.00218583	0.280449	0	0	0	0.00916543	
0.985919	0.00965408	0	0.00219171	0.279111	0	0	0	0.00903437	
0.985868	0.00967986	0	0.00219756	0.277779	0	0	0	0.00890562	
0.985817	0.00970553	0	0.00220339	0.276454	0	0	0	0.00877914	
0.985766	0.00973108	0	0.00220919	0.275135	0	0	0	0.00865489	
0.985715	0.00975651	0	0.00221496	0.273822	0	0	0	0.00853284	
0.985665	0.00978182	0	0.00222071	0.272516	0	0	0	0.00841293	
0.985614	0.00980702	0	0.00222643	0.271216	0	0	0	0.00829513	
0.985563	0.00983211	0	0.00223212	0.269922	0	0	0	0.00817939	
0.985512	0.00985708	0	0.00223779	0.268634	0	0	0	0.00806569	
0.985462	0.00988193	0	0.00224344	0.267352	0	0	0	0.00795399	
0.985411	0.00990668	0	0.00224905	0.266077	0	0	0	0.00784423	
0.98536	0.0099313	0	0.00225464	0.264808	0	0	0	0.0077364	
0.985309	0.00995582	0	0.00226021	0.263544	0	0	0	0.00763046	
0.985259	0.00998022	0	0.00226575	0.262287	0	0	0	0.00752636	
0.985208	0.0100045	0	0.00227126	0.261036	0	0	0	0.00742408	
0.985157	0.0100287	0	0.00227675	0.259791	0	0	0	0.00732357	
0.985106	0.0100528	0	0.00228222	0.258551	0	0	0	0.00722482	
0.985056	0.0100767	0	0.00228765	0.257318	0	0	0	0.00712779	
0.985005	0.0101006	0	0.00229307	0.25609	0	0	0	0.00703244	
0.984954	0.0101243	0	0.00229846	0.254869	0	0	0	0.00693874	
0.984904	0.0101479	0	0.00230382	0.253653	0	0	0	0.00684666	
0.984853	0.0101714	0	0.00230916	0.252443	0	0	0	0.00675618	
0.984802	0.0101948	0	0.00231447	0.251239	0	0	0	0.00666726	
0.984752	0.0102181	0	0.00231976	0.25004	0	0	0	0.00657988	
0.984701	0.0102413	0	0.00232503	0.248848	0	0	0	0.006494	
0.98465	0.0102644	0	0.00233027	0.247661	0	0	0	0.00640961	
0.984599	0.0102874	0	0.00233548	0.246479	0	0	0	0.00632666	
0.984549	0.0103103	0	0.00234068	0.245304	0	0	0	0.00624514	
0.984498	0.010333	0	0.00234584	0.244134	0	0	0	0.00616501	
0.984447	0.0103557	0	0.00235099	0.242969	0	0	0	0.00608626	
0.984397	0.0103782	0	0.00235611	0.24181	0	0	0	0.00600886	
0.984346	0.0104007	0	0.00236121	0.240657	0	0	0	0.00593278	
0.984295	0.010423	0	0.00236628	0.239509	0	0	0	0.00585799	
0.984245	0.0104453	0	0.00237133	0.238367	0	0	0	0.00578449	
0.984194	0.0104674	0	0.00237635	0.23723	0	0	0	0.00571223	
0.984144	0.0104894	0	0.00238135	0.236098	0	0	0	0.0056412	
0.984093	0.0105114	0	0.00238633	0.234972	0	0	0	0.00557138	
0.984042	0.0105332	0	0.00239129	0.233852	0	0	0	0.00550274	
0.983992	0.0105549	0	0.00239622	0.232736	0	0	0	0.00543526	
0.983941	0.0105766	0	0.00240113	0.231626	0	0	0	0.00536892	
0.98389	0.0105981	0	0.00240601	0.230522	0	0	0	0.0053037	
0.98384	0.0106195	0	0.00241088	0.229422	0	0	0	0.00523958	
0.983789	0.0106408	0	0.00241572	0.228328	0	0	0	0.00517654	
0.983739	0.010662	0	0.00242054	0.227239	0	0	0	0.00511456	
0.983688	0.0106832	0	0.00242533	0.226156	0	0	0	0.00505362	
0.983637	0.0107042	0	0.0024301	0.225077	0	0	0	0.0049937	
0.983587	0.0107251	0	0.00243485	0.224004	0	0	0	0.00493478	
0.983536	0.0107459	0	0.00243958	0.222935	0	0	0	0.00487685	
0.983485	0.0107667	0	0.00244429	0.221872	0	0	0	0.00481988	
0.983435	0.0107873	0	0.00244897	0.220814	0	0	0	0.00476386	
0.983384	0.0108078	0	0.00245363	0.219761	0	0	0	0.00470877	
0.983334	0.0108283	0	0.00245827	0.218713	0	0	0	0.0046546	
0.983283	0.0108486	0	0.00246289	0.21767	0	0	0	0.00460132	
0.983233	0.0108688	0	0.00246748	0.216632	0	0	0	0.00454893	
0.983182	0.010889	0	0.00247206	0.215599	0	0	0	0.0044974	
0.983131	0.010909	0	0.00247661	0.214571	0	0	0	0.00444672	
0.983081	0.010929	0	0.00248114	0.213548	0	0	0	0.00439687	
0.98303	0.0109489	0	0.00248565	0.212529	0	0	0	0.00434784	
0.98298	0.0109686	0	0.00249014	0.211516	0	0	0	0.00429962	
0.982929	0.0109883	0	0.00249461	0.210507	0	0	0	0.00425218	
0.982879	0.0110079	0	0.00249905	0.209503	0	0	0	0.00420553	
0.982828	0.0110274	0	0.00250348	0.208504	0	0	0	0.00415963	
0.982778	0.0110468	0	0.00250788	0.20751	0	0	0	0.00411448	
0.982727	0.0110661	0	0.00251226	0.206521	0	0	0	0.00407006	
0.982676	0.0110853	0	0.00251663	0.205536	0	0	0	0.00402636	
0.982626	0.0111044	0	0.00252097	0.204556	0	0	0	0.00398338	
0.982575	0.0111235	0	0.00252529	0.203581	0	0	0	0.00394108	
0.982525	0.0111424	0	0.00252959	0.20261	0	0	0	0.00389947	
0.982474	0.0111613	0	0.00253387	0.201644	0	0	0	0.00385853	
0.982424	0.01118	0	0.00253813	0.200682	0	0	0	0.00381825	
0.982373	0.0111987	0	0.00254237	0.199725	0	0	0	0.00377861	
0.982323	0.0112173	0	0.00254659	0.198773	0	0	0	0.00373961	
0.982272	0.0112358	0	0.00255079	0.197825	0	0	0	0.00370123	
0.982222	0.0112542	0	0.00255497	0.196882	0	0	0	0.00366346	
0.982171	0.0112725	0	0.00255913	0.195943	0	0	0	0.00362629	
0.982121	0.0112907	0	0.00256327	0.195009	0	0	0	0.00358971	
0.98207	0.0113089	0	0.00256739	0.194079	0	0	0	0.00355372	
0.98202	0.011327	0	0.00257149	0.193154	0	0	0	0.00351829	
0.981969	0.0113449	0	0.00257557	0.192233	0	0	0	0.00348342	
0.981919	0.0113628	0	0.00257963	0.191317	0	0	0	0.0034491	
0.981868	0.0113806	0	0.00258367	0.190404	0	0	0	0.00341532	
0.981818	0.0113983	0	0.00258769	0.189497	0	0	0	0.00338207	
0.981767	0.011416	0	0.00259169	0.188593	0	0	0	0.00334934	
0.981717	0.0114335	0	0.00259568	0.187694	0	0	0	0.00331712	
0.981667	0.011451	0	0.00259964	0.186799	0	0	0	0.0032854	
0.981616	0.0114684	0	0.00260359	0.185909	0	0	0	0.00325417	
0.981566	0.0114857	0	0.00260752	0.185022	0	0	0	0.00322343	
0.981515	0.0115029	0	0.00261143	0.18414	0	0	0	0.00319317	
0.981465	0.01152	0	0.00261531	0.183262	0	0	0	0.00316337	
0.981414	0.0115371	0	0.00261919	0.182389	0	0	0	0.00313403	
0.981364	0.011554	0	0.00262304	0.181519	0	0	0	0.00310514	
0.981313	0.0115709	0	0.00262687	0.180654	0	0	0	0.00307669	
0.981263	0.0115877	0	0.00263069	0.179793	0	0	0	0.00304868	
0.981213	0.0116045	0	0.00263449	0.178935	0	0	0	0.0030211	
0.981162	0.0116211	0	0.00263826	0.178082	0	0	0	0.00299393	
0.981112	0.0116377	0	0.00264203	0.177233	0	0	0	0.00296718	
0.981061	0.0116542	0	0.00264577	0.176389	0	0	0	0.00294083	
0.981011	0.0116706	0	0.00264949	0.175548	0	0	0	0.00291488	
0.98096	0.0116869	0	0.0026532	0.174711	0	0	0	0.00288932	
0.98091	0.0117031	0	0.00265689	0.173878	0	0	0	0.00286415	
0.98086	0.0117193	0	0.00266056	0.173049	0	0	0	0.00283935	
0.980809	0.0117354	0	0.00266421	0.172224	0	0	0	0.00281492	
0.980759	0.0117514	0	0.00266785	0.171403	0	0	0	0.00279086	
0.980708	0.0117674	0	0.00267147	0.170586	0	0	0	0.00276716	
0.980658	0.0117832	0	0.00267507	0.169773	0	0	0	0.0027438	
0.980608	0.011799	0	0.00267865	0.168964	0	0	0	0.0027208	
0.980557	0.0118147	0	0.00268222	0.168158	0	0	0	0.00269813	
0.980507	0.0118304	0	0.00268577	0.167357	0	0	0	0.00267579	
0.980456	0.0118459	0	0.0026893	0.166559	0	0	0	0.00265379	
0.980406	0.0118614	0	0.00269282	0.165765	0	0	0	0.0026321	
0.980356	0.0118768	0	0.00269631	0.164975	0	0	0	0.00261073	
0.980305	0.0118921	0	0.0026998	0.164188	0	0	0	0.00258967	
0.980255	0.0119074	0	0.00270326	0.163406	0	0	0	0.00256892	
0.980205	0.0119226	0	0.00270671	0.162627	0	0	0	0.00254847	
0.980154	0.0119377	0	0.00271014	0.161852	0	0	0	0.00252831	
0.980104	0.0119527	0	0.00271355	0.16108	0	0	0	0.00250845	
0.980054	0.0119677	0	0.00271695	0.160312	0	0	0	0.00248886	
0.980003	0.0119826	0	0.00272033	0.159548	0	0	0	0.00246956	
0.979953	0.0119974	0	0.0027237	0.158788	0	0	0	0.00245054	
0.979902	0.0120122	0	0.00272705	0.158031	0	0	0	0.00243178	
0.979852	0.0120269	0	0.00273038	0.157278	0	0	0	0.00241329	
0.979802	0.0120415	0	0.0027337	0.156528	0	0	0	0.00239506	
0.979751	0.012056	0	0.002737	0.155782	0	0	0	0.00237709	
0.979701	0.0120705	0	0.00274028	0.155039	0	0	0	0.00235937	
0.979651	0.0120849	0	0.00274355	0.154301	0	0	0	0.0023419	
0.9796	0.0120992	0	0.0027468	0.153565	0	0	0	0.00232467	
0.97955	0.0121135	0	0.00275004	0.152833	0	0	0	0.00230769	
0.9795	0.0121276	0	0.00275326	0.152105	0	0	0	0.00229094	
0.97945	0.0121418	0	0.00275646	0.15138	0	0	0	0.00227442	
0.979399	0.0121558	0	0.00275965	0.150658	0	0	0	0.00225812	
0.979349	0.0121698	0	0.00276283	0.14994	0	0	0	0.00224206	
0.979299	0.0121837	0	0.00276599	0.149226	0	0	0	0.00222621	
0.979248	0.0121976	0	0.00276913	0.148514	0	0	0	0.00221058	
0.979198	0.0122113	0	0.00277226	0.147807	0	0	0	0.00219516	
0.979148	0.012225	0	0.00277537	0.147102	0	0	0	0.00217995	
0.979097	0.0122387	0	0.00277847	0.146401	0	0	0	0.00216495	
0.979047	0.0122523	0	0.00278155	0.145703	0	0	0	0.00215015	
0.978997	0.0122658	0	0.00278462	0.145009	0	0	0	0.00213554	
0.978947	0.0122792	0	0.00278767	0.144318	0	0	0	0.00212114	
0.978896	0.0122926	0	0.00279071	0.14363	0	0	0	0.00210692	
0.978846	0.0123059	0	0.00279373	0.142946	0	0	0	0.0020929	
0.978796	0.0123192	0	0.00279674	0.142264	0	0	0	0.00207906	
0.978745	0.0123324	0	0.00279974	0.141586	0	0	0	0.0020654	
0.978695	0.0123455	0	0.00280271	0.140912	0	0	0	0.00205193	
0.978645	0.0123585	0	0.00280568	0.14024	0	0	0	0.00203863	
0.978595	0.0123715	0	0.00280863	0.139572	0	0	0	0.0020255	
0.978544	0.0123845	0	0.00281156	0.138907	0	0	0	0.00201255	
0.978494	0.0123973	0	0.00281449	0.138245	0	0	0	0.00199976	
0.978444	0.0124101	0	0.00281739	0.137586	0	0	0	0.00198714	
0.978394	0.0124229	0	0.00282028	0.13693	0	0	0	0.00197468	
0.978343	0.0124356	0	0.00282316	0.136278	0	0	0	0.00196239	
0.978293	0.0124482	0	0.00282603	0.135628	0	0	0	0.00195025	
0.978243	0.0124607	0	0.00282888	0.134982	0	0	0	0.00193826	
0.978193	0.0124732	0	0.00283171	0.134339	0	0	0	0.00192643	
0.978142	0.0124857	0	0.00283454	0.133698	0	0	0	0.00191475	
0.978092	0.012498	0	0.00283735	0.133061	0	0	0	0.00190321	
0.978042	0.0125103	0	0.00284014	0.132427	0	0	0	0.00189182	
0.977992	0.0125226	0	0.00284292	0.131796	0	0	0	0.00188057	
0.977942	0.0125348	0	0.00284569	0.131168	0	0	0	0.00186947	
0.977891	0.0125469	0	0.00284844	0.130543	0	0	0	0.0018585	
0.977841	0.012559	0	0.00285118	0.129921	0	0	0	0.00184767	
0.977791	0.012571	0	0.00285391	0.129302	0	0	0	0.00183697	
0.977741	0.012583	0	0.00285662	0.128686	0	0	0	0.0018264	
0.97769	0.0125948	0	0.00285932	0.128073	0	0	0	0.00181596	
0.97764	0.0126067	0	0.00286201	0.127462	0	0	0	0.00180565	
0.97759	0.0126185	0	0.00286469	0.126855	0	0	0	0.00179547	
0.97754	0.0126302	0	0.00286735	0.126251	0	0	0	0.00178541	
0.97749	0.0126418	0	0.00286999	0.125649	0	0	0	0.00177547	
0.97744	0.0126534	0	0.00287263	0.12505	0	0	0	0.00176565	
0.977389	0.012665	0	0.00287525	0.124455	0	0	0	0.00175595	
0.977339	0.0126765	0	0.00287786	0.123862	0	0	0	0.00174636	
0.977289	0.0126879	0	0.00288045	0.123271	0	0	0	0.00173689	
0.977239	0.0126993	0	0.00288304	0.122684	0	0	0	0.00172753	
0.977189	0.0127106	0	0.00288561	0.122099	0	0	0	0.00171828	
0.977138	0.0127219	0	0.00288817	0.121518	0	0	0	0.00170914	
0.977088	0.0127331	0	0.00289071	0.120939	0	0	0	0.00170011	
0.977038	0.0127443	0	0.00289324	0.120362	0	0	0	0.00169118	
0.976988	0.0127554	0	0.00289576	0.119789	0	0	0	0.00168236	
0.976938	0.0127664	0	0.00289827	0.119218	0	0	0	0.00167364	
0.976888	0.0127774	0	0.00290077	0.11865	0	0	0	0.00166502	
0.976838	0.0127883	0	0.00290325	0.118085	0	0	0	0.0016565	
0.976787	0.0127992	0	0.00290572	0.117522	0	0	0	0.00164807	
0.976737	0.01281	0	0.00290818	0.116962	0	0	0	0.00163974	
0.976687	0.0128208	0	0.00291062	0.116405	0	0	0	0.00163151	
0.976637	0.0128315	0	0.00291306	0.115851	0	0	0	0.00162337	
0.976587	0.0128422	0	0.00291548	0.115299	0	0	0	0.00161532	
0.976537	0.0128528	0	0.00291789	0.114749	0	0	0	0.00160737	
0.976487	0.0128634	0	0.00292029	0.114203	0	0	0	0.0015995	
0.976436	0.0128739	0	0.00292267	0.113659	0	0	0	0.00159172	
0.976386	0.0128843	0	0.00292505	0.113117	0	0	0	0.00158402	
0.976336	0.0128948	0	0.00292741	0.112578	0	0	0	0.00157641	
0.976286	0.0129051	0	0.00292976	0.112042	0	0	0	0.00156889	
0.976236	0.0129154	0	0.0029321	0.111508	0	0	0	0.00156144	
0.976186	0.0129257	0	0.00293443	0.110977	0	0	0	0.00155408	
0.976136	0.0129359	0	0.00293674	0.110448	0	0	0	0.0015468	
0.976086	0.012946	0	0.00293905	0.109922	0	0	0	0.0015396	
0.976036	0.0129561	0	0.00294134	0.109398	0	0	0	0.00153247	
0.975985	0.0129662	0	0.00294362	0.108877	0	0	0	0.00152543	
0.975935	0.0129762	0	0.00294589	0.108358	0	0	0	0.00151845	
0.975885	0.0129861	0	0.00294815	0.107842	0	0	0	0.00151156	
0.975835	0.012996	0	0.0029504	0.107329	0	0	0	0.00150473	
0.975785	0.0130059	0	0.00295264	0.106817	0	0	0	0.00149798	
0.975735	0.0130157	0	0.00295486	0.106308	0	0	0	0.0014913	
0.975685	0.0130254	0	0.00295708	0.105802	0	0	0	0.00148469	
0.975635	0.0130351	0	0.00295928	0.105298	0	0	0	0.00147815	
0.975585	0.0130448	0	0.00296147	0.104796	0	0	0	0.00147167	
0.975535	0.0130544	0	0.00296365	0.104297	0	0	0	0.00146527	
0.975485	0.013064	0	0.00296582	0.1038	0	0	0	0.00145893	
0.975435	0.0130735	0	0.00296798	0.103306	0	0	0	0.00145265	
0.975384	0.0130829	0	0.00297013	0.102814	0	0	0	0.00144644	
0.975334	0.0130924	0	0.00297227	0.102324	0	0	0	0.0014403	
0.975284	0.0131017	0	0.0029744	0.101837	0	0	0	0.00143422	
0.975234	0.0131111	0	0.00297652	0.101352	0	0	0	0.00142819	
0.975184	0.0131203	0	0.00297862	0.100869	0	0	0	0.00142223	
0.975134	0.0131296	0	0.00298072	0.100388	0	0	0	0.00141633	
0.975084	0.0131388	0	0.0029828	0.0999101	0	0	0	0.00141049	
0.975034	0.0131479	0	0.00298488	0.0994342	0	0	0	0.00140471	
0.974984	0.013157	0	0.00298694	0.0989606	0	0	0	0.00139898	
0.974934	0.013166	0	0.002989	0.0984892	0	0	0	0.00139332	
0.974884	0.013175	0	0.00299104	0.0980201	0	0	0	0.0013877	
0.974834	0.013184	0	0.00299308	0.0975532	0	0	0	0.00138215	
0.974784	0.0131929	0	0.0029951	0.0970886	0	0	0	0.00137665	
0.974734	0.0132018	0	0.00299711	0.0966261	0	0	0	0.0013712	
0.974684	0.0132106	0	0.00299912	0.0961659	0	0	0	0.0013658	
0.974634	0.0132194	0	0.00300111	0.0957079	0	0	0	0.00136046	
0.974584	0.0132281	0	0.00300309	0.095252	0	0	0	0.00135517	
0.974534	0.0132368	0	0.00300507	0.0947984	0	0	0	0.00134993	
0.974484	0.0132455	0	0.00300703	0.0943469	0	0	0	0.00134474	
0.974434	0.0132541	0	0.00300898	0.0938975	0	0	0	0.0013396	
0.974384	0.0132626	0	0.00301093	0.0934503	0	0	0	0.00133451	
0.974334	0.0132712	0	0.00301286	0.0930052	0	0	0	0.00132947	
0.974284	0.0132796	0	0.00301479	0.0925623	0	0	0	0.00132447	
0.974234	0.0132881	0	0.0030167	0.0921214	0	0	0	0.00131952	
0.974184	0.0132965	0	0.0030186	0.0916827	0	0	0	0.00131462	
0.974134	0.0133048	0	0.0030205	0.091246	0	0	0	0.00130977	
0.974084	0.0133131	0	0.00302239	0.0908115	0	0	0	0.00130496	
0.974034	0.0133214	0	0.00302426	0.090379	0	0	0	0.00130019	
0.973984	0.0133296	0	0.00302613	0.0899485	0	0	0	0.00129547	
0.973934	0.0133378	0	0.00302799	0.0895202	0	0	0	0.0012908	
0.973884	0.0133459	0	0.00302983	0.0890938	0	0	0	0.00128616	
0.973834	0.013354	0	0.00303167	0.0886695	0	0	0	0.00128157	
0.973784	0.0133621	0	0.0030335	0.0882473	0	0	0	0.00127702	
0.973734	0.0133701	0	0.00303532	0.087827	0	0	0	0.00127252	
0.973684	0.0133781	0	0.00303713	0.0874088	0	0	0	0.00126805	
0.973634	0.013386	0	0.00303894	0.0869925	0	0	0	0.00126362	
0.973584	0.0133939	0	0.00304073	0.0865782	0	0	0	0.00125924	
0.973534	0.0134018	0	0.00304251	0.0861659	0	0	0	0.00125489	
0.973484	0.0134096	0	0.00304429	0.0857556	0	0	0	0.00125059	
0.973434	0.0134174	0	0.00304605	0.0853472	0	0	0	0.00124632	
0.973384	0.0134251	0	0.00304781	0.0849408	0	0	0	0.00124209	
0.973335	0.0134328	0	0.00304956	0.0845363	0	0	0	0.00123789	
0.973285	0.0134405	0	0.0030513	0.0841338	0	0	0	0.00123374	
0.973235	0.0134481	0	0.00305303	0.0837331	0	0	0	0.00122962	
0.973185	0.0134557	0	0.00305475	0.0833344	0	0	0	0.00122554	
0.973135	0.0134632	0	0.00305646	0.0829376	0	0	0	0.00122149	
0.973085	0.0134707	0	0.00305817	0.0825426	0	0	0	0.00121748	
0.973035	0.0134782	0	0.00305986	0.0821496	0	0	0	0.00121351	
0.972985	0.0134856	0	0.00306155	0.0817584	0	0	0	0.00120956	
0.972935	0.013493	0	0.00306323	0.0813691	0	0	0	0.00120566	
0.972885	0.0135004	0	0.0030649	0.0809817	0	0	0	0.00120179	
0.972835	0.0135077	0	0.00306656	0.0805961	0	0	0	0.00119795	
0.972785	0.013515	0	0.00306821	0.0802123	0	0	0	0.00119414	
0.972735	0.0135222	0	0.00306985	0.0798304	0	0	0	0.00119037	
0.972686	0.0135294	0	0.00307149	0.0794503	0	0	0	0.00118663	
0.972636	0.0135366	0	0.00307312	0.079072	0	0	0	0.00118292	
0.972586	0.0135437	0	0.00307474	0.0786955	0	0	0	0.00117924	
0.972536	0.0135508	0	0.00307635	0.0783208	0	0	0	0.0011756	
0.972486	0.0135579	0	0.00307795	0.0779479	0	0	0	0.00117198	
0.972436	0.0135649	0	0.00307955	0.0775767	0	0	0	0.0011684	
0.972386	0.0135719	0	0.00308113	0.0772074	0	0	0	0.00116485	
0.972336	0.0135788	0	0.00308271	0.0768398	0	0	0	0.00116132	
0.972286	0.0135857	0	0.00308428	0.0764739	0	0	0	0.00115783	
0.972237	0.0135926	0	0.00308584	0.0761098	0	0	0	0.00115437	
0.972187	0.0135995	0	0.0030874	0.0757475	0	0	0	0.00115093	
0.972137	0.0136063	0	0.00308894	0.0753868	0	0	0	0.00114753	
0.972087	0.0136131	0	0.00309048	0.0750279	0	0	0	0.00114415	
0.972037	0.0136198	0	0.00309201	0.0746707	0	0	0	0.0011408	
0.971987	0.0136265	0	0.00309354	0.0743152	0	0	0	0.00113748	
0.971937	0.0136332	0	0.00309505	0.0739614	0	0	0	0.00113418	
0.971888	0.0136398	0	0.00309656	0.0736093	0	0	0	0.00113092	
0.971838	0.0136464	0	0.00309806	0.0732589	0	0	0	0.00112768	
0.971788	0.013653	0	0.00309955	0.0729101	0	0	0	0.00112447	
0.971738	0.0136595	0	0.00310103	0.072563	0	0	0	0.00112128	
0.971688	0.013666	0	0.00310251	0.0722176	0	0	0	0.00111812	
0.971638	0.0136725	0	0.00310398	0.0718738	0	0	0	0.00111499	
0.971589	0.013679	0	0.00310544	0.0715316	0	0	0	0.00111188	
0.971539	0.0136854	0	0.00310689	0.0711911	0	0	0	0.0011088	
0.971489	0.0136917	0	0.00310834	0.0708522	0	0	0	0.00110574	
0.971439	0.0136981	0	0.00310978	0.0705149	0	0	0	0.00110271	
0.971389	0.0137044	0	0.00311121	0.0701792	0	0	0	0.00109971	
0.971339	0.0137107	0	0.00311264	0.0698451	0	0	0	0.00109672	
0.97129	0.0137169	0	0.00311405	0.0695126	0	0	0	0.00109377	
0.97124	0.0137231	0	0.00311546	0.0691818	0	0	0	0.00109083	
0.97119	0.0137293	0	0.00311686	0.0688524	0	0	0	0.00108792	
0.97114	0.0137354	0	0.00311826	0.0685247	0	0	0	0.00108504	
0.97109	0.0137415	0	0.00311965	0.0681985	0	0	0	0.00108218	
0.97104	0.0137476	0	0.00312103	0.0678739	0	0	0	0.00107934	
0.970991	0.0137537	0	0.0031224	0.0675508	0	0	0	0.00107652	
0.970941	0.0137597	0	0.00312377	0.0672293	0	0	0	0.00107373	
0.970891	0.0137657	0	0.00312513	0.0669092	0	0	0	0.00107096	
0.970841	0.0137716	0	0.00312648	0.0665908	0	0	0	0.00106821	
0.970792	0.0137776	0	0.00312783	0.0662738	0	0	0	0.00106549	
0.970742	0.0137835	0	0.00312916	0.0659584	0	0	0	0.00106278	
0.970692	0.0137893	0	0.0031305	0.0656444	0	0	0	0.0010601	
0.970642	0.0137952	0	0.00313182	0.065332	0	0	0	0.00105744	
0.970592	0.013801	0	0.00313314	0.065021	0	0	0	0.00105481	
0.970543	0.0138067	0	0.00313445	0.0647115	0	0	0	0.00105219	
0.970493	0.0138125	0	0.00313575	0.0644035	0	0	0	0.0010496	
0.970443	0.0138182	0	0.00313705	0.064097	0	0	0	0.00104702	
0.970393	0.0138239	0	0.00313834	0.0637919	0	0	0	0.00104447	
0.970344	0.0138295	0	0.00313962	0.0634883	0	0	0	0.00104194	
0.970294	0.0138352	0	0.0031409	0.0631862	0	0	0	0.00103943	
0.970244	0.0138408	0	0.00314217	0.0628854	0	0	0	0.00103694	
0.970194	0.0138463	0	0.00314344	0.0625862	0	0	0	0.00103447	
0.970144	0.0138519	0	0.00314469	0.0622883	0	0	0	0.00103202	
0.970095	0.0138574	0	0.00314594	0.0619919	0	0	0	0.00102959	
0.970045	0.0138629	0	0.00314719	0.0616968	0	0	0	0.00102718	
0.969995	0.0138683	0	0.00314843	0.0614032	0	0	0	0.00102478	
0.969946	0.0138737	0	0.00314966	0.061111	0	0	0	0.00102241	
0.969896	0.0138791	0	0.00315088	0.0608202	0	0	0	0.00102006	
0.969846	0.0138845	0	0.0031521	0.0605307	0	0	0	0.00101773	
0.969796	0.0138898	0	0.00315331	0.0602427	0	0	0	0.00101542	
0.969747	0.0138951	0	0.00315452	0.059956	0	0	0	0.00101312	
0.969697	0.0139004	0	0.00315572	0.0596707	0	0	0	0.00101085	
0.969647	0.0139057	0	0.00315691	0.0593867	0	0	0	0.00100859	
0.969597	0.0139109	0	0.0031581	0.0591041	0	0	0	0.00100636	
0.969548	0.0139161	0	0.00315928	0.0588229	0	0	0	0.00100414	
0.969498	0.0139213	0	0.00316045	0.0585429	0	0	0	0.00100194	
0.969448	0.0139264	0	0.00316162	0.0582644	0	0	0	0.000999755	
0.969399	0.0139316	0	0.00316279	0.0579871	0	0	0	0.000997592	
0.969349	0.0139366	0	0.00316394	0.0577112	0	0	0	0.000995446	
0.969299	0.0139417	0	0.00316509	0.0574366	0	0	0	0.000993319	
0.969249	0.0139468	0	0.00316624	0.0571633	0	0	0	0.00099121	
0.9692	0.0139518	0	0.00316737	0.0568913	0	0	0	0.000989118	
0.96915	0.0139567	0	0.00316851	0.0566206	0	0	0	0.000987044	
0.9691	0.0139617	0	0.00316963	0.0563512	0	0	0	0.000984988	
0.969051	0.0139666	0	0.00317075	0.056083	0	0	0	0.00098295	
0.969001	0.0139716	0	0.00317187	0.0558162	0	0	0	0.000980929	
0.968951	0.0139764	0	0.00317297	0.0555506	0	0	0	0.000978925	
0.968902	0.0139813	0	0.00317408	0.0552863	0	0	0	0.000976939	
0.968852	0.0139861	0	0.00317517	0.0550233	0	0	0	0.00097497	
0.968802	0.0139909	0	0.00317626	0.0547615	0	0	0	0.000973018	
0.968753	0.0139957	0	0.00317735	0.0545009	0	0	0	0.000971083	
0.968703	0.0140005	0	0.00317843	0.0542416	0	0	0	0.000969166	
0.968653	0.0140052	0	0.0031795	0.0539836	0	0	0	0.000967265	
0.968604	0.0140099	0	0.00318057	0.0537267	0	0	0	0.000965381	
0.968554	0.0140146	0	0.00318163	0.0534711	0	0	0	0.000963514	
0.968504	0.0140192	0	0.00318269	0.0532167	0	0	0	0.000961663	
0.968455	0.0140239	0	0.00318374	0.0529636	0	0	0	0.00095983	
0.968405	0.0140285	0	0.00318479	0.0527116	0	0	0	0.000958012	
0.968355	0.014033	0	0.00318583	0.0524608	0	0	0	0.000956212	
0.968306	0.0140376	0	0.00318686	0.0522113	0	0	0	0.000954428	
0.968256	0.0140421	0	0.00318789	0.0519629	0	0	0	0.00095266	
0.968206	0.0140466	0	0.00318891	0.0517157	0	0	0	0.000950909	
0.968157	0.0140511	0	0.00318993	0.0514697	0	0	0	0.000949174	
0.968107	0.0140556	0	0.00319094	0.0512248	0	0	0	0.000947456	
0.968057	0.01406	0	0.00319195	0.0509811	0	0	0	0.000945753	
0.968008	0.0140644	0	0.00319295	0.0507386	0	0	0	0.000944067	
0.967958	0.0140688	0	0.00319395	0.0504973	0	0	0	0.000942398	
0.967909	0.0140732	0	0.00319494	0.0502571	0	0	0	0.000940744	
0.967859	0.0140775	0	0.00319593	0.050018	0	0	0	0.000939106	
0.967809	0.0140819	0	0.00319691	0.0497801	0	0	0	0.000937485	
0.96776	0.0140862	0	0.00319788	0.0495433	0	0	0	0.00093588	
0.96771	0.0140904	0	0.00319885	0.0493076	0	0	0	0.00093429	
0.96766	0.0140947	0	0.00319982	0.0490731	0	0	0	0.000932717	
0.967611	0.0140989	0	0.00320078	0.0488397	0	0	0	0.00093116	
0.967561	0.0141031	0	0.00320173	0.0486074	0	0	0	0.000929619	
0.967512	0.0141073	0	0.00320268	0.0483762	0	0	0	0.000928094	
0.967462	0.0141115	0	0.00320363	0.0481461	0	0	0	0.000926585	
0.967412	0.0141156	0	0.00320457	0.0479171	0	0	0	0.000925092	
0.967363	0.0141197	0	0.0032055	0.0476892	0	0	0	0.000923614	
0.967313	0.0141238	0	0.00320643	0.0474624	0	0	0	0.000922153	
0.967264	0.0141279	0	0.00320736	0.0472367	0	0	0	0.000920708	
0.967214	0.0141319	0	0.00320828	0.047012	0	0	0	0.000919279	
0.967165	0.014136	0	0.00320919	0.0467884	0	0	0	0.000917866	
0.967115	0.01414	0	0.0032101	0.0465659	0	0	0	0.000916469	
0.967065	0.014144	0	0.003211	0.0463445	0	0	0	0.000915088	
0.967016	0.0141479	0	0.0032119	0.0461241	0	0	0	0.000913724	
0.966966	0.0141519	0	0.0032128	0.0459047	0	0	0	0.000912375	
0.966917	0.0141558	0	0.00321369	0.0456864	0	0	0	0.000911043	
0.966867	0.0141597	0	0.00321457	0.0454691	0	0	0	0.000909727	
0.966818	0.0141636	0	0.00321546	0.0452529	0	0	0	0.000908427	
0.966768	0.0141674	0	0.00321633	0.0450377	0	0	0	0.000907143	
0.966718	0.0141713	0	0.0032172	0.0448235	0	0	0	0.000905876	
0.966669	0.0141751	0	0.00321807	0.0446104	0	0	0	0.000904625	
0.966619	0.0141789	0	0.00321893	0.0443983	0	0	0	0.000903391	
0.96657	0.0141826	0	0.00321979	0.0441872	0	0	0	0.000902174	
0.96652	0.0141864	0	0.00322064	0.043977	0	0	0	0.000900973	
0.966471	0.0141901	0	0.00322149	0.0437679	0	0	0	0.000899789	
0.966421	0.0141938	0	0.00322233	0.0435598	0	0	0	0.000898621	
0.966372	0.0141975	0	0.00322317	0.0433527	0	0	0	0.000897471	
0.966322	0.0142012	0	0.003224	0.0431466	0	0	0	0.000896338	
0.966273	0.0142049	0	0.00322483	0.0429414	0	0	0	0.000895222	
0.966223	0.0142085	0	0.00322566	0.0427372	0	0	0	0.000894123	
0.966173	0.0142121	0	0.00322648	0.042534	0	0	0	0.000893041	
0.966124	0.0142157	0	0.00322729	0.0423318	0	0	0	0.000891978	
0.966074	0.0142193	0	0.00322811	0.0421306	0	0	0	0.000890932	
0.966025	0.0142228	0	0.00322891	0.0419302	0	0	0	0.000889903	
0.965975	0.0142264	0	0.00322972	0.0417309	0	0	0	0.000888893	
0.965926	0.0142299	0	0.00323051	0.0415325	0	0	0	0.000887902	
0.965876	0.0142334	0	0.00323131	0.041335	0	0	0	0.000886928	
0.965827	0.0142369	0	0.0032321	0.0411385	0	0	0	0.000885973	
0.965777	0.0142403	0	0.00323288	0.040943	0	0	0	0.000885037	
0.965728	0.0142438	0	0.00323366	0.0407483	0	0	0	0.000884121	
0.965678	0.0142472	0	0.00323444	0.0405546	0	0	0	0.000883223	
0.965629	0.0142506	0	0.00323521	0.0403618	0	0	0	0.000882346	
0.965579	0.014254	0	0.00323598	0.04017	0	0	0	0.000881488	
0.96553	0.0142573	0	0.00323675	0.039979	0	0	0	0.00088065	
0.96548	0.0142607	0	0.00323751	0.039789	0	0	0	0.000879833	
0.965431	0.014264	0	0.00323826	0.0395998	0	0	0	0.000879037	
0.965381	0.0142673	0	0.00323901	0.0394116	0	0	0	0.000878262	
0.965332	0.0142706	0	0.00323976	0.0392243	0	0	0	0.000877509	
0.965282	0.0142739	0	0.0032405	0.0390378	0	0	0	0.000876779	
0.965233	0.0142771	0	0.00324124	0.0388523	0	0	0	0.00087607	
0.965184	0.0142804	0	0.00324198	0.0386676	0	0	0	0.000875385	
0.965134	0.0142836	0	0.00324271	0.0384838	0	0	0	0.000874724	
0.965085	0.0142868	0	0.00324344	0.0383009	0	0	0	0.000874087	
0.965035	0.01429	0	0.00324416	0.0381189	0	0	0	0.000873475	
0.964986	0.0142932	0	0.00324488	0.0379377	0	0	0	0.000872889	
0.964936	0.0142963	0	0.00324559	0.0377574	0	0	0	0.000872329	
0.964887	0.0142994	0	0.0032463	0.0375779	0	0	0	0.000871796	
0.964837	0.0143026	0	0.00324701	0.0373994	0	0	0	0.000871291	
0.964788	0.0143057	0	0.00324772	0.0372216	0	0	0	0.000870815	
0.964738	0.0143087	0	0.00324842	0.0370447	0	0	0	0.000870369	
0.964689	0.0143118	0	0.00324911	0.0368687	0	0	0	0.000869955	
0.96464	0.0143149	0	0.0032498	0.0366935	0	0	0	0.000869573	
0.96459	0.0143179	0	0.00325049	0.0365191	0	0	0	0.000869225	
0.964541	0.0143209	0	0.00325117	0.0363456	0	0	0	0.000868913	
0.964491	0.0143239	0	0.00325186	0.0361729	0	0	0	0.000868637	
0.964442	0.0143269	0	0.00325253	0.036001	0	0	0	0.000868401	
0.964392	0.0143298	0	0.00325321	0.0358299	0	0	0	0.000868206	
0.964343	0.0143328	0	0.00325387	0.0356597	0	0	0	0.000868054	
0.964294	0.0143357	0	0.00325454	0.0354902	0	0	0	0.000867948	
0.964244	0.0143386	0	0.0032552	0.0353216	0	0	0	0.000867891	
0.964195	0.0143415	0	0.00325586	0.0351538	0	0	0	0.000867887	
0.964145	0.0143444	0	0.00325652	0.0349867	0	0	0	0.000867938	
