1	0	0	0	1	0	0	0	1	
0.999952	1.171e-06	0	2.29271e-07	0.994503	0	0	0	0.982269	
0.999905	4.59845e-06	0	9.00971e-07	0.989082	0	0	0	0.965098	
0.999859	1.01815e-05	0	1.99474e-06	0.983695	0	0	0	0.948231	
0.999812	1.78188e-05	0	3.49072e-06	0.978339	0	0	0	0.931662	
0.999766	2.74165e-05	0	5.37053e-06	0.973016	0	0	0	0.915386	
0.99972	3.88873e-05	0	7.61709e-06	0.967725	0	0	0	0.899398	
0.999674	5.21499e-05	0	1.02145e-05	0.962466	0	0	0	0.883692	
0.999629	6.71285e-05	0	1.31479e-05	0.957238	0	0	0	0.868264	
0.999584	8.37517e-05	0	1.64033e-05	0.952041	0	0	0	0.853108	
0.999539	0.000101953	0	1.99676e-05	0.946875	0	0	0	0.83822	
0.999494	0.000121668	0	2.38284e-05	0.941739	0	0	0	0.823595	
0.999449	0.000142838	0	2.7974e-05	0.936634	0	0	0	0.809228	
0.999405	0.000165406	0	3.23934e-05	0.931558	0	0	0	0.795114	
0.99936	0.000189319	0	3.70761e-05	0.926513	0	0	0	0.781249	
0.999316	0.000214525	0	4.2012e-05	0.921496	0	0	0	0.767629	
0.999272	0.000240976	0	4.71916e-05	0.91651	0	0	0	0.75425	
0.999229	0.000268626	0	5.2606e-05	0.911552	0	0	0	0.741106	
0.999185	0.000297429	0	5.82462e-05	0.906623	0	0	0	0.728193	
0.999142	0.000327345	0	6.41042e-05	0.901722	0	0	0	0.715509	
0.999098	0.000358331	0	7.01718e-05	0.89685	0	0	0	0.703048	
0.999055	0.000390349	0	7.64416e-05	0.892007	0	0	0	0.690806	
0.999012	0.000423362	0	8.2906e-05	0.887191	0	0	0	0.67878	
0.99897	0.000457334	0	8.95581e-05	0.882403	0	0	0	0.666966	
0.998927	0.000492229	0	9.63912e-05	0.877642	0	0	0	0.65536	
0.998884	0.000528015	0	0.000103399	0.872909	0	0	0	0.643959	
0.998842	0.000564659	0	0.000110574	0.868203	0	0	0	0.632758	
0.9988	0.000602131	0	0.000117911	0.863524	0	0	0	0.621754	
0.998758	0.0006404	0	0.000125405	0.858871	0	0	0	0.610944	
0.998716	0.000679437	0	0.000133049	0.854246	0	0	0	0.600324	
0.998674	0.000719215	0	0.000140838	0.849646	0	0	0	0.589891	
0.998632	0.000759707	0	0.000148767	0.845073	0	0	0	0.579642	
0.99859	0.000800886	0	0.00015683	0.840526	0	0	0	0.569573	
0.998549	0.000842726	0	0.000165023	0.836005	0	0	0	0.559681	
0.998508	0.000885205	0	0.000173341	0.831509	0	0	0	0.549962	
0.998466	0.000928297	0	0.000181779	0.827039	0	0	0	0.540415	
0.998425	0.00097198	0	0.000190332	0.822594	0	0	0	0.531036	
0.998384	0.00101623	0	0.000198997	0.818174	0	0	0	0.521821	
0.998343	0.00106103	0	0.000207769	0.813779	0	0	0	0.512769	
0.998302	0.00110635	0	0.000216644	0.809409	0	0	0	0.503875	
0.998261	0.00115218	0	0.000225618	0.805064	0	0	0	0.495138	
0.998221	0.0011985	0	0.000234687	0.800743	0	0	0	0.486555	
0.99818	0.00124528	0	0.000243848	0.796446	0	0	0	0.478122	
0.99814	0.00129251	0	0.000253096	0.792174	0	0	0	0.469837	
0.998099	0.00134018	0	0.000262428	0.787925	0	0	0	0.461698	
0.998059	0.00138825	0	0.000271842	0.7837	0	0	0	0.453701	
0.998019	0.00143672	0	0.000281333	0.779499	0	0	0	0.445845	
0.997979	0.00148557	0	0.000290898	0.775322	0	0	0	0.438127	
0.997938	0.00153478	0	0.000300534	0.771168	0	0	0	0.430545	
0.997898	0.00158434	0	0.000310238	0.767037	0	0	0	0.423095	
0.997859	0.00163423	0	0.000320007	0.762929	0	0	0	0.415776	
0.997819	0.00168444	0	0.000329838	0.758844	0	0	0	0.408586	
0.997779	0.00173495	0	0.000339728	0.754781	0	0	0	0.401522	
0.997739	0.00178575	0	0.000349675	0.750742	0	0	0	0.394582	
0.9977	0.00183682	0	0.000359676	0.746725	0	0	0	0.387763	
0.99766	0.00188816	0	0.000369729	0.74273	0	0	0	0.381064	
0.997621	0.00193975	0	0.00037983	0.738757	0	0	0	0.374482	
0.997581	0.00199157	0	0.000389978	0.734806	0	0	0	0.368016	
0.997542	0.00204362	0	0.000400169	0.730878	0	0	0	0.361663	
0.997503	0.00209588	0	0.000410402	0.726971	0	0	0	0.355422	
0.997463	0.00214835	0	0.000420675	0.723085	0	0	0	0.34929	
0.997424	0.002201	0	0.000430985	0.719222	0	0	0	0.343265	
0.997385	0.00225383	0	0.00044133	0.715379	0	0	0	0.337346	
0.997346	0.00230683	0	0.000451708	0.711558	0	0	0	0.331531	
0.997307	0.00235999	0	0.000462117	0.707758	0	0	0	0.325817	
0.997268	0.0024133	0	0.000472555	0.703978	0	0	0	0.320204	
0.997229	0.00246675	0	0.00048302	0.70022	0	0	0	0.314689	
0.997191	0.00252032	0	0.000493511	0.696482	0	0	0	0.30927	
0.997152	0.00257402	0	0.000504025	0.692765	0	0	0	0.303946	
0.997113	0.00262783	0	0.00051456	0.689069	0	0	0	0.298716	
0.997075	0.00268173	0	0.000525116	0.685392	0	0	0	0.293577	
0.997036	0.00273573	0	0.00053569	0.681736	0	0	0	0.288528	
0.996997	0.00278982	0	0.00054628	0.6781	0	0	0	0.283567	
0.996959	0.00284398	0	0.000556886	0.674484	0	0	0	0.278693	
0.996921	0.00289822	0	0.000567505	0.670888	0	0	0	0.273905	
0.996882	0.00295251	0	0.000578136	0.667312	0	0	0	0.2692	
0.996844	0.00300686	0	0.000588778	0.663755	0	0	0	0.264577	
0.996806	0.00306125	0	0.000599428	0.660217	0	0	0	0.260035	
0.996767	0.00311569	0	0.000610087	0.656699	0	0	0	0.255573	
0.996729	0.00317016	0	0.000620752	0.653201	0	0	0	0.251188	
0.996691	0.00322465	0	0.000631422	0.649721	0	0	0	0.246881	
0.996653	0.00327916	0	0.000642096	0.64626	0	0	0	0.242648	
0.996615	0.00333369	0	0.000652773	0.642819	0	0	0	0.23849	
0.996577	0.00338822	0	0.000663451	0.639396	0	0	0	0.234404	
0.996539	0.00344276	0	0.000674129	0.635991	0	0	0	0.230389	
0.996501	0.00349729	0	0.000684807	0.632606	0	0	0	0.226445	
0.996463	0.00355181	0	0.000695482	0.629239	0	0	0	0.222569	
0.996425	0.00360631	0	0.000706154	0.62589	0	0	0	0.218761	
0.996387	0.0036608	0	0.000716822	0.622559	0	0	0	0.21502	
0.996349	0.00371525	0	0.000727485	0.619247	0	0	0	0.211344	
0.996311	0.00376968	0	0.000738142	0.615952	0	0	0	0.207732	
0.996274	0.00382406	0	0.000748791	0.612676	0	0	0	0.204183	
0.996236	0.00387841	0	0.000759432	0.609417	0	0	0	0.200696	
0.996198	0.00393271	0	0.000770065	0.606176	0	0	0	0.19727	
0.996161	0.00398696	0	0.000780687	0.602952	0	0	0	0.193904	
0.996123	0.00404116	0	0.000791299	0.599746	0	0	0	0.190596	
0.996085	0.00409529	0	0.000801899	0.596558	0	0	0	0.187346	
0.996048	0.00414936	0	0.000812486	0.593387	0	0	0	0.184153	
0.99601	0.00420337	0	0.000823061	0.590233	0	0	0	0.181015	
0.995973	0.0042573	0	0.000833621	0.587096	0	0	0	0.177932	
0.995935	0.00431116	0	0.000844167	0.583976	0	0	0	0.174903	
0.995898	0.00436494	0	0.000854697	0.580873	0	0	0	0.171926	
0.995861	0.00441863	0	0.000865211	0.577787	0	0	0	0.169001	
0.995823	0.00447224	0	0.000875708	0.574717	0	0	0	0.166128	
0.995786	0.00452576	0	0.000886187	0.571665	0	0	0	0.163304	
0.995749	0.00457919	0	0.000896649	0.568628	0	0	0	0.16053	
0.995711	0.00463252	0	0.000907091	0.565608	0	0	0	0.157803	
0.995674	0.00468575	0	0.000917514	0.562605	0	0	0	0.155125	
0.995637	0.00473888	0	0.000927917	0.559617	0	0	0	0.152492	
0.995599	0.0047919	0	0.000938299	0.556646	0	0	0	0.149906	
0.995562	0.00484482	0	0.00094866	0.553691	0	0	0	0.147365	
0.995525	0.00489762	0	0.000959	0.550752	0	0	0	0.144868	
0.995488	0.00495031	0	0.000969317	0.547828	0	0	0	0.142414	
0.995451	0.00500289	0	0.000979611	0.544921	0	0	0	0.140003	
0.995414	0.00505534	0	0.000989883	0.542029	0	0	0	0.137634	
0.995377	0.00510768	0	0.00100013	0.539153	0	0	0	0.135306	
0.99534	0.00515989	0	0.00101035	0.536292	0	0	0	0.133018	
0.995303	0.00521198	0	0.00102055	0.533447	0	0	0	0.130771	
0.995266	0.00526393	0	0.00103073	0.530616	0	0	0	0.128562	
0.995229	0.00531576	0	0.00104087	0.527802	0	0	0	0.126392	
0.995192	0.00536745	0	0.001051	0.525002	0	0	0	0.124259	
0.995155	0.00541901	0	0.00106109	0.522218	0	0	0	0.122163	
0.995118	0.00547044	0	0.00107116	0.519448	0	0	0	0.120104	
0.995081	0.00552172	0	0.0010812	0.516693	0	0	0	0.118081	
0.995044	0.00557287	0	0.00109122	0.513953	0	0	0	0.116092	
0.995007	0.00562387	0	0.0011012	0.511228	0	0	0	0.114138	
0.99497	0.00567473	0	0.00111116	0.508518	0	0	0	0.112218	
0.994933	0.00572545	0	0.00112109	0.505822	0	0	0	0.110332	
0.994897	0.00577601	0	0.00113099	0.50314	0	0	0	0.108478	
0.99486	0.00582643	0	0.00114087	0.500473	0	0	0	0.106656	
0.994823	0.0058767	0	0.00115071	0.497821	0	0	0	0.104866	
0.994786	0.00592682	0	0.00116052	0.495182	0	0	0	0.103106	
0.99475	0.00597679	0	0.00117031	0.492558	0	0	0	0.101378	
0.994713	0.0060266	0	0.00118006	0.489948	0	0	0	0.0996789	
0.994676	0.00607626	0	0.00118978	0.487352	0	0	0	0.0980095	
0.994639	0.00612576	0	0.00119947	0.484769	0	0	0	0.096369	
0.994603	0.0061751	0	0.00120914	0.482201	0	0	0	0.0947569	
0.994566	0.00622428	0	0.00121877	0.479646	0	0	0	0.0931727	
0.994529	0.00627331	0	0.00122837	0.477105	0	0	0	0.091616	
0.994493	0.00632217	0	0.00123793	0.474578	0	0	0	0.0900861	
0.994456	0.00637087	0	0.00124747	0.472064	0	0	0	0.0885828	
0.99442	0.00641941	0	0.00125697	0.469564	0	0	0	0.0871054	
0.994383	0.00646778	0	0.00126645	0.467077	0	0	0	0.0856536	
0.994347	0.00651599	0	0.00127589	0.464603	0	0	0	0.0842268	
0.99431	0.00656404	0	0.00128529	0.462143	0	0	0	0.0828247	
0.994273	0.00661192	0	0.00129467	0.459696	0	0	0	0.0814469	
0.994237	0.00665963	0	0.00130401	0.457262	0	0	0	0.0800928	
0.9942	0.00670717	0	0.00131332	0.454841	0	0	0	0.0787622	
0.994164	0.00675454	0	0.00132259	0.452433	0	0	0	0.0774545	
0.994127	0.00680175	0	0.00133184	0.450037	0	0	0	0.0761694	
0.994091	0.00684878	0	0.00134105	0.447655	0	0	0	0.0749064	
0.994054	0.00689565	0	0.00135022	0.445285	0	0	0	0.0736653	
0.994018	0.00694234	0	0.00135937	0.442928	0	0	0	0.0724455	
0.993982	0.00698886	0	0.00136848	0.440584	0	0	0	0.0712468	
0.993945	0.00703521	0	0.00137755	0.438252	0	0	0	0.0700688	
0.993909	0.00708139	0	0.00138659	0.435932	0	0	0	0.068911	
0.993872	0.00712739	0	0.0013956	0.433625	0	0	0	0.0677733	
0.993836	0.00717323	0	0.00140457	0.431331	0	0	0	0.0666551	
0.9938	0.00721888	0	0.00141351	0.429048	0	0	0	0.0655561	
0.993763	0.00726437	0	0.00142242	0.426778	0	0	0	0.0644761	
0.993727	0.00730967	0	0.00143129	0.42452	0	0	0	0.0634147	
0.99369	0.00735481	0	0.00144013	0.422274	0	0	0	0.0623716	
0.993654	0.00739977	0	0.00144893	0.42004	0	0	0	0.0613464	
0.993618	0.00744455	0	0.0014577	0.417817	0	0	0	0.0603389	
0.993582	0.00748916	0	0.00146644	0.415607	0	0	0	0.0593486	
0.993545	0.00753359	0	0.00147514	0.413409	0	0	0	0.0583754	
0.993509	0.00757785	0	0.0014838	0.411222	0	0	0	0.0574189	
0.993473	0.00762193	0	0.00149243	0.409047	0	0	0	0.0564789	
0.993436	0.00766583	0	0.00150103	0.406883	0	0	0	0.055555	
0.9934	0.00770956	0	0.00150959	0.404731	0	0	0	0.054647	
0.993364	0.00775311	0	0.00151812	0.40259	0	0	0	0.0537545	
0.993328	0.00779649	0	0.00152661	0.400461	0	0	0	0.0528774	
0.993291	0.00783968	0	0.00153507	0.398344	0	0	0	0.0520153	
0.993255	0.00788271	0	0.00154349	0.396237	0	0	0	0.0511681	
0.993219	0.00792555	0	0.00155188	0.394142	0	0	0	0.0503353	
0.993183	0.00796822	0	0.00156024	0.392058	0	0	0	0.0495168	
0.993147	0.00801071	0	0.00156856	0.389985	0	0	0	0.0487124	
0.99311	0.00805302	0	0.00157684	0.387923	0	0	0	0.0479217	
0.993074	0.00809516	0	0.00158509	0.385872	0	0	0	0.0471446	
0.993038	0.00813712	0	0.00159331	0.383832	0	0	0	0.0463808	
0.993002	0.00817891	0	0.00160149	0.381802	0	0	0	0.04563	
0.992966	0.00822052	0	0.00160964	0.379784	0	0	0	0.0448921	
0.99293	0.00826195	0	0.00161775	0.377776	0	0	0	0.0441669	
0.992893	0.00830321	0	0.00162583	0.375779	0	0	0	0.043454	
0.992857	0.00834429	0	0.00163387	0.373793	0	0	0	0.0427533	
0.992821	0.00838519	0	0.00164188	0.371817	0	0	0	0.0420646	
0.992785	0.00842592	0	0.00164986	0.369852	0	0	0	0.0413877	
0.992749	0.00846648	0	0.0016578	0.367897	0	0	0	0.0407223	
0.992713	0.00850685	0	0.0016657	0.365953	0	0	0	0.0400683	
0.992677	0.00854706	0	0.00167358	0.364019	0	0	0	0.0394254	
0.992641	0.00858709	0	0.00168141	0.362095	0	0	0	0.0387936	
0.992605	0.00862694	0	0.00168922	0.360181	0	0	0	0.0381725	
0.992568	0.00866662	0	0.00169699	0.358278	0	0	0	0.0375619	
0.992532	0.00870612	0	0.00170472	0.356385	0	0	0	0.0369618	
0.992496	0.00874546	0	0.00171242	0.354502	0	0	0	0.036372	
0.99246	0.00878461	0	0.00172009	0.352628	0	0	0	0.0357921	
0.992424	0.0088236	0	0.00172772	0.350765	0	0	0	0.0352222	
0.992388	0.00886241	0	0.00173532	0.348912	0	0	0	0.0346619	
0.992352	0.00890105	0	0.00174289	0.347068	0	0	0	0.0341112	
0.992316	0.00893952	0	0.00175042	0.345235	0	0	0	0.0335698	
0.99228	0.00897781	0	0.00175792	0.343411	0	0	0	0.0330376	
0.992244	0.00901593	0	0.00176538	0.341597	0	0	0	0.0325145	
0.992208	0.00905389	0	0.00177282	0.339792	0	0	0	0.0320003	
0.992172	0.00909167	0	0.00178021	0.337997	0	0	0	0.0314948	
0.992136	0.00912928	0	0.00178758	0.336211	0	0	0	0.0309979	
0.9921	0.00916671	0	0.00179491	0.334435	0	0	0	0.0305094	
0.992064	0.00920398	0	0.00180221	0.332669	0	0	0	0.0300292	
0.992028	0.00924108	0	0.00180947	0.330912	0	0	0	0.0295572	
0.991992	0.00927802	0	0.0018167	0.329164	0	0	0	0.0290931	
0.991956	0.00931478	0	0.0018239	0.327425	0	0	0	0.0286369	
0.99192	0.00935137	0	0.00183106	0.325696	0	0	0	0.0281885	
0.991884	0.0093878	0	0.0018382	0.323976	0	0	0	0.0277476	
0.991848	0.00942406	0	0.0018453	0.322265	0	0	0	0.0273142	
0.991812	0.00946015	0	0.00185236	0.320563	0	0	0	0.0268881	
0.991777	0.00949607	0	0.0018594	0.31887	0	0	0	0.0264692	
0.991741	0.00953183	0	0.0018664	0.317186	0	0	0	0.0260574	
0.991705	0.00956742	0	0.00187337	0.315511	0	0	0	0.0256526	
0.991669	0.00960285	0	0.00188031	0.313845	0	0	0	0.0252546	
0.991633	0.00963811	0	0.00188721	0.312187	0	0	0	0.0248633	
0.991597	0.00967321	0	0.00189408	0.310539	0	0	0	0.0244786	
0.991561	0.00970815	0	0.00190092	0.308899	0	0	0	0.0241004	
0.991525	0.00974292	0	0.00190773	0.307268	0	0	0	0.0237286	
0.991489	0.00977752	0	0.00191451	0.305645	0	0	0	0.023363	
0.991453	0.00981197	0	0.00192125	0.304032	0	0	0	0.0230036	
0.991418	0.00984625	0	0.00192796	0.302426	0	0	0	0.0226503	
0.991382	0.00988037	0	0.00193465	0.30083	0	0	0	0.0223029	
0.991346	0.00991433	0	0.0019413	0.299241	0	0	0	0.0219613	
0.99131	0.00994813	0	0.00194791	0.297662	0	0	0	0.0216255	
0.991274	0.00998177	0	0.0019545	0.29609	0	0	0	0.0212953	
0.991238	0.0100153	0	0.00196106	0.294527	0	0	0	0.0209706	
0.991202	0.0100486	0	0.00196758	0.292972	0	0	0	0.0206514	
0.991166	0.0100817	0	0.00197407	0.291425	0	0	0	0.0203376	
0.991131	0.0101147	0	0.00198054	0.289887	0	0	0	0.020029	
0.991095	0.0101476	0	0.00198697	0.288357	0	0	0	0.0197256	
0.991059	0.0101803	0	0.00199337	0.286835	0	0	0	0.0194273	
0.991023	0.0102128	0	0.00199974	0.285321	0	0	0	0.019134	
0.990987	0.0102452	0	0.00200608	0.283814	0	0	0	0.0188455	
0.990951	0.0102774	0	0.00201239	0.282316	0	0	0	0.018562	
0.990916	0.0103095	0	0.00201867	0.280826	0	0	0	0.0182831	
0.99088	0.0103414	0	0.00202492	0.279344	0	0	0	0.0180089	
0.990844	0.0103732	0	0.00203113	0.27787	0	0	0	0.0177393	
0.990808	0.0104048	0	0.00203732	0.276403	0	0	0	0.0174742	
0.990772	0.0104362	0	0.00204348	0.274944	0	0	0	0.0172135	
0.990737	0.0104675	0	0.00204961	0.273493	0	0	0	0.0169571	
0.990701	0.0104987	0	0.00205571	0.27205	0	0	0	0.016705	
0.990665	0.0105297	0	0.00206178	0.270614	0	0	0	0.0164571	
0.990629	0.0105605	0	0.00206782	0.269186	0	0	0	0.0162134	
0.990594	0.0105912	0	0.00207383	0.267765	0	0	0	0.0159737	
0.990558	0.0106218	0	0.00207981	0.266352	0	0	0	0.0157379	
0.990522	0.0106522	0	0.00208576	0.264946	0	0	0	0.0155061	
0.990486	0.0106824	0	0.00209169	0.263548	0	0	0	0.0152782	
0.99045	0.0107125	0	0.00209758	0.262157	0	0	0	0.015054	
0.990415	0.0107425	0	0.00210345	0.260774	0	0	0	0.0148335	
0.990379	0.0107723	0	0.00210928	0.259398	0	0	0	0.0146167	
0.990343	0.0108019	0	0.00211509	0.258029	0	0	0	0.0144035	
0.990307	0.0108315	0	0.00212087	0.256668	0	0	0	0.0141938	
0.990272	0.0108608	0	0.00212662	0.255313	0	0	0	0.0139876	
0.990236	0.0108901	0	0.00213235	0.253966	0	0	0	0.0137848	
0.9902	0.0109191	0	0.00213804	0.252626	0	0	0	0.0135853	
0.990164	0.0109481	0	0.00214371	0.251293	0	0	0	0.0133892	
0.990129	0.0109769	0	0.00214934	0.249967	0	0	0	0.0131962	
0.990093	0.0110055	0	0.00215496	0.248648	0	0	0	0.0130065	
0.990057	0.011034	0	0.00216054	0.247337	0	0	0	0.0128199	
0.990022	0.0110624	0	0.00216609	0.246032	0	0	0	0.0126363	
0.989986	0.0110906	0	0.00217162	0.244734	0	0	0	0.0124558	
0.98995	0.0111187	0	0.00217712	0.243442	0	0	0	0.0122782	
0.989914	0.0111467	0	0.0021826	0.242158	0	0	0	0.0121036	
0.989879	0.0111745	0	0.00218804	0.240881	0	0	0	0.0119318	
0.989843	0.0112022	0	0.00219346	0.23961	0	0	0	0.0117628	
0.989807	0.0112297	0	0.00219885	0.238346	0	0	0	0.0115967	
0.989772	0.0112571	0	0.00220422	0.237088	0	0	0	0.0114332	
0.989736	0.0112844	0	0.00220956	0.235838	0	0	0	0.0112724	
0.9897	0.0113115	0	0.00221487	0.234594	0	0	0	0.0111142	
0.989665	0.0113385	0	0.00222015	0.233356	0	0	0	0.0109587	
0.989629	0.0113654	0	0.00222541	0.232125	0	0	0	0.0108056	
0.989593	0.0113921	0	0.00223064	0.230901	0	0	0	0.0106551	
0.989558	0.0114187	0	0.00223585	0.229683	0	0	0	0.010507	
0.989522	0.0114451	0	0.00224103	0.228471	0	0	0	0.0103614	
0.989486	0.0114714	0	0.00224618	0.227266	0	0	0	0.0102181	
0.989451	0.0114976	0	0.00225131	0.226067	0	0	0	0.0100771	
0.989415	0.0115237	0	0.00225641	0.224875	0	0	0	0.00993845	
0.989379	0.0115496	0	0.00226149	0.223689	0	0	0	0.00980203	
0.989344	0.0115754	0	0.00226654	0.222509	0	0	0	0.00966783	
0.989308	0.0116011	0	0.00227157	0.221335	0	0	0	0.00953581	
0.989272	0.0116266	0	0.00227657	0.220168	0	0	0	0.00940593	
0.989237	0.011652	0	0.00228154	0.219006	0	0	0	0.00927815	
0.989201	0.0116773	0	0.00228649	0.217851	0	0	0	0.00915244	
0.989165	0.0117025	0	0.00229142	0.216702	0	0	0	0.00902876	
0.98913	0.0117275	0	0.00229632	0.215559	0	0	0	0.00890708	
0.989094	0.0117524	0	0.00230119	0.214423	0	0	0	0.00878736	
0.989058	0.0117772	0	0.00230605	0.213292	0	0	0	0.00866958	
0.989023	0.0118018	0	0.00231087	0.212167	0	0	0	0.00855369	
0.988987	0.0118263	0	0.00231567	0.211048	0	0	0	0.00843967	
0.988952	0.0118507	0	0.00232045	0.209935	0	0	0	0.00832748	
0.988916	0.011875	0	0.0023252	0.208828	0	0	0	0.00821709	
0.98888	0.0118992	0	0.00232993	0.207727	0	0	0	0.00810848	
0.988845	0.0119232	0	0.00233464	0.206631	0	0	0	0.00800161	
0.988809	0.0119471	0	0.00233932	0.205541	0	0	0	0.00789646	
0.988773	0.0119709	0	0.00234398	0.204457	0	0	0	0.00779298	
0.988738	0.0119945	0	0.00234861	0.203379	0	0	0	0.00769116	
0.988702	0.0120181	0	0.00235322	0.202307	0	0	0	0.00759097	
0.988667	0.0120415	0	0.0023578	0.20124	0	0	0	0.00749238	
0.988631	0.0120648	0	0.00236237	0.200179	0	0	0	0.00739536	
0.988595	0.012088	0	0.00236691	0.199123	0	0	0	0.00729989	
0.98856	0.0121111	0	0.00237142	0.198073	0	0	0	0.00720594	
0.988524	0.012134	0	0.00237592	0.197029	0	0	0	0.00711348	
0.988489	0.0121568	0	0.00238039	0.19599	0	0	0	0.0070225	
0.988453	0.0121796	0	0.00238483	0.194956	0	0	0	0.00693295	
0.988418	0.0122021	0	0.00238926	0.193928	0	0	0	0.00684483	
0.988382	0.0122246	0	0.00239366	0.192906	0	0	0	0.0067581	
0.988346	0.012247	0	0.00239804	0.191889	0	0	0	0.00667274	
0.988311	0.0122692	0	0.0024024	0.190877	0	0	0	0.00658874	
0.988275	0.0122914	0	0.00240673	0.189871	0	0	0	0.00650606	
0.98824	0.0123134	0	0.00241104	0.18887	0	0	0	0.00642468	
0.988204	0.0123353	0	0.00241533	0.187874	0	0	0	0.00634459	
0.988169	0.0123571	0	0.0024196	0.186883	0	0	0	0.00626576	
0.988133	0.0123788	0	0.00242385	0.185898	0	0	0	0.00618817	
0.988097	0.0124004	0	0.00242807	0.184918	0	0	0	0.0061118	
0.988062	0.0124218	0	0.00243228	0.183943	0	0	0	0.00603662	
0.988026	0.0124432	0	0.00243646	0.182973	0	0	0	0.00596263	
0.987991	0.0124644	0	0.00244062	0.182008	0	0	0	0.00588979	
0.987955	0.0124856	0	0.00244475	0.181049	0	0	0	0.00581809	
0.98792	0.0125066	0	0.00244887	0.180094	0	0	0	0.00574751	
0.987884	0.0125275	0	0.00245297	0.179145	0	0	0	0.00567803	
0.987849	0.0125483	0	0.00245704	0.1782	0	0	0	0.00560964	
0.987813	0.012569	0	0.00246109	0.177261	0	0	0	0.00554231	
0.987778	0.0125896	0	0.00246513	0.176326	0	0	0	0.00547603	
0.987742	0.0126101	0	0.00246914	0.175397	0	0	0	0.00541078	
0.987706	0.0126305	0	0.00247313	0.174472	0	0	0	0.00534653	
0.987671	0.0126508	0	0.0024771	0.173553	0	0	0	0.00528329	
0.987635	0.0126709	0	0.00248105	0.172638	0	0	0	0.00522102	
0.9876	0.012691	0	0.00248498	0.171728	0	0	0	0.00515972	
0.987564	0.0127109	0	0.00248888	0.170822	0	0	0	0.00509936	
0.987529	0.0127308	0	0.00249277	0.169922	0	0	0	0.00503993	
0.987493	0.0127506	0	0.00249664	0.169026	0	0	0	0.00498142	
0.987458	0.0127702	0	0.00250049	0.168135	0	0	0	0.00492381	
0.987422	0.0127898	0	0.00250432	0.167249	0	0	0	0.00486708	
0.987387	0.0128092	0	0.00250812	0.166367	0	0	0	0.00481122	
0.987351	0.0128286	0	0.00251191	0.16549	0	0	0	0.00475622	
0.987316	0.0128478	0	0.00251568	0.164618	0	0	0	0.00470206	
0.98728	0.0128669	0	0.00251943	0.16375	0	0	0	0.00464873	
0.987245	0.012886	0	0.00252316	0.162887	0	0	0	0.00459621	
0.987209	0.0129049	0	0.00252687	0.162029	0	0	0	0.00454449	
0.987174	0.0129238	0	0.00253056	0.161174	0	0	0	0.00449356	
0.987138	0.0129425	0	0.00253423	0.160325	0	0	0	0.00444341	
0.987103	0.0129612	0	0.00253788	0.15948	0	0	0	0.00439401	
0.987067	0.0129797	0	0.00254152	0.158639	0	0	0	0.00434536	
0.987032	0.0129982	0	0.00254513	0.157803	0	0	0	0.00429745	
0.986996	0.0130166	0	0.00254873	0.156971	0	0	0	0.00425027	
0.986961	0.0130348	0	0.0025523	0.156144	0	0	0	0.00420379	
0.986925	0.013053	0	0.00255586	0.155321	0	0	0	0.00415802	
0.98689	0.0130711	0	0.0025594	0.154503	0	0	0	0.00411294	
0.986854	0.0130891	0	0.00256292	0.153688	0	0	0	0.00406853	
0.986819	0.013107	0	0.00256642	0.152878	0	0	0	0.00402479	
0.986783	0.0131247	0	0.00256991	0.152072	0	0	0	0.00398171	
0.986748	0.0131424	0	0.00257337	0.151271	0	0	0	0.00393927	
0.986713	0.0131601	0	0.00257682	0.150474	0	0	0	0.00389746	
0.986677	0.0131776	0	0.00258025	0.149681	0	0	0	0.00385628	
0.986642	0.013195	0	0.00258366	0.148892	0	0	0	0.00381571	
0.986606	0.0132123	0	0.00258706	0.148107	0	0	0	0.00377574	
0.986571	0.0132296	0	0.00259043	0.147327	0	0	0	0.00373637	
0.986535	0.0132467	0	0.00259379	0.14655	0	0	0	0.00369759	
0.9865	0.0132638	0	0.00259713	0.145778	0	0	0	0.00365937	
0.986464	0.0132808	0	0.00260045	0.14501	0	0	0	0.00362172	
0.986429	0.0132976	0	0.00260376	0.144245	0	0	0	0.00358463	
0.986393	0.0133144	0	0.00260705	0.143485	0	0	0	0.00354809	
0.986358	0.0133311	0	0.00261032	0.142729	0	0	0	0.00351208	
0.986323	0.0133477	0	0.00261357	0.141977	0	0	0	0.0034766	
0.986287	0.0133643	0	0.00261681	0.141229	0	0	0	0.00344164	
0.986252	0.0133807	0	0.00262003	0.140485	0	0	0	0.0034072	
0.986216	0.0133971	0	0.00262323	0.139744	0	0	0	0.00337325	
0.986181	0.0134133	0	0.00262642	0.139008	0	0	0	0.0033398	
0.986145	0.0134295	0	0.00262959	0.138275	0	0	0	0.00330684	
0.98611	0.0134456	0	0.00263274	0.137547	0	0	0	0.00327436	
0.986074	0.0134616	0	0.00263587	0.136822	0	0	0	0.00324236	
0.986039	0.0134776	0	0.00263899	0.136101	0	0	0	0.00321081	
0.986004	0.0134934	0	0.0026421	0.135384	0	0	0	0.00317972	
0.985968	0.0135092	0	0.00264518	0.13467	0	0	0	0.00314908	
0.985933	0.0135249	0	0.00264825	0.133961	0	0	0	0.00311889	
0.985897	0.0135405	0	0.00265131	0.133255	0	0	0	0.00308913	
0.985862	0.013556	0	0.00265434	0.132553	0	0	0	0.00305979	
0.985827	0.0135714	0	0.00265736	0.131854	0	0	0	0.00303088	
0.985791	0.0135868	0	0.00266037	0.13116	0	0	0	0.00300238	
0.985756	0.013602	0	0.00266336	0.130469	0	0	0	0.00297429	
0.98572	0.0136172	0	0.00266633	0.129781	0	0	0	0.0029466	
0.985685	0.0136323	0	0.00266929	0.129097	0	0	0	0.0029193	
0.985649	0.0136473	0	0.00267223	0.128417	0	0	0	0.0028924	
0.985614	0.0136623	0	0.00267516	0.12774	0	0	0	0.00286587	
0.985579	0.0136772	0	0.00267807	0.127067	0	0	0	0.00283972	
0.985543	0.013692	0	0.00268097	0.126398	0	0	0	0.00281394	
0.985508	0.0137067	0	0.00268385	0.125732	0	0	0	0.00278853	
0.985472	0.0137213	0	0.00268671	0.12507	0	0	0	0.00276347	
0.985437	0.0137359	0	0.00268957	0.124411	0	0	0	0.00273876	
0.985402	0.0137503	0	0.0026924	0.123755	0	0	0	0.00271441	
0.985366	0.0137647	0	0.00269522	0.123103	0	0	0	0.00269039	
0.985331	0.0137791	0	0.00269803	0.122455	0	0	0	0.00266671	
0.985296	0.0137933	0	0.00270082	0.121809	0	0	0	0.00264336	
0.98526	0.0138075	0	0.00270359	0.121168	0	0	0	0.00262033	
0.985225	0.0138216	0	0.00270635	0.120529	0	0	0	0.00259763	
0.985189	0.0138356	0	0.0027091	0.119894	0	0	0	0.00257524	
0.985154	0.0138496	0	0.00271183	0.119263	0	0	0	0.00255316	
0.985119	0.0138634	0	0.00271454	0.118634	0	0	0	0.00253139	
0.985083	0.0138772	0	0.00271725	0.118009	0	0	0	0.00250992	
0.985048	0.013891	0	0.00271994	0.117388	0	0	0	0.00248874	
0.985012	0.0139046	0	0.00272261	0.116769	0	0	0	0.00246785	
0.984977	0.0139182	0	0.00272527	0.116154	0	0	0	0.00244725	
0.984942	0.0139317	0	0.00272791	0.115542	0	0	0	0.00242694	
0.984906	0.0139451	0	0.00273054	0.114934	0	0	0	0.0024069	
0.984871	0.0139585	0	0.00273316	0.114328	0	0	0	0.00238713	
0.984836	0.0139718	0	0.00273576	0.113726	0	0	0	0.00236763	
0.9848	0.013985	0	0.00273835	0.113127	0	0	0	0.0023484	
0.984765	0.0139982	0	0.00274093	0.112531	0	0	0	0.00232943	
0.98473	0.0140113	0	0.00274349	0.111938	0	0	0	0.00231071	
0.984694	0.0140243	0	0.00274604	0.111348	0	0	0	0.00229225	
0.984659	0.0140372	0	0.00274857	0.110762	0	0	0	0.00227404	
0.984624	0.0140501	0	0.00275109	0.110178	0	0	0	0.00225607	
0.984588	0.0140629	0	0.0027536	0.109598	0	0	0	0.00223834	
0.984553	0.0140756	0	0.0027561	0.109021	0	0	0	0.00222085	
0.984518	0.0140883	0	0.00275858	0.108446	0	0	0	0.00220359	
0.984482	0.0141009	0	0.00276104	0.107875	0	0	0	0.00218656	
0.984447	0.0141134	0	0.0027635	0.107307	0	0	0	0.00216976	
0.984411	0.0141259	0	0.00276594	0.106742	0	0	0	0.00215319	
0.984376	0.0141383	0	0.00276837	0.106179	0	0	0	0.00213683	
0.984341	0.0141506	0	0.00277078	0.10562	0	0	0	0.00212069	
0.984305	0.0141629	0	0.00277318	0.105064	0	0	0	0.00210476	
0.98427	0.0141751	0	0.00277557	0.10451	0	0	0	0.00208904	
0.984235	0.0141872	0	0.00277795	0.10396	0	0	0	0.00207353	
0.9842	0.0141993	0	0.00278031	0.103412	0	0	0	0.00205822	
0.984164	0.0142113	0	0.00278266	0.102868	0	0	0	0.00204311	
0.984129	0.0142233	0	0.002785	0.102326	0	0	0	0.0020282	
0.984094	0.0142351	0	0.00278733	0.101787	0	0	0	0.00201348	
0.984058	0.014247	0	0.00278964	0.101251	0	0	0	0.00199895	
0.984023	0.0142587	0	0.00279194	0.100718	0	0	0	0.00198461	
0.983988	0.0142704	0	0.00279423	0.100187	0	0	0	0.00197046	
0.983952	0.014282	0	0.00279651	0.0996595	0	0	0	0.00195649	
0.983917	0.0142936	0	0.00279877	0.0991346	0	0	0	0.0019427	
0.983882	0.0143051	0	0.00280102	0.0986125	0	0	0	0.00192909	
0.983846	0.0143165	0	0.00280326	0.0980931	0	0	0	0.00191565	
0.983811	0.0143279	0	0.00280549	0.0975765	0	0	0	0.00190238	
0.983776	0.0143392	0	0.0028077	0.0970626	0	0	0	0.00188928	
0.98374	0.0143505	0	0.00280991	0.0965514	0	0	0	0.00187635	
0.983705	0.0143617	0	0.0028121	0.096043	0	0	0	0.00186359	
0.98367	0.0143728	0	0.00281428	0.0955372	0	0	0	0.00185098	
0.983635	0.0143839	0	0.00281645	0.095034	0	0	0	0.00183854	
0.983599	0.0143949	0	0.00281861	0.0945335	0	0	0	0.00182625	
0.983564	0.0144058	0	0.00282075	0.0940357	0	0	0	0.00181412	
0.983529	0.0144167	0	0.00282288	0.0935405	0	0	0	0.00180213	
0.983493	0.0144276	0	0.00282501	0.0930479	0	0	0	0.0017903	
0.983458	0.0144384	0	0.00282712	0.0925579	0	0	0	0.00177862	
0.983423	0.0144491	0	0.00282922	0.0920704	0	0	0	0.00176708	
0.983387	0.0144597	0	0.0028313	0.0915856	0	0	0	0.00175569	
0.983352	0.0144703	0	0.00283338	0.0911033	0	0	0	0.00174444	
0.983317	0.0144809	0	0.00283544	0.0906235	0	0	0	0.00173333	
0.983282	0.0144914	0	0.0028375	0.0901463	0	0	0	0.00172235	
0.983246	0.0145018	0	0.00283954	0.0896716	0	0	0	0.00171151	
0.983211	0.0145122	0	0.00284157	0.0891994	0	0	0	0.00170081	
0.983176	0.0145225	0	0.00284359	0.0887297	0	0	0	0.00169023	
0.983141	0.0145328	0	0.0028456	0.0882625	0	0	0	0.00167979	
0.983105	0.014543	0	0.0028476	0.0877977	0	0	0	0.00166947	
0.98307	0.0145531	0	0.00284959	0.0873354	0	0	0	0.00165928	
0.983035	0.0145632	0	0.00285157	0.0868755	0	0	0	0.00164921	
0.982999	0.0145733	0	0.00285354	0.0864181	0	0	0	0.00163926	
0.982964	0.0145833	0	0.00285549	0.085963	0	0	0	0.00162944	
0.982929	0.0145932	0	0.00285744	0.0855104	0	0	0	0.00161973	
0.982894	0.0146031	0	0.00285937	0.0850602	0	0	0	0.00161014	
0.982858	0.0146129	0	0.0028613	0.0846123	0	0	0	0.00160067	
0.982823	0.0146227	0	0.00286321	0.0841668	0	0	0	0.00159131	
0.982788	0.0146324	0	0.00286512	0.0837236	0	0	0	0.00158206	
0.982753	0.0146421	0	0.00286701	0.0832828	0	0	0	0.00157293	
0.982717	0.0146517	0	0.00286889	0.0828443	0	0	0	0.0015639	
0.982682	0.0146613	0	0.00287077	0.0824081	0	0	0	0.00155498	
0.982647	0.0146708	0	0.00287263	0.0819742	0	0	0	0.00154616	
0.982612	0.0146802	0	0.00287448	0.0815426	0	0	0	0.00153745	
0.982576	0.0146897	0	0.00287632	0.0811133	0	0	0	0.00152884	
0.982541	0.014699	0	0.00287816	0.0806862	0	0	0	0.00152034	
0.982506	0.0147083	0	0.00287998	0.0802614	0	0	0	0.00151193	
0.982471	0.0147176	0	0.00288179	0.0798388	0	0	0	0.00150363	
0.982435	0.0147268	0	0.00288359	0.0794185	0	0	0	0.00149542	
0.9824	0.0147359	0	0.00288539	0.0790004	0	0	0	0.0014873	
0.982365	0.0147451	0	0.00288717	0.0785845	0	0	0	0.00147928	
0.98233	0.0147541	0	0.00288894	0.0781707	0	0	0	0.00147136	
0.982294	0.0147631	0	0.00289071	0.0777592	0	0	0	0.00146352	
0.982259	0.0147721	0	0.00289246	0.0773498	0	0	0	0.00145578	
0.982224	0.014781	0	0.00289421	0.0769426	0	0	0	0.00144813	
0.982189	0.0147898	0	0.00289594	0.0765376	0	0	0	0.00144056	
0.982154	0.0147987	0	0.00289767	0.0761346	0	0	0	0.00143308	
0.982118	0.0148074	0	0.00289938	0.0757338	0	0	0	0.00142569	
0.982083	0.0148161	0	0.00290109	0.0753351	0	0	0	0.00141838	
0.982048	0.0148248	0	0.00290279	0.0749386	0	0	0	0.00141116	
0.982013	0.0148334	0	0.00290447	0.0745441	0	0	0	0.00140402	
0.981977	0.014842	0	0.00290615	0.0741516	0	0	0	0.00139696	
0.981942	0.0148505	0	0.00290782	0.0737613	0	0	0	0.00138998	
0.981907	0.014859	0	0.00290948	0.073373	0	0	0	0.00138308	
0.981872	0.0148675	0	0.00291114	0.0729868	0	0	0	0.00137626	
0.981837	0.0148758	0	0.00291278	0.0726026	0	0	0	0.00136951	
0.981801	0.0148842	0	0.00291441	0.0722204	0	0	0	0.00136285	
0.981766	0.0148925	0	0.00291604	0.0718402	0	0	0	0.00135625	
0.981731	0.0149007	0	0.00291765	0.0714621	0	0	0	0.00134973	
0.981696	0.0149089	0	0.00291926	0.0710859	0	0	0	0.00134329	
0.981661	0.0149171	0	0.00292086	0.0707117	0	0	0	0.00133691	
0.981625	0.0149252	0	0.00292245	0.0703395	0	0	0	0.00133061	
0.98159	0.0149333	0	0.00292403	0.0699693	0	0	0	0.00132438	
0.981555	0.0149413	0	0.0029256	0.069601	0	0	0	0.00131821	
0.98152	0.0149493	0	0.00292716	0.0692346	0	0	0	0.00131212	
0.981485	0.0149572	0	0.00292872	0.0688702	0	0	0	0.00130609	
0.981449	0.0149651	0	0.00293026	0.0685077	0	0	0	0.00130013	
0.981414	0.014973	0	0.0029318	0.0681471	0	0	0	0.00129424	
0.981379	0.0149808	0	0.00293333	0.0677885	0	0	0	0.00128841	
0.981344	0.0149886	0	0.00293485	0.0674317	0	0	0	0.00128264	
0.981309	0.0149963	0	0.00293636	0.0670768	0	0	0	0.00127694	
0.981273	0.015004	0	0.00293787	0.0667237	0	0	0	0.0012713	
0.981238	0.0150116	0	0.00293936	0.0663726	0	0	0	0.00126572	
0.981203	0.0150192	0	0.00294085	0.0660232	0	0	0	0.00126021	
0.981168	0.0150268	0	0.00294233	0.0656757	0	0	0	0.00125475	
0.981133	0.0150343	0	0.0029438	0.0653301	0	0	0	0.00124935	
0.981098	0.0150418	0	0.00294527	0.0649863	0	0	0	0.00124402	
0.981062	0.0150492	0	0.00294672	0.0646443	0	0	0	0.00123874	
0.981027	0.0150566	0	0.00294817	0.064304	0	0	0	0.00123351	
0.980992	0.0150639	0	0.00294961	0.0639656	0	0	0	0.00122835	
0.980957	0.0150712	0	0.00295104	0.063629	0	0	0	0.00122324	
0.980922	0.0150785	0	0.00295246	0.0632941	0	0	0	0.00121818	
0.980886	0.0150857	0	0.00295388	0.062961	0	0	0	0.00121319	
0.980851	0.0150929	0	0.00295528	0.0626297	0	0	0	0.00120824	
0.980816	0.0151001	0	0.00295668	0.0623001	0	0	0	0.00120335	
0.980781	0.0151072	0	0.00295808	0.0619723	0	0	0	0.00119851	
0.980746	0.0151143	0	0.00295946	0.0616462	0	0	0	0.00119372	
0.980711	0.0151213	0	0.00296084	0.0613218	0	0	0	0.00118898	
0.980675	0.0151283	0	0.00296221	0.0609991	0	0	0	0.0011843	
0.98064	0.0151352	0	0.00296357	0.0606781	0	0	0	0.00117966	
0.980605	0.0151422	0	0.00296492	0.0603588	0	0	0	0.00117508	
0.98057	0.015149	0	0.00296627	0.0600412	0	0	0	0.00117054	
0.980535	0.0151559	0	0.00296761	0.0597252	0	0	0	0.00116605	
0.9805	0.0151627	0	0.00296894	0.0594109	0	0	0	0.00116161	
0.980465	0.0151694	0	0.00297026	0.0590983	0	0	0	0.00115722	
0.980429	0.0151762	0	0.00297158	0.0587874	0	0	0	0.00115287	
0.980394	0.0151828	0	0.00297289	0.058478	0	0	0	0.00114857	
0.980359	0.0151895	0	0.00297419	0.0581703	0	0	0	0.00114432	
0.980324	0.0151961	0	0.00297549	0.0578643	0	0	0	0.00114011	
0.980289	0.0152027	0	0.00297678	0.0575598	0	0	0	0.00113595	
0.980254	0.0152092	0	0.00297806	0.0572569	0	0	0	0.00113183	
0.980219	0.0152157	0	0.00297933	0.0569557	0	0	0	0.00112775	
0.980183	0.0152222	0	0.0029806	0.056656	0	0	0	0.00112372	
0.980148	0.0152286	0	0.00298186	0.0563579	0	0	0	0.00111973	
0.980113	0.015235	0	0.00298311	0.0560614	0	0	0	0.00111578	
0.980078	0.0152414	0	0.00298436	0.0557664	0	0	0	0.00111187	
0.980043	0.0152477	0	0.00298559	0.055473	0	0	0	0.00110801	
0.980008	0.015254	0	0.00298683	0.0551812	0	0	0	0.00110419	
0.979973	0.0152603	0	0.00298805	0.0548909	0	0	0	0.0011004	
0.979938	0.0152665	0	0.00298927	0.0546021	0	0	0	0.00109666	
0.979902	0.0152727	0	0.00299048	0.0543148	0	0	0	0.00109296	
0.979867	0.0152788	0	0.00299168	0.0540291	0	0	0	0.0010893	
0.979832	0.0152849	0	0.00299288	0.0537449	0	0	0	0.00108567	
0.979797	0.015291	0	0.00299407	0.0534621	0	0	0	0.00108208	
0.979762	0.0152971	0	0.00299526	0.0531809	0	0	0	0.00107854	
0.979727	0.0153031	0	0.00299644	0.0529011	0	0	0	0.00107503	
0.979692	0.0153091	0	0.00299761	0.0526228	0	0	0	0.00107155	
0.979657	0.015315	0	0.00299877	0.052346	0	0	0	0.00106812	
0.979621	0.0153209	0	0.00299993	0.0520706	0	0	0	0.00106472	
0.979586	0.0153268	0	0.00300108	0.0517967	0	0	0	0.00106135	
0.979551	0.0153327	0	0.00300223	0.0515242	0	0	0	0.00105803	
0.979516	0.0153385	0	0.00300337	0.0512532	0	0	0	0.00105473	
0.979481	0.0153443	0	0.0030045	0.0509836	0	0	0	0.00105148	
0.979446	0.01535	0	0.00300562	0.0507154	0	0	0	0.00104825	
0.979411	0.0153557	0	0.00300674	0.0504486	0	0	0	0.00104507	
0.979376	0.0153614	0	0.00300786	0.0501833	0	0	0	0.00104191	
0.979341	0.0153671	0	0.00300896	0.0499193	0	0	0	0.00103879	
0.979306	0.0153727	0	0.00301007	0.0496567	0	0	0	0.00103571	
0.97927	0.0153783	0	0.00301116	0.0493956	0	0	0	0.00103265	
0.979235	0.0153839	0	0.00301225	0.0491357	0	0	0	0.00102963	
0.9792	0.0153894	0	0.00301333	0.0488773	0	0	0	0.00102665	
0.979165	0.0153949	0	0.00301441	0.0486202	0	0	0	0.00102369	
0.97913	0.0154004	0	0.00301548	0.0483645	0	0	0	0.00102077	
0.979095	0.0154058	0	0.00301654	0.0481101	0	0	0	0.00101788	
0.97906	0.0154112	0	0.0030176	0.0478571	0	0	0	0.00101502	
0.979025	0.0154166	0	0.00301866	0.0476054	0	0	0	0.00101219	
0.97899	0.0154219	0	0.0030197	0.047355	0	0	0	0.00100939	
0.978955	0.0154272	0	0.00302074	0.047106	0	0	0	0.00100662	
0.97892	0.0154325	0	0.00302178	0.0468582	0	0	0	0.00100389	
0.978885	0.0154378	0	0.00302281	0.0466118	0	0	0	0.00100118	
0.978849	0.015443	0	0.00302383	0.0463667	0	0	0	0.000998503	
0.978814	0.0154482	0	0.00302485	0.0461228	0	0	0	0.000995856	
0.978779	0.0154534	0	0.00302586	0.0458803	0	0	0	0.000993238	
0.978744	0.0154585	0	0.00302686	0.045639	0	0	0	0.00099065	
0.978709	0.0154636	0	0.00302786	0.045399	0	0	0	0.000988091	
0.978674	0.0154687	0	0.00302886	0.0451603	0	0	0	0.00098556	
0.978639	0.0154737	0	0.00302985	0.0449228	0	0	0	0.000983058	
0.978604	0.0154788	0	0.00303083	0.0446865	0	0	0	0.000980584	
0.978569	0.0154838	0	0.00303181	0.0444516	0	0	0	0.000978138	
0.978534	0.0154887	0	0.00303278	0.0442178	0	0	0	0.000975721	
0.978499	0.0154937	0	0.00303375	0.0439853	0	0	0	0.00097333	
0.978464	0.0154986	0	0.00303471	0.043754	0	0	0	0.000970968	
0.978429	0.0155034	0	0.00303567	0.043524	0	0	0	0.000968633	
0.978394	0.0155083	0	0.00303662	0.0432951	0	0	0	0.000966325	
0.978359	0.0155131	0	0.00303756	0.0430675	0	0	0	0.000964043	
0.978323	0.0155179	0	0.0030385	0.042841	0	0	0	0.000961789	
0.978288	0.0155227	0	0.00303944	0.0426158	0	0	0	0.000959561	
0.978253	0.0155274	0	0.00304037	0.0423917	0	0	0	0.00095736	
0.978218	0.0155322	0	0.00304129	0.0421688	0	0	0	0.000955185	
0.978183	0.0155369	0	0.00304221	0.0419471	0	0	0	0.000953036	
0.978148	0.0155415	0	0.00304312	0.0417266	0	0	0	0.000950913	
0.978113	0.0155462	0	0.00304403	0.0415072	0	0	0	0.000948816	
0.978078	0.0155508	0	0.00304493	0.041289	0	0	0	0.000946744	
0.978043	0.0155554	0	0.00304583	0.0410719	0	0	0	0.000944698	
0.978008	0.0155599	0	0.00304672	0.040856	0	0	0	0.000942678	
0.977973	0.0155644	0	0.00304761	0.0406412	0	0	0	0.000940682	
0.977938	0.015569	0	0.00304849	0.0404275	0	0	0	0.000938712	
0.977903	0.0155734	0	0.00304937	0.040215	0	0	0	0.000936767	
0.977868	0.0155779	0	0.00305024	0.0400036	0	0	0	0.000934846	
0.977833	0.0155823	0	0.00305111	0.0397933	0	0	0	0.00093295	
0.977798	0.0155867	0	0.00305197	0.0395841	0	0	0	0.000931079	
0.977763	0.0155911	0	0.00305283	0.039376	0	0	0	0.000929233	
0.977728	0.0155955	0	0.00305368	0.039169	0	0	0	0.000927411	
0.977693	0.0155998	0	0.00305453	0.0389631	0	0	0	0.000925613	
0.977658	0.0156041	0	0.00305537	0.0387583	0	0	0	0.000923839	
0.977623	0.0156084	0	0.00305621	0.0385546	0	0	0	0.00092209	
0.977588	0.0156126	0	0.00305705	0.038352	0	0	0	0.000920364	
0.977553	0.0156169	0	0.00305788	0.0381504	0	0	0	0.000918663	
0.977518	0.0156211	0	0.0030587	0.0379498	0	0	0	0.000916985	
0.977483	0.0156253	0	0.00305952	0.0377504	0	0	0	0.000915331	
0.977448	0.0156294	0	0.00306033	0.037552	0	0	0	0.000913701	
0.977413	0.0156336	0	0.00306114	0.0373546	0	0	0	0.000912095	
0.977378	0.0156377	0	0.00306195	0.0371583	0	0	0	0.000910512	
0.977343	0.0156418	0	0.00306275	0.036963	0	0	0	0.000908953	
0.977308	0.0156458	0	0.00306354	0.0367687	0	0	0	0.000907417	
0.977273	0.0156499	0	0.00306434	0.0365755	0	0	0	0.000905905	
0.977238	0.0156539	0	0.00306512	0.0363833	0	0	0	0.000904416	
0.977203	0.0156579	0	0.00306591	0.0361921	0	0	0	0.000902951	
0.977168	0.0156619	0	0.00306668	0.0360019	0	0	0	0.000901509	
0.977133	0.0156658	0	0.00306746	0.0358127	0	0	0	0.00090009	
0.977098	0.0156697	0	0.00306823	0.0356245	0	0	0	0.000898694	
0.977063	0.0156736	0	0.00306899	0.0354373	0	0	0	0.000897322	
0.977028	0.0156775	0	0.00306975	0.035251	0	0	0	0.000895974	
0.976993	0.0156814	0	0.00307051	0.0350658	0	0	0	0.000894648	
0.976958	0.0156852	0	0.00307126	0.0348815	0	0	0	0.000893346	
0.976923	0.015689	0	0.003072	0.0346983	0	0	0	0.000892067	
0.976888	0.0156928	0	0.00307275	0.0345159	0	0	0	0.000890811	
0.976853	0.0156966	0	0.00307349	0.0343346	0	0	0	0.000889579	
0.976818	0.0157003	0	0.00307422	0.0341542	0	0	0	0.00088837	
0.976783	0.0157041	0	0.00307495	0.0339747	0	0	0	0.000887185	
0.976748	0.0157078	0	0.00307568	0.0337962	0	0	0	0.000886022	
0.976713	0.0157115	0	0.0030764	0.0336186	0	0	0	0.000884884	
0.976678	0.0157151	0	0.00307711	0.033442	0	0	0	0.000883769	
0.976643	0.0157188	0	0.00307783	0.0332663	0	0	0	0.000882677	
0.976608	0.0157224	0	0.00307854	0.0330915	0	0	0	0.00088161	
0.976573	0.015726	0	0.00307924	0.0329177	0	0	0	0.000880566	
0.976538	0.0157296	0	0.00307994	0.0327448	0	0	0	0.000879545	
0.976503	0.0157331	0	0.00308064	0.0325727	0	0	0	0.000878549	
0.976468	0.0157367	0	0.00308133	0.0324016	0	0	0	0.000877577	
0.976433	0.0157402	0	0.00308202	0.0322314	0	0	0	0.000876629	
0.976398	0.0157437	0	0.00308271	0.0320621	0	0	0	0.000875705	
0.976363	0.0157472	0	0.00308339	0.0318937	0	0	0	0.000874805	
0.976328	0.0157506	0	0.00308406	0.0317261	0	0	0	0.00087393	
0.976293	0.0157541	0	0.00308474	0.0315595	0	0	0	0.00087308	
0.976258	0.0157575	0	0.0030854	0.0313937	0	0	0	0.000872255	
0.976223	0.0157609	0	0.00308607	0.0312288	0	0	0	0.000871454	
0.976188	0.0157642	0	0.00308673	0.0310648	0	0	0	0.000870679	
0.976153	0.0157676	0	0.00308739	0.0309016	0	0	0	0.000869929	
0.976118	0.0157709	0	0.00308804	0.0307393	0	0	0	0.000869205	
0.976083	0.0157743	0	0.00308869	0.0305779	0	0	0	0.000868507	
0.976048	0.0157776	0	0.00308934	0.0304173	0	0	0	0.000867835	
0.976013	0.0157808	0	0.00308998	0.0302575	0	0	0	0.000867189	
0.975978	0.0157841	0	0.00309062	0.0300986	0	0	0	0.00086657	
0.975943	0.0157873	0	0.00309125	0.0299406	0	0	0	0.000865977	
0.975908	0.0157906	0	0.00309188	0.0297833	0	0	0	0.000865412	
0.975874	0.0157938	0	0.00309251	0.0296269	0	0	0	0.000864875	
0.975839	0.015797	0	0.00309314	0.0294713	0	0	0	0.000864365	
0.975804	0.0158001	0	0.00309376	0.0293166	0	0	0	0.000863884	
0.975769	0.0158033	0	0.00309437	0.0291626	0	0	0	0.000863431	
0.975734	0.0158064	0	0.00309499	0.0290095	0	0	0	0.000863007	
0.975699	0.0158095	0	0.0030956	0.0288572	0	0	0	0.000862613	
0.975664	0.0158126	0	0.0030962	0.0287056	0	0	0	0.000862249	
0.975629	0.0158157	0	0.0030968	0.0285549	0	0	0	0.000861916	
0.975594	0.0158187	0	0.0030974	0.028405	0	0	0	0.000861614	
0.975559	0.0158218	0	0.003098	0.0282559	0	0	0	0.000861343	
0.975524	0.0158248	0	0.00309859	0.0281075	0	0	0	0.000861105	
0.975489	0.0158278	0	0.00309918	0.0279599	0	0	0	0.0008609	
0.975454	0.0158308	0	0.00309976	0.0278132	0	0	0	0.000860728	
0.975419	0.0158338	0	0.00310034	0.0276671	0	0	0	0.000860591	
0.975384	0.0158367	0	0.00310092	0.0275219	0	0	0	0.00086049	
0.975349	0.0158397	0	0.0031015	0.0273774	0	0	0	0.000860424	
0.975315	0.0158426	0	0.00310207	0.0272337	0	0	0	0.000860396	
0.97528	0.0158455	0	0.00310264	0.0270907	0	0	0	0.000860405	
0.975245	0.0158484	0	0.0031032	0.0269485	0	0	0	0.000860455	
0.97521	0.0158512	0	0.00310376	0.0268071	0	0	0	0.000860544	
0.975175	0.0158541	0	0.00310432	0.0266664	0	0	0	0.000860675	
0.97514	0.0158569	0	0.00310488	0.0265264	0	0	0	0.00086085	
0.975105	0.0158597	0	0.00310543	0.0263872	0	0	0	0.000861069	
0.97507	0.0158625	0	0.00310598	0.0262487	0	0	0	0.000861335	
0.975035	0.0158653	0	0.00310652	0.0261109	0	0	0	0.000861649	
0.975	0.0158681	0	0.00310706	0.0259739	0	0	0	0.000862013	
0.974965	0.0158708	0	0.0031076	0.0258376	0	0	0	0.000862429	
0.974931	0.0158736	0	0.00310814	0.025702	0	0	0	0.0008629	
0.974896	0.0158763	0	0.00310867	0.0255671	0	0	0	0.000863428	
0.974861	0.015879	0	0.0031092	0.025433	0	0	0	0.000864017	
0.974826	0.0158817	0	0.00310973	0.0252995	0	0	0	0.000864669	
0.974791	0.0158844	0	0.00311025	0.0251667	0	0	0	0.000865388	
0.974756	0.015887	0	0.00311077	0.0250347	0	0	0	0.000866178	
0.974721	0.0158897	0	0.00311129	0.0249033	0	0	0	0.000867043	
0.974686	0.0158923	0	0.00311181	0.0247727	0	0	0	0.000867989	
0.974651	0.0158949	0	0.00311232	0.0246427	0	0	0	0.00086902	
0.974616	0.0158975	0	0.00311283	0.0245134	0	0	0	0.000870143	
