1	0	0	0	1	0	0	0	1	
0.999997	1.40768e-06	0	0	0.989747	0	0	0	0.989747	
0.999993	5.51347e-06	0	0	0.979706	0	0	0	0.979706	
0.99999	1.21916e-05	0	0	0.969771	0	0	0	0.969771	
0.999986	2.1313e-05	0	0	0.959941	0	0	0	0.959941	
0.999983	3.27585e-05	0	0	0.950214	0	0	0	0.950214	
0.999979	4.64179e-05	0	0	0.940589	0	0	0	0.940589	
0.999976	6.21885e-05	0	0	0.931066	0	0	0	0.931066	
0.999972	7.99748e-05	0	0	0.921642	0	0	0	0.921642	
0.999969	9.96874e-05	0	0	0.912317	0	0	0	0.912317	
0.999966	0.000121242	0	0	0.903089	0	0	0	0.903089	
0.999962	0.000144561	0	0	0.893958	0	0	0	0.893958	
0.999959	0.000169569	0	0	0.884922	0	0	0	0.884922	
0.999955	0.000196196	0	0	0.875981	0	0	0	0.875981	
0.999952	0.000224376	0	0	0.867132	0	0	0	0.867132	
0.999948	0.000254045	0	0	0.858376	0	0	0	0.858376	
0.999945	0.000285145	0	0	0.849711	0	0	0	0.849711	
0.999941	0.000317617	0	0	0.841136	0	0	0	0.841136	
0.999938	0.000351408	0	0	0.83265	0	0	0	0.83265	
0.999935	0.000386466	0	0	0.824252	0	0	0	0.824252	
0.999931	0.000422741	0	0	0.815942	0	0	0	0.815942	
0.999928	0.000460185	0	0	0.807717	0	0	0	0.807717	
0.999924	0.000498753	0	0	0.799578	0	0	0	0.799578	
0.999921	0.000538401	0	0	0.791523	0	0	0	0.791523	
0.999917	0.000579088	0	0	0.783552	0	0	0	0.783552	
0.999914	0.000620772	0	0	0.775663	0	0	0	0.775663	
0.99991	0.000663416	0	0	0.767855	0	0	0	0.767855	
0.999907	0.000706981	0	0	0.760129	0	0	0	0.760129	
0.999904	0.000751431	0	0	0.752482	0	0	0	0.752482	
0.9999	0.000796732	0	0	0.744914	0	0	0	0.744914	
0.999897	0.00084285	0	0	0.737424	0	0	0	0.737424	
0.999893	0.000889753	0	0	0.730011	0	0	0	0.730011	
0.99989	0.000937408	0	0	0.722675	0	0	0	0.722675	
0.999886	0.000985787	0	0	0.715415	0	0	0	0.715415	
0.999883	0.00103486	0	0	0.708229	0	0	0	0.708229	
0.999879	0.0010846	0	0	0.701117	0	0	0	0.701117	
0.999876	0.00113497	0	0	0.694079	0	0	0	0.694079	
0.999873	0.00118596	0	0	0.687112	0	0	0	0.687112	
0.999869	0.00123753	0	0	0.680218	0	0	0	0.680218	
0.999866	0.00128966	0	0	0.673394	0	0	0	0.673394	
0.999862	0.00134233	0	0	0.666641	0	0	0	0.666641	
0.999859	0.0013955	0	0	0.659956	0	0	0	0.659956	
0.999855	0.00144917	0	0	0.653341	0	0	0	0.653341	
0.999852	0.00150331	0	0	0.646793	0	0	0	0.646793	
0.999849	0.00155789	0	0	0.640313	0	0	0	0.640313	
0.999845	0.0016129	0	0	0.633898	0	0	0	0.633898	
0.999842	0.00166831	0	0	0.62755	0	0	0	0.62755	
0.999838	0.00172411	0	0	0.621267	0	0	0	0.621267	
0.999835	0.00178027	0	0	0.615048	0	0	0	0.615048	
0.999831	0.00183678	0	0	0.608893	0	0	0	0.608893	
0.999828	0.00189363	0	0	0.6028	0	0	0	0.6028	
0.999824	0.00195078	0	0	0.59677	0	0	0	0.59677	
0.999821	0.00200823	0	0	0.590802	0	0	0	0.590802	
0.999818	0.00206595	0	0	0.584895	0	0	0	0.584895	
0.999814	0.00212394	0	0	0.579048	0	0	0	0.579048	
0.999811	0.00218218	0	0	0.573261	0	0	0	0.573261	
0.999807	0.00224064	0	0	0.567533	0	0	0	0.567533	
0.999804	0.00229933	0	0	0.561863	0	0	0	0.561863	
0.9998	0.00235821	0	0	0.556252	0	0	0	0.556252	
0.999797	0.00241729	0	0	0.550697	0	0	0	0.550697	
0.999793	0.00247653	0	0	0.5452	0	0	0	0.5452	
0.99979	0.00253594	0	0	0.539758	0	0	0	0.539758	
0.999787	0.0025955	0	0	0.534372	0	0	0	0.534372	
0.999783	0.0026552	0	0	0.52904	0	0	0	0.52904	
0.99978	0.00271502	0	0	0.523763	0	0	0	0.523763	
0.999776	0.00277495	0	0	0.51854	0	0	0	0.51854	
0.999773	0.00283498	0	0	0.51337	0	0	0	0.51337	
0.999769	0.0028951	0	0	0.508253	0	0	0	0.508253	
0.999766	0.0029553	0	0	0.503187	0	0	0	0.503187	
0.999762	0.00301557	0	0	0.498173	0	0	0	0.498173	
0.999759	0.0030759	0	0	0.493211	0	0	0	0.493211	
0.999756	0.00313627	0	0	0.488298	0	0	0	0.488298	
0.999752	0.00319668	0	0	0.483436	0	0	0	0.483436	
0.999749	0.00325712	0	0	0.478623	0	0	0	0.478623	
0.999745	0.00331758	0	0	0.473858	0	0	0	0.473858	
0.999742	0.00337805	0	0	0.469143	0	0	0	0.469143	
0.999738	0.00343852	0	0	0.464475	0	0	0	0.464475	
0.999735	0.00349898	0	0	0.459854	0	0	0	0.459854	
0.999731	0.00355943	0	0	0.455281	0	0	0	0.455281	
0.999728	0.00361986	0	0	0.450753	0	0	0	0.450753	
0.999725	0.00368025	0	0	0.446272	0	0	0	0.446272	
0.999721	0.00374061	0	0	0.441836	0	0	0	0.441836	
0.999718	0.00380092	0	0	0.437445	0	0	0	0.437445	
0.999714	0.00386118	0	0	0.433098	0	0	0	0.433098	
0.999711	0.00392138	0	0	0.428796	0	0	0	0.428796	
0.999707	0.00398151	0	0	0.424537	0	0	0	0.424537	
0.999704	0.00404156	0	0	0.420321	0	0	0	0.420321	
0.9997	0.00410154	0	0	0.416148	0	0	0	0.416148	
0.999697	0.00416143	0	0	0.412017	0	0	0	0.412017	
0.999694	0.00422123	0	0	0.407928	0	0	0	0.407928	
0.99969	0.00428094	0	0	0.403881	0	0	0	0.403881	
0.999687	0.00434054	0	0	0.399874	0	0	0	0.399874	
0.999683	0.00440003	0	0	0.395908	0	0	0	0.395908	
0.99968	0.0044594	0	0	0.391981	0	0	0	0.391981	
0.999676	0.00451866	0	0	0.388095	0	0	0	0.388095	
0.999673	0.00457779	0	0	0.384248	0	0	0	0.384248	
0.99967	0.00463679	0	0	0.380439	0	0	0	0.380439	
0.999666	0.00469566	0	0	0.376669	0	0	0	0.376669	
0.999663	0.00475439	0	0	0.372937	0	0	0	0.372937	
0.999659	0.00481298	0	0	0.369243	0	0	0	0.369243	
0.999656	0.00487142	0	0	0.365586	0	0	0	0.365586	
0.999652	0.00492971	0	0	0.361966	0	0	0	0.361966	
0.999649	0.00498784	0	0	0.358382	0	0	0	0.358382	
0.999645	0.00504582	0	0	0.354835	0	0	0	0.354835	
0.999642	0.00510363	0	0	0.351323	0	0	0	0.351323	
0.999639	0.00516127	0	0	0.347847	0	0	0	0.347847	
0.999635	0.00521874	0	0	0.344406	0	0	0	0.344406	
0.999632	0.00527604	0	0	0.340999	0	0	0	0.340999	
0.999628	0.00533316	0	0	0.337627	0	0	0	0.337627	
0.999625	0.0053901	0	0	0.334288	0	0	0	0.334288	
0.999621	0.00544686	0	0	0.330984	0	0	0	0.330984	
0.999618	0.00550343	0	0	0.327712	0	0	0	0.327712	
0.999614	0.00555981	0	0	0.324474	0	0	0	0.324474	
0.999611	0.00561599	0	0	0.321267	0	0	0	0.321267	
0.999608	0.00567199	0	0	0.318094	0	0	0	0.318094	
0.999604	0.00572778	0	0	0.314952	0	0	0	0.314952	
0.999601	0.00578338	0	0	0.311842	0	0	0	0.311842	
0.999597	0.00583877	0	0	0.308763	0	0	0	0.308763	
0.999594	0.00589396	0	0	0.305714	0	0	0	0.305714	
0.99959	0.00594894	0	0	0.302697	0	0	0	0.302697	
0.999587	0.00600371	0	0	0.29971	0	0	0	0.29971	
0.999583	0.00605826	0	0	0.296753	0	0	0	0.296753	
0.99958	0.00611261	0	0	0.293825	0	0	0	0.293825	
0.999577	0.00616674	0	0	0.290927	0	0	0	0.290927	
0.999573	0.00622065	0	0	0.288058	0	0	0	0.288058	
0.99957	0.00627435	0	0	0.285218	0	0	0	0.285218	
0.999566	0.00632782	0	0	0.282406	0	0	0	0.282406	
0.999563	0.00638107	0	0	0.279622	0	0	0	0.279622	
0.999559	0.0064341	0	0	0.276867	0	0	0	0.276867	
0.999556	0.0064869	0	0	0.274139	0	0	0	0.274139	
0.999553	0.00653947	0	0	0.271438	0	0	0	0.271438	
0.999549	0.00659182	0	0	0.268764	0	0	0	0.268764	
0.999546	0.00664394	0	0	0.266118	0	0	0	0.266118	
0.999542	0.00669582	0	0	0.263497	0	0	0	0.263497	
0.999539	0.00674748	0	0	0.260903	0	0	0	0.260903	
0.999535	0.0067989	0	0	0.258335	0	0	0	0.258335	
0.999532	0.00685008	0	0	0.255793	0	0	0	0.255793	
0.999528	0.00690104	0	0	0.253276	0	0	0	0.253276	
0.999525	0.00695175	0	0	0.250784	0	0	0	0.250784	
0.999522	0.00700223	0	0	0.248317	0	0	0	0.248317	
0.999518	0.00705248	0	0	0.245875	0	0	0	0.245875	
0.999515	0.00710248	0	0	0.243457	0	0	0	0.243457	
0.999511	0.00715225	0	0	0.241063	0	0	0	0.241063	
0.999508	0.00720177	0	0	0.238694	0	0	0	0.238694	
0.999504	0.00725106	0	0	0.236348	0	0	0	0.236348	
0.999501	0.0073001	0	0	0.234025	0	0	0	0.234025	
0.999497	0.0073489	0	0	0.231726	0	0	0	0.231726	
0.999494	0.00739746	0	0	0.229449	0	0	0	0.229449	
0.999491	0.00744578	0	0	0.227196	0	0	0	0.227196	
0.999487	0.00749386	0	0	0.224964	0	0	0	0.224964	
0.999484	0.00754169	0	0	0.222755	0	0	0	0.222755	
0.99948	0.00758928	0	0	0.220569	0	0	0	0.220569	
0.999477	0.00763662	0	0	0.218404	0	0	0	0.218404	
0.999473	0.00768372	0	0	0.21626	0	0	0	0.21626	
0.99947	0.00773058	0	0	0.214138	0	0	0	0.214138	
0.999466	0.00777719	0	0	0.212037	0	0	0	0.212037	
0.999463	0.00782356	0	0	0.209957	0	0	0	0.209957	
0.99946	0.00786969	0	0	0.207898	0	0	0	0.207898	
0.999456	0.00791557	0	0	0.205859	0	0	0	0.205859	
0.999453	0.0079612	0	0	0.203841	0	0	0	0.203841	
0.999449	0.00800659	0	0	0.201843	0	0	0	0.201843	
0.999446	0.00805174	0	0	0.199864	0	0	0	0.199864	
0.999442	0.00809664	0	0	0.197905	0	0	0	0.197905	
0.999439	0.00814129	0	0	0.195966	0	0	0	0.195966	
0.999436	0.00818571	0	0	0.194046	0	0	0	0.194046	
0.999432	0.00822987	0	0	0.192146	0	0	0	0.192146	
0.999429	0.0082738	0	0	0.190264	0	0	0	0.190264	
0.999425	0.00831748	0	0	0.188401	0	0	0	0.188401	
0.999422	0.00836092	0	0	0.186556	0	0	0	0.186556	
0.999418	0.00840411	0	0	0.18473	0	0	0	0.18473	
0.999415	0.00844706	0	0	0.182922	0	0	0	0.182922	
0.999411	0.00848977	0	0	0.181132	0	0	0	0.181132	
0.999408	0.00853224	0	0	0.179359	0	0	0	0.179359	
0.999405	0.00857446	0	0	0.177605	0	0	0	0.177605	
0.999401	0.00861644	0	0	0.175867	0	0	0	0.175867	
0.999398	0.00865819	0	0	0.174147	0	0	0	0.174147	
0.999394	0.00869969	0	0	0.172444	0	0	0	0.172444	
0.999391	0.00874095	0	0	0.170758	0	0	0	0.170758	
0.999387	0.00878197	0	0	0.169089	0	0	0	0.169089	
0.999384	0.00882275	0	0	0.167436	0	0	0	0.167436	
0.99938	0.0088633	0	0	0.1658	0	0	0	0.1658	
0.999377	0.0089036	0	0	0.16418	0	0	0	0.16418	
0.999374	0.00894367	0	0	0.162576	0	0	0	0.162576	
0.99937	0.0089835	0	0	0.160988	0	0	0	0.160988	
0.999367	0.00902309	0	0	0.159416	0	0	0	0.159416	
0.999363	0.00906245	0	0	0.157859	0	0	0	0.157859	
0.99936	0.00910157	0	0	0.156317	0	0	0	0.156317	
0.999356	0.00914046	0	0	0.154791	0	0	0	0.154791	
0.999353	0.00917911	0	0	0.153281	0	0	0	0.153281	
0.999349	0.00921753	0	0	0.151785	0	0	0	0.151785	
0.999346	0.00925572	0	0	0.150304	0	0	0	0.150304	
0.999343	0.00929368	0	0	0.148837	0	0	0	0.148837	
0.999339	0.0093314	0	0	0.147385	0	0	0	0.147385	
0.999336	0.0093689	0	0	0.145948	0	0	0	0.145948	
0.999332	0.00940616	0	0	0.144524	0	0	0	0.144524	
0.999329	0.00944319	0	0	0.143115	0	0	0	0.143115	
0.999325	0.00948	0	0	0.14172	0	0	0	0.14172	
0.999322	0.00951658	0	0	0.140339	0	0	0	0.140339	
0.999319	0.00955293	0	0	0.138971	0	0	0	0.138971	
0.999315	0.00958905	0	0	0.137617	0	0	0	0.137617	
0.999312	0.00962495	0	0	0.136276	0	0	0	0.136276	
0.999308	0.00966063	0	0	0.134948	0	0	0	0.134948	
0.999305	0.00969608	0	0	0.133634	0	0	0	0.133634	
0.999301	0.00973131	0	0	0.132332	0	0	0	0.132332	
0.999298	0.00976632	0	0	0.131044	0	0	0	0.131044	
0.999294	0.0098011	0	0	0.129768	0	0	0	0.129768	
0.999291	0.00983567	0	0	0.128504	0	0	0	0.128504	
0.999288	0.00987001	0	0	0.127254	0	0	0	0.127254	
0.999284	0.00990414	0	0	0.126015	0	0	0	0.126015	
0.999281	0.00993805	0	0	0.124789	0	0	0	0.124789	
0.999277	0.00997174	0	0	0.123575	0	0	0	0.123575	
0.999274	0.0100052	0	0	0.122373	0	0	0	0.122373	
0.99927	0.0100385	0	0	0.121183	0	0	0	0.121183	
0.999267	0.0100715	0	0	0.120004	0	0	0	0.120004	
0.999263	0.0101044	0	0	0.118837	0	0	0	0.118837	
0.99926	0.010137	0	0	0.117682	0	0	0	0.117682	
0.999257	0.0101694	0	0	0.116538	0	0	0	0.116538	
0.999253	0.0102016	0	0	0.115405	0	0	0	0.115405	
0.99925	0.0102336	0	0	0.114284	0	0	0	0.114284	
0.999246	0.0102654	0	0	0.113174	0	0	0	0.113174	
0.999243	0.0102969	0	0	0.112074	0	0	0	0.112074	
0.999239	0.0103283	0	0	0.110985	0	0	0	0.110985	
0.999236	0.0103594	0	0	0.109908	0	0	0	0.109908	
0.999233	0.0103904	0	0	0.10884	0	0	0	0.10884	
0.999229	0.0104211	0	0	0.107783	0	0	0	0.107783	
0.999226	0.0104517	0	0	0.106737	0	0	0	0.106737	
0.999222	0.010482	0	0	0.105701	0	0	0	0.105701	
0.999219	0.0105122	0	0	0.104675	0	0	0	0.104675	
0.999215	0.0105421	0	0	0.103659	0	0	0	0.103659	
0.999212	0.0105719	0	0	0.102654	0	0	0	0.102654	
0.999208	0.0106014	0	0	0.101658	0	0	0	0.101658	
0.999205	0.0106308	0	0	0.100672	0	0	0	0.100672	
0.999202	0.0106599	0	0	0.0996955	0	0	0	0.0996955	
0.999198	0.0106889	0	0	0.0987287	0	0	0	0.0987287	
0.999195	0.0107176	0	0	0.0977715	0	0	0	0.0977715	
0.999191	0.0107462	0	0	0.0968237	0	0	0	0.0968237	
0.999188	0.0107746	0	0	0.0958852	0	0	0	0.0958852	
0.999184	0.0108027	0	0	0.0949559	0	0	0	0.0949559	
0.999181	0.0108307	0	0	0.0940358	0	0	0	0.0940358	
0.999177	0.0108585	0	0	0.0931247	0	0	0	0.0931247	
0.999174	0.0108862	0	0	0.0922226	0	0	0	0.0922226	
0.999171	0.0109136	0	0	0.0913293	0	0	0	0.0913293	
0.999167	0.0109408	0	0	0.0904448	0	0	0	0.0904448	
0.999164	0.0109679	0	0	0.089569	0	0	0	0.089569	
0.99916	0.0109947	0	0	0.0887018	0	0	0	0.0887018	
0.999157	0.0110214	0	0	0.0878431	0	0	0	0.0878431	
0.999153	0.0110479	0	0	0.0869929	0	0	0	0.0869929	
0.99915	0.0110742	0	0	0.086151	0	0	0	0.086151	
0.999147	0.0111004	0	0	0.0853173	0	0	0	0.0853173	
0.999143	0.0111263	0	0	0.0844919	0	0	0	0.0844919	
0.99914	0.0111521	0	0	0.0836745	0	0	0	0.0836745	
0.999136	0.0111777	0	0	0.0828652	0	0	0	0.0828652	
0.999133	0.0112031	0	0	0.0820637	0	0	0	0.0820637	
0.999129	0.0112284	0	0	0.0812702	0	0	0	0.0812702	
0.999126	0.0112535	0	0	0.0804844	0	0	0	0.0804844	
0.999122	0.0112784	0	0	0.0797064	0	0	0	0.0797064	
0.999119	0.0113031	0	0	0.078936	0	0	0	0.078936	
0.999116	0.0113277	0	0	0.0781731	0	0	0	0.0781731	
0.999112	0.011352	0	0	0.0774177	0	0	0	0.0774177	
0.999109	0.0113762	0	0	0.0766697	0	0	0	0.0766697	
0.999105	0.0114003	0	0	0.075929	0	0	0	0.075929	
0.999102	0.0114242	0	0	0.0751956	0	0	0	0.0751956	
0.999098	0.0114479	0	0	0.0744694	0	0	0	0.0744694	
0.999095	0.0114714	0	0	0.0737503	0	0	0	0.0737503	
0.999091	0.0114948	0	0	0.0730382	0	0	0	0.0730382	
0.999088	0.011518	0	0	0.0723331	0	0	0	0.0723331	
0.999085	0.0115411	0	0	0.0716349	0	0	0	0.0716349	
0.999081	0.0115639	0	0	0.0709435	0	0	0	0.0709435	
0.999078	0.0115867	0	0	0.0702589	0	0	0	0.0702589	
0.999074	0.0116092	0	0	0.069581	0	0	0	0.069581	
0.999071	0.0116316	0	0	0.0689098	0	0	0	0.0689098	
0.999067	0.0116539	0	0	0.0682451	0	0	0	0.0682451	
0.999064	0.011676	0	0	0.0675869	0	0	0	0.0675869	
0.999061	0.0116979	0	0	0.0669351	0	0	0	0.0669351	
0.999057	0.0117197	0	0	0.0662897	0	0	0	0.0662897	
0.999054	0.0117413	0	0	0.0656506	0	0	0	0.0656506	
0.99905	0.0117628	0	0	0.0650178	0	0	0	0.0650178	
0.999047	0.0117841	0	0	0.0643911	0	0	0	0.0643911	
0.999043	0.0118052	0	0	0.0637706	0	0	0	0.0637706	
0.99904	0.0118262	0	0	0.0631561	0	0	0	0.0631561	
0.999036	0.0118471	0	0	0.0625477	0	0	0	0.0625477	
0.999033	0.0118678	0	0	0.0619452	0	0	0	0.0619452	
0.99903	0.0118884	0	0	0.0613485	0	0	0	0.0613485	
0.999026	0.0119088	0	0	0.0607577	0	0	0	0.0607577	
0.999023	0.0119291	0	0	0.0601727	0	0	0	0.0601727	
0.999019	0.0119492	0	0	0.0595934	0	0	0	0.0595934	
0.999016	0.0119692	0	0	0.0590197	0	0	0	0.0590197	
0.999012	0.011989	0	0	0.0584516	0	0	0	0.0584516	
0.999009	0.0120087	0	0	0.0578891	0	0	0	0.0578891	
0.999005	0.0120282	0	0	0.057332	0	0	0	0.057332	
0.999002	0.0120476	0	0	0.0567804	0	0	0	0.0567804	
0.998999	0.0120669	0	0	0.0562342	0	0	0	0.0562342	
0.998995	0.012086	0	0	0.0556933	0	0	0	0.0556933	
0.998992	0.012105	0	0	0.0551577	0	0	0	0.0551577	
0.998988	0.0121239	0	0	0.0546273	0	0	0	0.0546273	
0.998985	0.0121426	0	0	0.054102	0	0	0	0.054102	
0.998981	0.0121612	0	0	0.0535819	0	0	0	0.0535819	
0.998978	0.0121796	0	0	0.0530669	0	0	0	0.0530669	
0.998975	0.0121979	0	0	0.0525569	0	0	0	0.0525569	
0.998971	0.0122161	0	0	0.0520518	0	0	0	0.0520518	
0.998968	0.0122341	0	0	0.0515517	0	0	0	0.0515517	
0.998964	0.012252	0	0	0.0510564	0	0	0	0.0510564	
0.998961	0.0122698	0	0	0.0505659	0	0	0	0.0505659	
0.998957	0.0122875	0	0	0.0500803	0	0	0	0.0500803	
0.998954	0.012305	0	0	0.0495993	0	0	0	0.0495993	
0.99895	0.0123224	0	0	0.0491231	0	0	0	0.0491231	
0.998947	0.0123396	0	0	0.0486515	0	0	0	0.0486515	
0.998944	0.0123568	0	0	0.0481844	0	0	0	0.0481844	
0.99894	0.0123738	0	0	0.0477219	0	0	0	0.0477219	
0.998937	0.0123907	0	0	0.047264	0	0	0	0.047264	
0.998933	0.0124074	0	0	0.0468104	0	0	0	0.0468104	
0.99893	0.0124241	0	0	0.0463613	0	0	0	0.0463613	
0.998926	0.0124406	0	0	0.0459166	0	0	0	0.0459166	
0.998923	0.012457	0	0	0.0454761	0	0	0	0.0454761	
0.99892	0.0124733	0	0	0.04504	0	0	0	0.04504	
0.998916	0.0124894	0	0	0.0446081	0	0	0	0.0446081	
0.998913	0.0125054	0	0	0.0441804	0	0	0	0.0441804	
0.998909	0.0125214	0	0	0.0437568	0	0	0	0.0437568	
0.998906	0.0125372	0	0	0.0433374	0	0	0	0.0433374	
0.998902	0.0125528	0	0	0.042922	0	0	0	0.042922	
0.998899	0.0125684	0	0	0.0425107	0	0	0	0.0425107	
0.998895	0.0125839	0	0	0.0421034	0	0	0	0.0421034	
0.998892	0.0125992	0	0	0.0417	0	0	0	0.0417	
0.998889	0.0126144	0	0	0.0413005	0	0	0	0.0413005	
0.998885	0.0126295	0	0	0.0409049	0	0	0	0.0409049	
0.998882	0.0126445	0	0	0.0405132	0	0	0	0.0405132	
0.998878	0.0126594	0	0	0.0401253	0	0	0	0.0401253	
0.998875	0.0126742	0	0	0.0397411	0	0	0	0.0397411	
0.998871	0.0126888	0	0	0.0393607	0	0	0	0.0393607	
0.998868	0.0127034	0	0	0.0389839	0	0	0	0.0389839	
0.998864	0.0127178	0	0	0.0386108	0	0	0	0.0386108	
0.998861	0.0127322	0	0	0.0382413	0	0	0	0.0382413	
0.998858	0.0127464	0	0	0.0378754	0	0	0	0.0378754	
0.998854	0.0127605	0	0	0.0375131	0	0	0	0.0375131	
0.998851	0.0127746	0	0	0.0371543	0	0	0	0.0371543	
0.998847	0.0127885	0	0	0.0367989	0	0	0	0.0367989	
0.998844	0.0128023	0	0	0.036447	0	0	0	0.036447	
0.99884	0.012816	0	0	0.0360985	0	0	0	0.0360985	
0.998837	0.0128296	0	0	0.0357534	0	0	0	0.0357534	
0.998834	0.0128431	0	0	0.0354116	0	0	0	0.0354116	
0.99883	0.0128565	0	0	0.0350731	0	0	0	0.0350731	
0.998827	0.0128698	0	0	0.0347379	0	0	0	0.0347379	
0.998823	0.012883	0	0	0.034406	0	0	0	0.034406	
0.99882	0.0128961	0	0	0.0340773	0	0	0	0.0340773	
0.998816	0.0129091	0	0	0.0337517	0	0	0	0.0337517	
0.998813	0.012922	0	0	0.0334293	0	0	0	0.0334293	
0.998809	0.0129348	0	0	0.0331101	0	0	0	0.0331101	
0.998806	0.0129475	0	0	0.0327939	0	0	0	0.0327939	
0.998803	0.0129601	0	0	0.0324808	0	0	0	0.0324808	
0.998799	0.0129726	0	0	0.0321707	0	0	0	0.0321707	
0.998796	0.0129851	0	0	0.0318636	0	0	0	0.0318636	
0.998792	0.0129974	0	0	0.0315595	0	0	0	0.0315595	
0.998789	0.0130096	0	0	0.0312583	0	0	0	0.0312583	
0.998785	0.0130218	0	0	0.03096	0	0	0	0.03096	
0.998782	0.0130338	0	0	0.0306646	0	0	0	0.0306646	
0.998779	0.0130458	0	0	0.0303721	0	0	0	0.0303721	
0.998775	0.0130577	0	0	0.0300824	0	0	0	0.0300824	
0.998772	0.0130695	0	0	0.0297955	0	0	0	0.0297955	
0.998768	0.0130811	0	0	0.0295114	0	0	0	0.0295114	
0.998765	0.0130927	0	0	0.02923	0	0	0	0.02923	
0.998761	0.0131043	0	0	0.0289514	0	0	0	0.0289514	
0.998758	0.0131157	0	0	0.0286754	0	0	0	0.0286754	
0.998754	0.013127	0	0	0.0284021	0	0	0	0.0284021	
0.998751	0.0131383	0	0	0.0281314	0	0	0	0.0281314	
0.998748	0.0131495	0	0	0.0278634	0	0	0	0.0278634	
0.998744	0.0131605	0	0	0.0275979	0	0	0	0.0275979	
0.998741	0.0131715	0	0	0.027335	0	0	0	0.027335	
0.998737	0.0131825	0	0	0.0270747	0	0	0	0.0270747	
0.998734	0.0131933	0	0	0.0268168	0	0	0	0.0268168	
0.99873	0.013204	0	0	0.0265615	0	0	0	0.0265615	
0.998727	0.0132147	0	0	0.0263086	0	0	0	0.0263086	
0.998723	0.0132253	0	0	0.0260581	0	0	0	0.0260581	
0.99872	0.0132358	0	0	0.0258101	0	0	0	0.0258101	
0.998717	0.0132462	0	0	0.0255645	0	0	0	0.0255645	
0.998713	0.0132566	0	0	0.0253212	0	0	0	0.0253212	
0.99871	0.0132669	0	0	0.0250803	0	0	0	0.0250803	
0.998706	0.013277	0	0	0.0248417	0	0	0	0.0248417	
0.998703	0.0132872	0	0	0.0246054	0	0	0	0.0246054	
0.998699	0.0132972	0	0	0.0243713	0	0	0	0.0243713	
0.998696	0.0133071	0	0	0.0241396	0	0	0	0.0241396	
0.998693	0.013317	0	0	0.02391	0	0	0	0.02391	
0.998689	0.0133268	0	0	0.0236827	0	0	0	0.0236827	
0.998686	0.0133366	0	0	0.0234576	0	0	0	0.0234576	
0.998682	0.0133462	0	0	0.0232346	0	0	0	0.0232346	
0.998679	0.0133558	0	0	0.0230138	0	0	0	0.0230138	
0.998675	0.0133653	0	0	0.0227951	0	0	0	0.0227951	
0.998672	0.0133747	0	0	0.0225785	0	0	0	0.0225785	
0.998668	0.0133841	0	0	0.022364	0	0	0	0.022364	
0.998665	0.0133934	0	0	0.0221516	0	0	0	0.0221516	
0.998662	0.0134026	0	0	0.0219412	0	0	0	0.0219412	
0.998658	0.0134118	0	0	0.0217328	0	0	0	0.0217328	
0.998655	0.0134208	0	0	0.0215265	0	0	0	0.0215265	
0.998651	0.0134299	0	0	0.0213221	0	0	0	0.0213221	
0.998648	0.0134388	0	0	0.0211197	0	0	0	0.0211197	
0.998644	0.0134477	0	0	0.0209192	0	0	0	0.0209192	
0.998641	0.0134565	0	0	0.0207207	0	0	0	0.0207207	
0.998638	0.0134652	0	0	0.0205241	0	0	0	0.0205241	
0.998634	0.0134739	0	0	0.0203293	0	0	0	0.0203293	
0.998631	0.0134825	0	0	0.0201365	0	0	0	0.0201365	
0.998627	0.013491	0	0	0.0199455	0	0	0	0.0199455	
0.998624	0.0134995	0	0	0.0197563	0	0	0	0.0197563	
0.99862	0.0135079	0	0	0.019569	0	0	0	0.019569	
0.998617	0.0135162	0	0	0.0193834	0	0	0	0.0193834	
0.998613	0.0135245	0	0	0.0191996	0	0	0	0.0191996	
0.99861	0.0135327	0	0	0.0190176	0	0	0	0.0190176	
0.998607	0.0135408	0	0	0.0188374	0	0	0	0.0188374	
0.998603	0.0135489	0	0	0.0186589	0	0	0	0.0186589	
0.9986	0.013557	0	0	0.0184821	0	0	0	0.0184821	
0.998596	0.0135649	0	0	0.018307	0	0	0	0.018307	
0.998593	0.0135728	0	0	0.0181335	0	0	0	0.0181335	
0.998589	0.0135806	0	0	0.0179618	0	0	0	0.0179618	
0.998586	0.0135884	0	0	0.0177917	0	0	0	0.0177917	
0.998583	0.0135961	0	0	0.0176232	0	0	0	0.0176232	
0.998579	0.0136038	0	0	0.0174563	0	0	0	0.0174563	
0.998576	0.0136114	0	0	0.0172911	0	0	0	0.0172911	
0.998572	0.0136189	0	0	0.0171274	0	0	0	0.0171274	
0.998569	0.0136264	0	0	0.0169653	0	0	0	0.0169653	
0.998565	0.0136338	0	0	0.0168047	0	0	0	0.0168047	
0.998562	0.0136412	0	0	0.0166457	0	0	0	0.0166457	
0.998558	0.0136485	0	0	0.0164882	0	0	0	0.0164882	
0.998555	0.0136557	0	0	0.0163323	0	0	0	0.0163323	
0.998552	0.0136629	0	0	0.0161778	0	0	0	0.0161778	
0.998548	0.0136701	0	0	0.0160248	0	0	0	0.0160248	
0.998545	0.0136772	0	0	0.0158732	0	0	0	0.0158732	
0.998541	0.0136842	0	0	0.0157232	0	0	0	0.0157232	
0.998538	0.0136912	0	0	0.0155745	0	0	0	0.0155745	
0.998534	0.0136981	0	0	0.0154273	0	0	0	0.0154273	
0.998531	0.0137049	0	0	0.0152815	0	0	0	0.0152815	
0.998528	0.0137118	0	0	0.0151371	0	0	0	0.0151371	
0.998524	0.0137185	0	0	0.0149941	0	0	0	0.0149941	
0.998521	0.0137252	0	0	0.0148524	0	0	0	0.0148524	
0.998517	0.0137319	0	0	0.0147121	0	0	0	0.0147121	
0.998514	0.0137385	0	0	0.0145731	0	0	0	0.0145731	
0.99851	0.013745	0	0	0.0144355	0	0	0	0.0144355	
0.998507	0.0137515	0	0	0.0142992	0	0	0	0.0142992	
0.998503	0.013758	0	0	0.0141642	0	0	0	0.0141642	
0.9985	0.0137644	0	0	0.0140305	0	0	0	0.0140305	
0.998497	0.0137707	0	0	0.0138981	0	0	0	0.0138981	
0.998493	0.013777	0	0	0.0137669	0	0	0	0.0137669	
0.99849	0.0137833	0	0	0.013637	0	0	0	0.013637	
0.998486	0.0137895	0	0	0.0135083	0	0	0	0.0135083	
0.998483	0.0137956	0	0	0.0133809	0	0	0	0.0133809	
0.998479	0.0138017	0	0	0.0132546	0	0	0	0.0132546	
0.998476	0.0138078	0	0	0.0131296	0	0	0	0.0131296	
0.998473	0.0138138	0	0	0.0130058	0	0	0	0.0130058	
0.998469	0.0138198	0	0	0.0128832	0	0	0	0.0128832	
0.998466	0.0138257	0	0	0.0127617	0	0	0	0.0127617	
0.998462	0.0138315	0	0	0.0126414	0	0	0	0.0126414	
0.998459	0.0138374	0	0	0.0125223	0	0	0	0.0125223	
0.998455	0.0138431	0	0	0.0124043	0	0	0	0.0124043	
0.998452	0.0138489	0	0	0.0122874	0	0	0	0.0122874	
0.998448	0.0138546	0	0	0.0121716	0	0	0	0.0121716	
0.998445	0.0138602	0	0	0.0120569	0	0	0	0.0120569	
0.998442	0.0138658	0	0	0.0119434	0	0	0	0.0119434	
0.998438	0.0138714	0	0	0.0118309	0	0	0	0.0118309	
0.998435	0.0138769	0	0	0.0117195	0	0	0	0.0117195	
0.998431	0.0138823	0	0	0.0116091	0	0	0	0.0116091	
0.998428	0.0138878	0	0	0.0114998	0	0	0	0.0114998	
0.998424	0.0138932	0	0	0.0113916	0	0	0	0.0113916	
0.998421	0.0138985	0	0	0.0112844	0	0	0	0.0112844	
0.998418	0.0139038	0	0	0.0111782	0	0	0	0.0111782	
0.998414	0.0139091	0	0	0.011073	0	0	0	0.011073	
0.998411	0.0139143	0	0	0.0109688	0	0	0	0.0109688	
0.998407	0.0139195	0	0	0.0108656	0	0	0	0.0108656	
0.998404	0.0139246	0	0	0.0107634	0	0	0	0.0107634	
0.9984	0.0139297	0	0	0.0106622	0	0	0	0.0106622	
0.998397	0.0139347	0	0	0.010562	0	0	0	0.010562	
0.998393	0.0139398	0	0	0.0104626	0	0	0	0.0104626	
0.99839	0.0139447	0	0	0.0103643	0	0	0	0.0103643	
0.998387	0.0139497	0	0	0.0102669	0	0	0	0.0102669	
0.998383	0.0139546	0	0	0.0101704	0	0	0	0.0101704	
0.99838	0.0139594	0	0	0.0100748	0	0	0	0.0100748	
0.998376	0.0139643	0	0	0.00998015	0	0	0	0.00998015	
0.998373	0.013969	0	0	0.00988639	0	0	0	0.00988639	
0.998369	0.0139738	0	0	0.00979352	0	0	0	0.00979352	
0.998366	0.0139785	0	0	0.00970154	0	0	0	0.00970154	
0.998363	0.0139832	0	0	0.00961043	0	0	0	0.00961043	
0.998359	0.0139878	0	0	0.00952019	0	0	0	0.00952019	
0.998356	0.0139924	0	0	0.00943081	0	0	0	0.00943081	
0.998352	0.013997	0	0	0.00934229	0	0	0	0.00934229	
0.998349	0.0140015	0	0	0.0092546	0	0	0	0.0092546	
0.998345	0.014006	0	0	0.00916775	0	0	0	0.00916775	
0.998342	0.0140105	0	0	0.00908173	0	0	0	0.00908173	
0.998338	0.0140149	0	0	0.00899652	0	0	0	0.00899652	
0.998335	0.0140193	0	0	0.00891212	0	0	0	0.00891212	
0.998332	0.0140236	0	0	0.00882853	0	0	0	0.00882853	
0.998328	0.0140279	0	0	0.00874574	0	0	0	0.00874574	
0.998325	0.0140322	0	0	0.00866373	0	0	0	0.00866373	
0.998321	0.0140365	0	0	0.0085825	0	0	0	0.0085825	
0.998318	0.0140407	0	0	0.00850204	0	0	0	0.00850204	
0.998314	0.0140449	0	0	0.00842235	0	0	0	0.00842235	
0.998311	0.014049	0	0	0.00834341	0	0	0	0.00834341	
0.998308	0.0140531	0	0	0.00826523	0	0	0	0.00826523	
0.998304	0.0140572	0	0	0.00818779	0	0	0	0.00818779	
0.998301	0.0140613	0	0	0.00811108	0	0	0	0.00811108	
0.998297	0.0140653	0	0	0.0080351	0	0	0	0.0080351	
0.998294	0.0140693	0	0	0.00795985	0	0	0	0.00795985	
0.99829	0.0140733	0	0	0.00788531	0	0	0	0.00788531	
0.998287	0.0140772	0	0	0.00781148	0	0	0	0.00781148	
0.998283	0.0140811	0	0	0.00773834	0	0	0	0.00773834	
0.99828	0.014085	0	0	0.00766591	0	0	0	0.00766591	
0.998277	0.0140888	0	0	0.00759416	0	0	0	0.00759416	
0.998273	0.0140926	0	0	0.00752309	0	0	0	0.00752309	
0.99827	0.0140964	0	0	0.0074527	0	0	0	0.0074527	
0.998266	0.0141001	0	0	0.00738297	0	0	0	0.00738297	
0.998263	0.0141038	0	0	0.00731391	0	0	0	0.00731391	
0.998259	0.0141075	0	0	0.0072455	0	0	0	0.0072455	
0.998256	0.0141112	0	0	0.00717775	0	0	0	0.00717775	
0.998253	0.0141148	0	0	0.00711063	0	0	0	0.00711063	
0.998249	0.0141184	0	0	0.00704415	0	0	0	0.00704415	
0.998246	0.014122	0	0	0.0069783	0	0	0	0.0069783	
0.998242	0.0141255	0	0	0.00691308	0	0	0	0.00691308	
0.998239	0.014129	0	0	0.00684847	0	0	0	0.00684847	
0.998235	0.0141325	0	0	0.00678448	0	0	0	0.00678448	
0.998232	0.014136	0	0	0.00672109	0	0	0	0.00672109	
0.998228	0.0141394	0	0	0.00665831	0	0	0	0.00665831	
0.998225	0.0141428	0	0	0.00659612	0	0	0	0.00659612	
0.998222	0.0141462	0	0	0.00653452	0	0	0	0.00653452	
0.998218	0.0141496	0	0	0.0064735	0	0	0	0.0064735	
0.998215	0.0141529	0	0	0.00641306	0	0	0	0.00641306	
0.998211	0.0141562	0	0	0.00635319	0	0	0	0.00635319	
0.998208	0.0141595	0	0	0.00629389	0	0	0	0.00629389	
0.998204	0.0141627	0	0	0.00623516	0	0	0	0.00623516	
0.998201	0.0141659	0	0	0.00617697	0	0	0	0.00617697	
0.998198	0.0141691	0	0	0.00611934	0	0	0	0.00611934	
0.998194	0.0141723	0	0	0.00606226	0	0	0	0.00606226	
0.998191	0.0141755	0	0	0.00600571	0	0	0	0.00600571	
0.998187	0.0141786	0	0	0.00594971	0	0	0	0.00594971	
0.998184	0.0141817	0	0	0.00589423	0	0	0	0.00589423	
0.99818	0.0141848	0	0	0.00583927	0	0	0	0.00583927	
0.998177	0.0141878	0	0	0.00578484	0	0	0	0.00578484	
0.998173	0.0141908	0	0	0.00573092	0	0	0	0.00573092	
0.99817	0.0141938	0	0	0.00567751	0	0	0	0.00567751	
0.998167	0.0141968	0	0	0.00562461	0	0	0	0.00562461	
0.998163	0.0141998	0	0	0.0055722	0	0	0	0.0055722	
0.99816	0.0142027	0	0	0.00552029	0	0	0	0.00552029	
0.998156	0.0142056	0	0	0.00546888	0	0	0	0.00546888	
0.998153	0.0142085	0	0	0.00541795	0	0	0	0.00541795	
0.998149	0.0142114	0	0	0.0053675	0	0	0	0.0053675	
0.998146	0.0142142	0	0	0.00531752	0	0	0	0.00531752	
0.998143	0.014217	0	0	0.00526802	0	0	0	0.00526802	
0.998139	0.0142198	0	0	0.00521899	0	0	0	0.00521899	
0.998136	0.0142226	0	0	0.00517042	0	0	0	0.00517042	
0.998132	0.0142253	0	0	0.00512231	0	0	0	0.00512231	
0.998129	0.0142281	0	0	0.00507466	0	0	0	0.00507466	
0.998125	0.0142308	0	0	0.00502745	0	0	0	0.00502745	
0.998122	0.0142335	0	0	0.00498069	0	0	0	0.00498069	
0.998119	0.0142361	0	0	0.00493437	0	0	0	0.00493437	
0.998115	0.0142388	0	0	0.00488849	0	0	0	0.00488849	
0.998112	0.0142414	0	0	0.00484304	0	0	0	0.00484304	
0.998108	0.014244	0	0	0.00479802	0	0	0	0.00479802	
0.998105	0.0142466	0	0	0.00475343	0	0	0	0.00475343	
0.998101	0.0142492	0	0	0.00470926	0	0	0	0.00470926	
0.998098	0.0142517	0	0	0.0046655	0	0	0	0.0046655	
0.998094	0.0142542	0	0	0.00462216	0	0	0	0.00462216	
0.998091	0.0142567	0	0	0.00457923	0	0	0	0.00457923	
0.998088	0.0142592	0	0	0.0045367	0	0	0	0.0045367	
0.998084	0.0142617	0	0	0.00449457	0	0	0	0.00449457	
0.998081	0.0142641	0	0	0.00445284	0	0	0	0.00445284	
0.998077	0.0142665	0	0	0.0044115	0	0	0	0.0044115	
0.998074	0.0142689	0	0	0.00437055	0	0	0	0.00437055	
0.99807	0.0142713	0	0	0.00432999	0	0	0	0.00432999	
0.998067	0.0142737	0	0	0.00428981	0	0	0	0.00428981	
0.998064	0.014276	0	0	0.00425001	0	0	0	0.00425001	
0.99806	0.0142784	0	0	0.00421059	0	0	0	0.00421059	
0.998057	0.0142807	0	0	0.00417153	0	0	0	0.00417153	
0.998053	0.014283	0	0	0.00413285	0	0	0	0.00413285	
0.99805	0.0142853	0	0	0.00409453	0	0	0	0.00409453	
0.998046	0.0142875	0	0	0.00405657	0	0	0	0.00405657	
0.998043	0.0142897	0	0	0.00401897	0	0	0	0.00401897	
0.998039	0.014292	0	0	0.00398172	0	0	0	0.00398172	
0.998036	0.0142942	0	0	0.00394482	0	0	0	0.00394482	
0.998033	0.0142964	0	0	0.00390827	0	0	0	0.00390827	
0.998029	0.0142985	0	0	0.00387207	0	0	0	0.00387207	
0.998026	0.0143007	0	0	0.0038362	0	0	0	0.0038362	
0.998022	0.0143028	0	0	0.00380067	0	0	0	0.00380067	
0.998019	0.0143049	0	0	0.00376548	0	0	0	0.00376548	
0.998015	0.014307	0	0	0.00373062	0	0	0	0.00373062	
0.998012	0.0143091	0	0	0.00369608	0	0	0	0.00369608	
0.998009	0.0143112	0	0	0.00366188	0	0	0	0.00366188	
0.998005	0.0143133	0	0	0.00362799	0	0	0	0.00362799	
0.998002	0.0143153	0	0	0.00359442	0	0	0	0.00359442	
0.997998	0.0143173	0	0	0.00356117	0	0	0	0.00356117	
0.997995	0.0143193	0	0	0.00352823	0	0	0	0.00352823	
0.997991	0.0143213	0	0	0.0034956	0	0	0	0.0034956	
0.997988	0.0143233	0	0	0.00346328	0	0	0	0.00346328	
0.997984	0.0143252	0	0	0.00343126	0	0	0	0.00343126	
0.997981	0.0143272	0	0	0.00339954	0	0	0	0.00339954	
0.997978	0.0143291	0	0	0.00336812	0	0	0	0.00336812	
0.997974	0.014331	0	0	0.00333699	0	0	0	0.00333699	
0.997971	0.0143329	0	0	0.00330616	0	0	0	0.00330616	
0.997967	0.0143348	0	0	0.00327562	0	0	0	0.00327562	
0.997964	0.0143367	0	0	0.00324536	0	0	0	0.00324536	
0.99796	0.0143385	0	0	0.00321539	0	0	0	0.00321539	
0.997957	0.0143404	0	0	0.0031857	0	0	0	0.0031857	
0.997954	0.0143422	0	0	0.00315629	0	0	0	0.00315629	
0.99795	0.014344	0	0	0.00312716	0	0	0	0.00312716	
0.997947	0.0143458	0	0	0.0030983	0	0	0	0.0030983	
0.997943	0.0143476	0	0	0.00306971	0	0	0	0.00306971	
0.99794	0.0143493	0	0	0.00304138	0	0	0	0.00304138	
0.997936	0.0143511	0	0	0.00301333	0	0	0	0.00301333	
0.997933	0.0143528	0	0	0.00298554	0	0	0	0.00298554	
0.99793	0.0143546	0	0	0.00295801	0	0	0	0.00295801	
0.997926	0.0143563	0	0	0.00293073	0	0	0	0.00293073	
0.997923	0.014358	0	0	0.00290371	0	0	0	0.00290371	
0.997919	0.0143597	0	0	0.00287695	0	0	0	0.00287695	
0.997916	0.0143613	0	0	0.00285044	0	0	0	0.00285044	
0.997912	0.014363	0	0	0.00282417	0	0	0	0.00282417	
0.997909	0.0143647	0	0	0.00279816	0	0	0	0.00279816	
0.997905	0.0143663	0	0	0.00277238	0	0	0	0.00277238	
0.997902	0.0143679	0	0	0.00274685	0	0	0	0.00274685	
0.997899	0.0143695	0	0	0.00272156	0	0	0	0.00272156	
0.997895	0.0143711	0	0	0.0026965	0	0	0	0.0026965	
0.997892	0.0143727	0	0	0.00267168	0	0	0	0.00267168	
0.997888	0.0143743	0	0	0.00264709	0	0	0	0.00264709	
0.997885	0.0143758	0	0	0.00262274	0	0	0	0.00262274	
0.997881	0.0143774	0	0	0.00259861	0	0	0	0.00259861	
0.997878	0.0143789	0	0	0.0025747	0	0	0	0.0025747	
0.997875	0.0143804	0	0	0.00255103	0	0	0	0.00255103	
0.997871	0.0143819	0	0	0.00252757	0	0	0	0.00252757	
0.997868	0.0143834	0	0	0.00250433	0	0	0	0.00250433	
0.997864	0.0143849	0	0	0.00248131	0	0	0	0.00248131	
0.997861	0.0143864	0	0	0.00245851	0	0	0	0.00245851	
0.997857	0.0143879	0	0	0.00243592	0	0	0	0.00243592	
0.997854	0.0143893	0	0	0.00241354	0	0	0	0.00241354	
0.997851	0.0143908	0	0	0.00239137	0	0	0	0.00239137	
0.997847	0.0143922	0	0	0.0023694	0	0	0	0.0023694	
0.997844	0.0143936	0	0	0.00234765	0	0	0	0.00234765	
0.99784	0.014395	0	0	0.0023261	0	0	0	0.0023261	
0.997837	0.0143964	0	0	0.00230474	0	0	0	0.00230474	
0.997833	0.0143978	0	0	0.00228359	0	0	0	0.00228359	
0.99783	0.0143992	0	0	0.00226264	0	0	0	0.00226264	
0.997826	0.0144006	0	0	0.00224188	0	0	0	0.00224188	
0.997823	0.0144019	0	0	0.00222132	0	0	0	0.00222132	
0.99782	0.0144033	0	0	0.00220095	0	0	0	0.00220095	
0.997816	0.0144046	0	0	0.00218077	0	0	0	0.00218077	
0.997813	0.0144059	0	0	0.00216078	0	0	0	0.00216078	
0.997809	0.0144072	0	0	0.00214097	0	0	0	0.00214097	
0.997806	0.0144085	0	0	0.00212135	0	0	0	0.00212135	
0.997802	0.0144098	0	0	0.00210192	0	0	0	0.00210192	
0.997799	0.0144111	0	0	0.00208266	0	0	0	0.00208266	
0.997796	0.0144124	0	0	0.00206359	0	0	0	0.00206359	
0.997792	0.0144136	0	0	0.0020447	0	0	0	0.0020447	
0.997789	0.0144149	0	0	0.00202598	0	0	0	0.00202598	
0.997785	0.0144161	0	0	0.00200743	0	0	0	0.00200743	
0.997782	0.0144174	0	0	0.00198906	0	0	0	0.00198906	
0.997778	0.0144186	0	0	0.00197086	0	0	0	0.00197086	
0.997775	0.0144198	0	0	0.00195283	0	0	0	0.00195283	
0.997771	0.014421	0	0	0.00193497	0	0	0	0.00193497	
0.997768	0.0144222	0	0	0.00191728	0	0	0	0.00191728	
0.997765	0.0144234	0	0	0.00189975	0	0	0	0.00189975	
0.997761	0.0144246	0	0	0.00188239	0	0	0	0.00188239	
0.997758	0.0144258	0	0	0.00186519	0	0	0	0.00186519	
0.997754	0.0144269	0	0	0.00184814	0	0	0	0.00184814	
0.997751	0.0144281	0	0	0.00183126	0	0	0	0.00183126	
0.997747	0.0144292	0	0	0.00181454	0	0	0	0.00181454	
0.997744	0.0144304	0	0	0.00179797	0	0	0	0.00179797	
0.997741	0.0144315	0	0	0.00178156	0	0	0	0.00178156	
0.997737	0.0144326	0	0	0.0017653	0	0	0	0.0017653	
0.997734	0.0144337	0	0	0.00174919	0	0	0	0.00174919	
0.99773	0.0144348	0	0	0.00173323	0	0	0	0.00173323	
0.997727	0.0144359	0	0	0.00171742	0	0	0	0.00171742	
0.997723	0.014437	0	0	0.00170176	0	0	0	0.00170176	
0.99772	0.0144381	0	0	0.00168624	0	0	0	0.00168624	
0.997717	0.0144391	0	0	0.00167087	0	0	0	0.00167087	
0.997713	0.0144402	0	0	0.00165565	0	0	0	0.00165565	
0.99771	0.0144412	0	0	0.00164056	0	0	0	0.00164056	
0.997706	0.0144423	0	0	0.00162562	0	0	0	0.00162562	
0.997703	0.0144433	0	0	0.00161082	0	0	0	0.00161082	
0.997699	0.0144444	0	0	0.00159615	0	0	0	0.00159615	
0.997696	0.0144454	0	0	0.00158162	0	0	0	0.00158162	
0.997692	0.0144464	0	0	0.00156723	0	0	0	0.00156723	
0.997689	0.0144474	0	0	0.00155297	0	0	0	0.00155297	
0.997686	0.0144484	0	0	0.00153884	0	0	0	0.00153884	
0.997682	0.0144494	0	0	0.00152485	0	0	0	0.00152485	
0.997679	0.0144504	0	0	0.00151099	0	0	0	0.00151099	
0.997675	0.0144514	0	0	0.00149725	0	0	0	0.00149725	
0.997672	0.0144523	0	0	0.00148365	0	0	0	0.00148365	
0.997668	0.0144533	0	0	0.00147017	0	0	0	0.00147017	
0.997665	0.0144542	0	0	0.00145682	0	0	0	0.00145682	
0.997662	0.0144552	0	0	0.00144359	0	0	0	0.00144359	
0.997658	0.0144561	0	0	0.00143049	0	0	0	0.00143049	
0.997655	0.0144571	0	0	0.0014175	0	0	0	0.0014175	
0.997651	0.014458	0	0	0.00140464	0	0	0	0.00140464	
0.997648	0.0144589	0	0	0.0013919	0	0	0	0.0013919	
0.997644	0.0144598	0	0	0.00137928	0	0	0	0.00137928	
0.997641	0.0144607	0	0	0.00136678	0	0	0	0.00136678	
0.997638	0.0144617	0	0	0.00135439	0	0	0	0.00135439	
0.997634	0.0144625	0	0	0.00134212	0	0	0	0.00134212	
0.997631	0.0144634	0	0	0.00132997	0	0	0	0.00132997	
0.997627	0.0144643	0	0	0.00131793	0	0	0	0.00131793	
0.997624	0.0144652	0	0	0.001306	0	0	0	0.001306	
0.99762	0.0144661	0	0	0.00129418	0	0	0	0.00129418	
0.997617	0.0144669	0	0	0.00128248	0	0	0	0.00128248	
0.997613	0.0144678	0	0	0.00127088	0	0	0	0.00127088	
0.99761	0.0144687	0	0	0.00125939	0	0	0	0.00125939	
0.997607	0.0144695	0	0	0.00124802	0	0	0	0.00124802	
0.997603	0.0144703	0	0	0.00123674	0	0	0	0.00123674	
0.9976	0.0144712	0	0	0.00122558	0	0	0	0.00122558	
0.997596	0.014472	0	0	0.00121452	0	0	0	0.00121452	
0.997593	0.0144728	0	0	0.00120356	0	0	0	0.00120356	
