1	0	0	0	1	0	0	0	1	
0.999965	1.43095e-06	0	2.34702e-07	0.993893	0	0	0	0.983681	
0.99993	5.61092e-06	0	9.21025e-07	0.987877	0	0	0	0.967844	
0.999895	1.24043e-05	0	2.03602e-06	0.981901	0	0	0	0.952267	
0.999861	2.1676e-05	0	3.55752e-06	0.975966	0	0	0	0.936944	
0.999826	3.33018e-05	0	5.46513e-06	0.97007	0	0	0	0.921873	
0.999793	4.71667e-05	0	7.74002e-06	0.964213	0	0	0	0.907047	
0.999759	6.31642e-05	0	1.03647e-05	0.958395	0	0	0	0.892464	
0.999726	8.11955e-05	0	1.3323e-05	0.952615	0	0	0	0.878119	
0.999692	0.000101168	0	1.65997e-05	0.946874	0	0	0	0.864008	
0.999659	0.000122996	0	2.01807e-05	0.94117	0	0	0	0.850128	
0.999627	0.000146597	0	2.40527e-05	0.935503	0	0	0	0.836474	
0.999594	0.000171897	0	2.82031e-05	0.929874	0	0	0	0.823043	
0.999562	0.000198822	0	3.26203e-05	0.924281	0	0	0	0.80983	
0.999529	0.000227306	0	3.7293e-05	0.918724	0	0	0	0.796833	
0.999497	0.000257284	0	4.22108e-05	0.913203	0	0	0	0.784048	
0.999465	0.000288695	0	4.73637e-05	0.907718	0	0	0	0.771471	
0.999434	0.000321481	0	5.27421e-05	0.902268	0	0	0	0.759099	
0.999402	0.000355587	0	5.83371e-05	0.896854	0	0	0	0.746928	
0.999371	0.000390962	0	6.41401e-05	0.891474	0	0	0	0.734955	
0.99934	0.000427554	0	7.01428e-05	0.886128	0	0	0	0.723177	
0.999309	0.000465316	0	7.63374e-05	0.880817	0	0	0	0.71159	
0.999278	0.000504202	0	8.27164e-05	0.87554	0	0	0	0.700192	
0.999247	0.000544168	0	8.92726e-05	0.870296	0	0	0	0.68898	
0.999216	0.000585173	0	9.5999e-05	0.865086	0	0	0	0.677949	
0.999186	0.000627175	0	0.000102889	0.859909	0	0	0	0.667098	
0.999155	0.000670136	0	0.000109936	0.854765	0	0	0	0.656422	
0.999125	0.000714019	0	0.000117135	0.849653	0	0	0	0.645921	
0.999095	0.000758787	0	0.000124479	0.844574	0	0	0	0.635589	
0.999065	0.000804407	0	0.000131962	0.839526	0	0	0	0.625426	
0.999035	0.000850844	0	0.00013958	0.834511	0	0	0	0.615427	
0.999005	0.000898068	0	0.000147326	0.829527	0	0	0	0.605591	
0.998976	0.000946046	0	0.000155197	0.824575	0	0	0	0.595914	
0.998946	0.000994748	0	0.000163186	0.819654	0	0	0	0.586394	
0.998917	0.00104415	0	0.000171289	0.814763	0	0	0	0.577029	
0.998887	0.00109421	0	0.000179502	0.809903	0	0	0	0.567815	
0.998858	0.00114492	0	0.00018782	0.805074	0	0	0	0.558751	
0.998829	0.00119624	0	0.000196238	0.800275	0	0	0	0.549833	
0.9988	0.00124815	0	0.000204754	0.795506	0	0	0	0.541061	
0.998771	0.00130063	0	0.000213362	0.790767	0	0	0	0.53243	
0.998742	0.00135365	0	0.000222059	0.786057	0	0	0	0.523939	
0.998713	0.00140718	0	0.000230841	0.781377	0	0	0	0.515585	
0.998684	0.00146122	0	0.000239704	0.776725	0	0	0	0.507367	
0.998656	0.00151572	0	0.000248645	0.772103	0	0	0	0.499282	
0.998627	0.00157069	0	0.000257661	0.767509	0	0	0	0.491327	
0.998599	0.00162608	0	0.000266748	0.762944	0	0	0	0.483502	
0.99857	0.00168189	0	0.000275902	0.758408	0	0	0	0.475802	
0.998542	0.00173809	0	0.000285122	0.753899	0	0	0	0.468228	
0.998514	0.00179467	0	0.000294403	0.749418	0	0	0	0.460776	
0.998486	0.00185161	0	0.000303743	0.744965	0	0	0	0.453444	
0.998458	0.00190889	0	0.000313139	0.740539	0	0	0	0.446231	
0.99843	0.0019665	0	0.000322588	0.736141	0	0	0	0.439135	
0.998402	0.00202441	0	0.000332088	0.73177	0	0	0	0.432153	
0.998374	0.00208261	0	0.000341635	0.727426	0	0	0	0.425284	
0.998346	0.00214109	0	0.000351228	0.723108	0	0	0	0.418526	
0.998319	0.00219984	0	0.000360864	0.718817	0	0	0	0.411877	
0.998291	0.00225882	0	0.000370541	0.714553	0	0	0	0.405336	
0.998263	0.00231805	0	0.000380255	0.710315	0	0	0	0.3989	
0.998236	0.00237749	0	0.000390006	0.706103	0	0	0	0.392568	
0.998208	0.00243714	0	0.00039979	0.701916	0	0	0	0.386338	
0.998181	0.00249698	0	0.000409606	0.697755	0	0	0	0.380209	
0.998154	0.002557	0	0.000419452	0.69362	0	0	0	0.374178	
0.998126	0.00261719	0	0.000429325	0.68951	0	0	0	0.368245	
0.998099	0.00267753	0	0.000439223	0.685425	0	0	0	0.362408	
0.998072	0.00273802	0	0.000449146	0.681366	0	0	0	0.356665	
0.998045	0.00279865	0	0.00045909	0.677331	0	0	0	0.351014	
0.998018	0.00285939	0	0.000469054	0.67332	0	0	0	0.345454	
0.997991	0.00292025	0	0.000479037	0.669334	0	0	0	0.339984	
0.997964	0.00298121	0	0.000489037	0.665373	0	0	0	0.334603	
0.997937	0.00304226	0	0.000499051	0.661436	0	0	0	0.329308	
0.99791	0.00310339	0	0.000509079	0.657522	0	0	0	0.324098	
0.997883	0.0031646	0	0.000519118	0.653633	0	0	0	0.318972	
0.997856	0.00322586	0	0.000529168	0.649767	0	0	0	0.313929	
0.99783	0.00328719	0	0.000539227	0.645924	0	0	0	0.308966	
0.997803	0.00334855	0	0.000549294	0.642105	0	0	0	0.304084	
0.997776	0.00340996	0	0.000559366	0.638309	0	0	0	0.29928	
0.99775	0.00347139	0	0.000569443	0.634537	0	0	0	0.294554	
0.997723	0.00353284	0	0.000579524	0.630787	0	0	0	0.289904	
0.997697	0.00359431	0	0.000589606	0.62706	0	0	0	0.285328	
0.99767	0.00365578	0	0.00059969	0.623355	0	0	0	0.280826	
0.997644	0.00371725	0	0.000609773	0.619673	0	0	0	0.276397	
0.997618	0.00377871	0	0.000619855	0.616013	0	0	0	0.272038	
0.997591	0.00384016	0	0.000629934	0.612375	0	0	0	0.26775	
0.997565	0.00390158	0	0.000640009	0.60876	0	0	0	0.263531	
0.997539	0.00396297	0	0.00065008	0.605166	0	0	0	0.259379	
0.997512	0.00402433	0	0.000660144	0.601594	0	0	0	0.255294	
0.997486	0.00408565	0	0.000670202	0.598044	0	0	0	0.251275	
0.99746	0.00414692	0	0.000680252	0.594515	0	0	0	0.247321	
0.997434	0.00420813	0	0.000690294	0.591007	0	0	0	0.243429	
0.997408	0.00426929	0	0.000700325	0.58752	0	0	0	0.239601	
0.997382	0.00433038	0	0.000710346	0.584055	0	0	0	0.235834	
0.997356	0.0043914	0	0.000720355	0.58061	0	0	0	0.232127	
0.99733	0.00445234	0	0.000730352	0.577186	0	0	0	0.22848	
0.997304	0.00451321	0	0.000740336	0.573783	0	0	0	0.224891	
0.997278	0.00457399	0	0.000750306	0.5704	0	0	0	0.22136	
0.997252	0.00463468	0	0.000760261	0.567038	0	0	0	0.217885	
0.997226	0.00469527	0	0.000770201	0.563696	0	0	0	0.214466	
0.9972	0.00475577	0	0.000780124	0.560374	0	0	0	0.211102	
0.997174	0.00481616	0	0.000790031	0.557072	0	0	0	0.207792	
0.997149	0.00487645	0	0.00079992	0.55379	0	0	0	0.204535	
0.997123	0.00493662	0	0.00080979	0.550527	0	0	0	0.20133	
0.997097	0.00499668	0	0.000819642	0.547284	0	0	0	0.198177	
0.997071	0.00505662	0	0.000829474	0.544061	0	0	0	0.195073	
0.997046	0.00511643	0	0.000839285	0.540857	0	0	0	0.19202	
0.99702	0.00517612	0	0.000849076	0.537672	0	0	0	0.189016	
0.996995	0.00523568	0	0.000858846	0.534506	0	0	0	0.186059	
0.996969	0.0052951	0	0.000868593	0.531359	0	0	0	0.18315	
0.996943	0.00535439	0	0.000878319	0.528231	0	0	0	0.180288	
0.996918	0.00541354	0	0.000888021	0.525122	0	0	0	0.177471	
0.996892	0.00547254	0	0.000897699	0.522032	0	0	0	0.1747	
0.996867	0.0055314	0	0.000907354	0.518959	0	0	0	0.171972	
0.996841	0.00559011	0	0.000916984	0.515906	0	0	0	0.169289	
0.996816	0.00564867	0	0.00092659	0.51287	0	0	0	0.166648	
0.99679	0.00570707	0	0.000936169	0.509853	0	0	0	0.164049	
0.996765	0.00576532	0	0.000945724	0.506854	0	0	0	0.161492	
0.99674	0.0058234	0	0.000955252	0.503873	0	0	0	0.158976	
0.996714	0.00588132	0	0.000964753	0.500909	0	0	0	0.1565	
0.996689	0.00593908	0	0.000974227	0.497964	0	0	0	0.154063	
0.996664	0.00599668	0	0.000983674	0.495035	0	0	0	0.151666	
0.996638	0.0060541	0	0.000993093	0.492125	0	0	0	0.149307	
0.996613	0.00611135	0	0.00100248	0.489231	0	0	0	0.146985	
0.996588	0.00616843	0	0.00101185	0.486355	0	0	0	0.1447	
0.996562	0.00622533	0	0.00102118	0.483497	0	0	0	0.142452	
0.996537	0.00628206	0	0.00103049	0.480655	0	0	0	0.14024	
0.996512	0.0063386	0	0.00103976	0.47783	0	0	0	0.138063	
0.996487	0.00639497	0	0.00104901	0.475022	0	0	0	0.135921	
0.996462	0.00645115	0	0.00105822	0.472231	0	0	0	0.133813	
0.996436	0.00650715	0	0.00106741	0.469456	0	0	0	0.131738	
0.996411	0.00656297	0	0.00107656	0.466698	0	0	0	0.129697	
0.996386	0.0066186	0	0.00108569	0.463956	0	0	0	0.127688	
0.996361	0.00667403	0	0.00109478	0.461231	0	0	0	0.125711	
0.996336	0.00672928	0	0.00110385	0.458522	0	0	0	0.123765	
0.996311	0.00678434	0	0.00111288	0.455829	0	0	0	0.121851	
0.996286	0.0068392	0	0.00112188	0.453152	0	0	0	0.119967	
0.996261	0.00689387	0	0.00113084	0.450491	0	0	0	0.118113	
0.996236	0.00694835	0	0.00113978	0.447845	0	0	0	0.116288	
0.996211	0.00700263	0	0.00114868	0.445216	0	0	0	0.114493	
0.996186	0.00705671	0	0.00115755	0.442602	0	0	0	0.112726	
0.996161	0.00711059	0	0.00116639	0.440004	0	0	0	0.110987	
0.996136	0.00716428	0	0.0011752	0.437421	0	0	0	0.109276	
0.996111	0.00721776	0	0.00118397	0.434853	0	0	0	0.107592	
0.996086	0.00727104	0	0.00119271	0.432301	0	0	0	0.105934	
0.996061	0.00732412	0	0.00120142	0.429764	0	0	0	0.104304	
0.996036	0.007377	0	0.00121009	0.427242	0	0	0	0.102698	
0.996011	0.00742968	0	0.00121873	0.424734	0	0	0	0.101119	
0.995986	0.00748215	0	0.00122734	0.422242	0	0	0	0.0995645	
0.995961	0.00753441	0	0.00123591	0.419765	0	0	0	0.0980347	
0.995937	0.00758647	0	0.00124445	0.417302	0	0	0	0.0965292	
0.995912	0.00763833	0	0.00125296	0.414854	0	0	0	0.0950476	
0.995887	0.00768998	0	0.00126143	0.41242	0	0	0	0.0935894	
0.995862	0.00774142	0	0.00126987	0.410001	0	0	0	0.0921544	
0.995837	0.00779265	0	0.00127827	0.407596	0	0	0	0.0907422	
0.995812	0.00784367	0	0.00128664	0.405206	0	0	0	0.0893523	
0.995788	0.00789449	0	0.00129498	0.402829	0	0	0	0.0879845	
0.995763	0.0079451	0	0.00130328	0.400467	0	0	0	0.0866383	
0.995738	0.00799549	0	0.00131155	0.398118	0	0	0	0.0853134	
0.995713	0.00804568	0	0.00131978	0.395784	0	0	0	0.0840095	
0.995689	0.00809566	0	0.00132798	0.393463	0	0	0	0.0827263	
0.995664	0.00814543	0	0.00133614	0.391156	0	0	0	0.0814634	
0.995639	0.00819499	0	0.00134427	0.388863	0	0	0	0.0802204	
0.995614	0.00824433	0	0.00135236	0.386584	0	0	0	0.0789971	
0.99559	0.00829347	0	0.00136042	0.384317	0	0	0	0.0777932	
0.995565	0.0083424	0	0.00136845	0.382065	0	0	0	0.0766083	
0.99554	0.00839111	0	0.00137644	0.379825	0	0	0	0.0754421	
0.995516	0.00843961	0	0.0013844	0.377599	0	0	0	0.0742944	
0.995491	0.00848791	0	0.00139232	0.375386	0	0	0	0.0731648	
0.995466	0.00853599	0	0.0014002	0.373186	0	0	0	0.072053	
0.995442	0.00858386	0	0.00140806	0.370999	0	0	0	0.0709588	
0.995417	0.00863152	0	0.00141587	0.368825	0	0	0	0.0698818	
0.995392	0.00867897	0	0.00142366	0.366664	0	0	0	0.0688219	
0.995368	0.0087262	0	0.00143141	0.364516	0	0	0	0.0677786	
0.995343	0.00877323	0	0.00143912	0.36238	0	0	0	0.0667519	
0.995319	0.00882004	0	0.0014468	0.360257	0	0	0	0.0657413	
0.995294	0.00886665	0	0.00145444	0.358146	0	0	0	0.0647466	
0.995269	0.00891304	0	0.00146205	0.356048	0	0	0	0.0637677	
0.995245	0.00895922	0	0.00146963	0.353963	0	0	0	0.0628041	
0.99522	0.00900519	0	0.00147717	0.351889	0	0	0	0.0618557	
0.995196	0.00905096	0	0.00148468	0.349828	0	0	0	0.0609223	
0.995171	0.00909651	0	0.00149215	0.347779	0	0	0	0.0600035	
0.995147	0.00914185	0	0.00149958	0.345742	0	0	0	0.0590993	
0.995122	0.00918698	0	0.00150699	0.343718	0	0	0	0.0582092	
0.995098	0.00923191	0	0.00151436	0.341705	0	0	0	0.0573332	
0.995073	0.00927662	0	0.00152169	0.339704	0	0	0	0.0564709	
0.995048	0.00932113	0	0.00152899	0.337714	0	0	0	0.0556221	
0.995024	0.00936542	0	0.00153626	0.335737	0	0	0	0.0547868	
0.994999	0.00940951	0	0.00154349	0.333771	0	0	0	0.0539645	
0.994975	0.00945339	0	0.00155069	0.331817	0	0	0	0.0531552	
0.994951	0.00949707	0	0.00155785	0.329874	0	0	0	0.0523585	
0.994926	0.00954054	0	0.00156498	0.327943	0	0	0	0.0515744	
0.994902	0.0095838	0	0.00157208	0.326023	0	0	0	0.0508026	
0.994877	0.00962685	0	0.00157914	0.324115	0	0	0	0.0500428	
0.994853	0.0096697	0	0.00158617	0.322217	0	0	0	0.049295	
0.994828	0.00971234	0	0.00159316	0.320331	0	0	0	0.0485589	
0.994804	0.00975478	0	0.00160012	0.318456	0	0	0	0.0478344	
0.994779	0.00979701	0	0.00160705	0.316592	0	0	0	0.0471212	
0.994755	0.00983904	0	0.00161395	0.314739	0	0	0	0.0464192	
0.99473	0.00988087	0	0.00162081	0.312897	0	0	0	0.0457282	
0.994706	0.00992249	0	0.00162763	0.311066	0	0	0	0.0450479	
0.994682	0.00996391	0	0.00163443	0.309246	0	0	0	0.0443784	
0.994657	0.0100051	0	0.00164119	0.307436	0	0	0	0.0437193	
0.994633	0.0100461	0	0.00164792	0.305637	0	0	0	0.0430705	
0.994608	0.010087	0	0.00165461	0.303849	0	0	0	0.0424318	
0.994584	0.0101276	0	0.00166127	0.302071	0	0	0	0.0418032	
0.99456	0.010168	0	0.0016679	0.300303	0	0	0	0.0411843	
0.994535	0.0102082	0	0.0016745	0.298546	0	0	0	0.0405752	
0.994511	0.0102482	0	0.00168106	0.2968	0	0	0	0.0399755	
0.994487	0.010288	0	0.00168759	0.295063	0	0	0	0.0393852	
0.994462	0.0103276	0	0.00169409	0.293337	0	0	0	0.0388041	
0.994438	0.0103671	0	0.00170056	0.291621	0	0	0	0.0382321	
0.994413	0.0104063	0	0.00170699	0.289915	0	0	0	0.0376689	
0.994389	0.0104453	0	0.00171339	0.288219	0	0	0	0.0371146	
0.994365	0.0104841	0	0.00171976	0.286533	0	0	0	0.0365689	
0.99434	0.0105228	0	0.0017261	0.284857	0	0	0	0.0360317	
0.994316	0.0105612	0	0.00173241	0.283191	0	0	0	0.0355028	
0.994292	0.0105995	0	0.00173868	0.281535	0	0	0	0.0349822	
0.994267	0.0106375	0	0.00174492	0.279888	0	0	0	0.0344697	
0.994243	0.0106754	0	0.00175113	0.278251	0	0	0	0.0339652	
0.994219	0.010713	0	0.00175731	0.276624	0	0	0	0.0334685	
0.994195	0.0107505	0	0.00176346	0.275006	0	0	0	0.0329795	
0.99417	0.0107878	0	0.00176958	0.273398	0	0	0	0.0324981	
0.994146	0.0108249	0	0.00177566	0.271799	0	0	0	0.0320242	
0.994122	0.0108618	0	0.00178171	0.27021	0	0	0	0.0315577	
0.994097	0.0108985	0	0.00178774	0.26863	0	0	0	0.0310984	
0.994073	0.0109351	0	0.00179373	0.267059	0	0	0	0.0306462	
0.994049	0.0109714	0	0.00179969	0.265498	0	0	0	0.030201	
0.994025	0.0110076	0	0.00180562	0.263945	0	0	0	0.0297627	
0.994	0.0110435	0	0.00181152	0.262402	0	0	0	0.0293313	
0.993976	0.0110793	0	0.00181739	0.260868	0	0	0	0.0289065	
0.993952	0.0111149	0	0.00182323	0.259343	0	0	0	0.0284882	
0.993927	0.0111503	0	0.00182904	0.257826	0	0	0	0.0280765	
0.993903	0.0111856	0	0.00183482	0.256319	0	0	0	0.0276711	
0.993879	0.0112206	0	0.00184057	0.254821	0	0	0	0.027272	
0.993855	0.0112555	0	0.00184629	0.253331	0	0	0	0.0268791	
0.99383	0.0112901	0	0.00185197	0.25185	0	0	0	0.0264922	
0.993806	0.0113247	0	0.00185763	0.250378	0	0	0	0.0261113	
0.993782	0.011359	0	0.00186326	0.248915	0	0	0	0.0257363	
0.993758	0.0113931	0	0.00186886	0.24746	0	0	0	0.025367	
0.993734	0.0114271	0	0.00187444	0.246013	0	0	0	0.0250035	
0.993709	0.0114609	0	0.00187998	0.244575	0	0	0	0.0246456	
0.993685	0.0114945	0	0.00188549	0.243146	0	0	0	0.0242932	
0.993661	0.0115279	0	0.00189097	0.241725	0	0	0	0.0239462	
0.993637	0.0115612	0	0.00189643	0.240312	0	0	0	0.0236045	
0.993613	0.0115942	0	0.00190185	0.238908	0	0	0	0.0232681	
0.993588	0.0116271	0	0.00190725	0.237511	0	0	0	0.0229369	
0.993564	0.0116599	0	0.00191262	0.236123	0	0	0	0.0226108	
0.99354	0.0116924	0	0.00191796	0.234743	0	0	0	0.0222897	
0.993516	0.0117248	0	0.00192327	0.233372	0	0	0	0.0219736	
0.993492	0.011757	0	0.00192856	0.232008	0	0	0	0.0216622	
0.993467	0.0117891	0	0.00193381	0.230652	0	0	0	0.0213557	
0.993443	0.0118209	0	0.00193904	0.229304	0	0	0	0.0210539	
0.993419	0.0118526	0	0.00194424	0.227965	0	0	0	0.0207567	
0.993395	0.0118842	0	0.00194941	0.226633	0	0	0	0.020464	
0.993371	0.0119155	0	0.00195456	0.225308	0	0	0	0.0201759	
0.993346	0.0119467	0	0.00195968	0.223992	0	0	0	0.0198921	
0.993322	0.0119778	0	0.00196477	0.222683	0	0	0	0.0196127	
0.993298	0.0120086	0	0.00196983	0.221382	0	0	0	0.0193376	
0.993274	0.0120393	0	0.00197486	0.220089	0	0	0	0.0190667	
0.99325	0.0120699	0	0.00197987	0.218803	0	0	0	0.0187999	
0.993226	0.0121002	0	0.00198485	0.217525	0	0	0	0.0185372	
0.993202	0.0121304	0	0.00198981	0.216254	0	0	0	0.0182785	
0.993177	0.0121605	0	0.00199474	0.214991	0	0	0	0.0180238	
0.993153	0.0121904	0	0.00199964	0.213735	0	0	0	0.0177729	
0.993129	0.0122201	0	0.00200451	0.212486	0	0	0	0.0175259	
0.993105	0.0122497	0	0.00200936	0.211245	0	0	0	0.0172826	
0.993081	0.0122791	0	0.00201419	0.210011	0	0	0	0.0170431	
0.993057	0.0123083	0	0.00201898	0.208784	0	0	0	0.0168071	
0.993033	0.0123374	0	0.00202375	0.207565	0	0	0	0.0165748	
0.993008	0.0123663	0	0.0020285	0.206352	0	0	0	0.016346	
0.992984	0.0123951	0	0.00203322	0.205147	0	0	0	0.0161207	
0.99296	0.0124237	0	0.00203791	0.203949	0	0	0	0.0158988	
0.992936	0.0124521	0	0.00204258	0.202758	0	0	0	0.0156803	
0.992912	0.0124804	0	0.00204722	0.201573	0	0	0	0.0154651	
0.992888	0.0125086	0	0.00205184	0.200396	0	0	0	0.0152532	
0.992864	0.0125366	0	0.00205643	0.199226	0	0	0	0.0150445	
0.99284	0.0125644	0	0.002061	0.198062	0	0	0	0.0148389	
0.992816	0.0125921	0	0.00206554	0.196905	0	0	0	0.0146364	
0.992791	0.0126197	0	0.00207006	0.195756	0	0	0	0.0144371	
0.992767	0.012647	0	0.00207455	0.194612	0	0	0	0.0142407	
0.992743	0.0126743	0	0.00207902	0.193476	0	0	0	0.0140473	
0.992719	0.0127014	0	0.00208346	0.192346	0	0	0	0.0138568	
0.992695	0.0127283	0	0.00208788	0.191223	0	0	0	0.0136692	
0.992671	0.0127551	0	0.00209227	0.190106	0	0	0	0.0134845	
0.992647	0.0127817	0	0.00209664	0.188996	0	0	0	0.0133025	
0.992623	0.0128082	0	0.00210099	0.187892	0	0	0	0.0131232	
0.992599	0.0128346	0	0.00210531	0.186795	0	0	0	0.0129467	
0.992575	0.0128608	0	0.00210961	0.185705	0	0	0	0.0127728	
0.992551	0.0128869	0	0.00211389	0.18462	0	0	0	0.0126016	
0.992526	0.0129128	0	0.00211814	0.183542	0	0	0	0.0124329	
0.992502	0.0129386	0	0.00212237	0.182471	0	0	0	0.0122667	
0.992478	0.0129642	0	0.00212657	0.181405	0	0	0	0.0121031	
0.992454	0.0129897	0	0.00213076	0.180346	0	0	0	0.0119419	
0.99243	0.0130151	0	0.00213491	0.179293	0	0	0	0.0117831	
0.992406	0.0130403	0	0.00213905	0.178246	0	0	0	0.0116267	
0.992382	0.0130653	0	0.00214316	0.177206	0	0	0	0.0114727	
0.992358	0.0130903	0	0.00214725	0.176171	0	0	0	0.0113209	
0.992334	0.0131151	0	0.00215132	0.175143	0	0	0	0.0111714	
0.99231	0.0131397	0	0.00215536	0.17412	0	0	0	0.0110242	
0.992286	0.0131643	0	0.00215939	0.173104	0	0	0	0.0108792	
0.992262	0.0131886	0	0.00216339	0.172093	0	0	0	0.0107363	
0.992238	0.0132129	0	0.00216736	0.171089	0	0	0	0.0105956	
0.992214	0.013237	0	0.00217132	0.17009	0	0	0	0.0104569	
0.99219	0.013261	0	0.00217525	0.169097	0	0	0	0.0103204	
0.992166	0.0132848	0	0.00217917	0.16811	0	0	0	0.0101858	
0.992142	0.0133085	0	0.00218306	0.167129	0	0	0	0.0100533	
0.992118	0.0133321	0	0.00218692	0.166153	0	0	0	0.00992274	
0.992093	0.0133556	0	0.00219077	0.165183	0	0	0	0.00979413	
0.992069	0.0133789	0	0.0021946	0.164219	0	0	0	0.00966742	
0.992045	0.0134021	0	0.0021984	0.16326	0	0	0	0.0095426	
0.992021	0.0134252	0	0.00220218	0.162307	0	0	0	0.00941962	
0.991997	0.0134481	0	0.00220594	0.16136	0	0	0	0.00929848	
0.991973	0.0134709	0	0.00220968	0.160418	0	0	0	0.00917912	
0.991949	0.0134936	0	0.0022134	0.159482	0	0	0	0.00906154	
0.991925	0.0135161	0	0.0022171	0.158551	0	0	0	0.00894569	
0.991901	0.0135385	0	0.00222078	0.157626	0	0	0	0.00883156	
0.991877	0.0135608	0	0.00222444	0.156706	0	0	0	0.00871912	
0.991853	0.013583	0	0.00222807	0.155791	0	0	0	0.00860833	
0.991829	0.013605	0	0.00223169	0.154882	0	0	0	0.00849918	
0.991805	0.013627	0	0.00223529	0.153978	0	0	0	0.00839164	
0.991781	0.0136488	0	0.00223886	0.15308	0	0	0	0.00828569	
0.991757	0.0136704	0	0.00224242	0.152186	0	0	0	0.00818129	
0.991733	0.013692	0	0.00224595	0.151298	0	0	0	0.00807843	
0.991709	0.0137134	0	0.00224947	0.150415	0	0	0	0.00797709	
0.991685	0.0137348	0	0.00225297	0.149537	0	0	0	0.00787723	
0.991661	0.0137559	0	0.00225644	0.148665	0	0	0	0.00777884	
0.991637	0.013777	0	0.0022599	0.147797	0	0	0	0.00768189	
0.991613	0.013798	0	0.00226334	0.146935	0	0	0	0.00758636	
0.991589	0.0138188	0	0.00226676	0.146077	0	0	0	0.00749223	
0.991565	0.0138395	0	0.00227015	0.145225	0	0	0	0.00739948	
0.991541	0.0138601	0	0.00227353	0.144377	0	0	0	0.00730809	
0.991517	0.0138806	0	0.00227689	0.143535	0	0	0	0.00721803	
0.991493	0.013901	0	0.00228023	0.142697	0	0	0	0.00712929	
0.991469	0.0139212	0	0.00228356	0.141865	0	0	0	0.00704184	
0.991445	0.0139414	0	0.00228686	0.141037	0	0	0	0.00695567	
0.991421	0.0139614	0	0.00229015	0.140214	0	0	0	0.00687075	
0.991397	0.0139813	0	0.00229341	0.139396	0	0	0	0.00678707	
0.991373	0.0140011	0	0.00229666	0.138583	0	0	0	0.0067046	
0.991349	0.0140208	0	0.00229989	0.137774	0	0	0	0.00662333	
0.991325	0.0140404	0	0.0023031	0.13697	0	0	0	0.00654325	
0.991301	0.0140599	0	0.00230629	0.136171	0	0	0	0.00646432	
0.991277	0.0140792	0	0.00230947	0.135377	0	0	0	0.00638654	
0.991253	0.0140985	0	0.00231262	0.134587	0	0	0	0.00630988	
0.991229	0.0141176	0	0.00231576	0.133802	0	0	0	0.00623434	
0.991206	0.0141366	0	0.00231888	0.133021	0	0	0	0.00615989	
0.991182	0.0141555	0	0.00232199	0.132245	0	0	0	0.00608651	
0.991158	0.0141743	0	0.00232507	0.131473	0	0	0	0.00601419	
0.991134	0.014193	0	0.00232814	0.130706	0	0	0	0.00594291	
0.99111	0.0142116	0	0.00233119	0.129944	0	0	0	0.00587267	
0.991086	0.0142301	0	0.00233422	0.129186	0	0	0	0.00580343	
0.991062	0.0142485	0	0.00233724	0.128432	0	0	0	0.00573519	
0.991038	0.0142668	0	0.00234024	0.127683	0	0	0	0.00566793	
0.991014	0.014285	0	0.00234322	0.126938	0	0	0	0.00560163	
0.99099	0.014303	0	0.00234619	0.126198	0	0	0	0.00553629	
0.990966	0.014321	0	0.00234913	0.125462	0	0	0	0.00547188	
0.990942	0.0143389	0	0.00235206	0.12473	0	0	0	0.00540839	
0.990918	0.0143567	0	0.00235498	0.124002	0	0	0	0.00534582	
0.990894	0.0143743	0	0.00235788	0.123279	0	0	0	0.00528413	
0.99087	0.0143919	0	0.00236076	0.12256	0	0	0	0.00522333	
0.990846	0.0144093	0	0.00236362	0.121845	0	0	0	0.0051634	
0.990822	0.0144267	0	0.00236647	0.121134	0	0	0	0.00510432	
0.990798	0.014444	0	0.0023693	0.120428	0	0	0	0.00504608	
0.990774	0.0144611	0	0.00237212	0.119725	0	0	0	0.00498867	
0.99075	0.0144782	0	0.00237491	0.119027	0	0	0	0.00493208	
0.990726	0.0144952	0	0.0023777	0.118333	0	0	0	0.00487629	
0.990703	0.014512	0	0.00238047	0.117642	0	0	0	0.00482129	
0.990679	0.0145288	0	0.00238322	0.116956	0	0	0	0.00476707	
0.990655	0.0145455	0	0.00238595	0.116274	0	0	0	0.00471362	
0.990631	0.0145621	0	0.00238867	0.115596	0	0	0	0.00466092	
0.990607	0.0145786	0	0.00239138	0.114922	0	0	0	0.00460897	
0.990583	0.0145949	0	0.00239407	0.114251	0	0	0	0.00455775	
0.990559	0.0146112	0	0.00239674	0.113585	0	0	0	0.00450726	
0.990535	0.0146274	0	0.0023994	0.112923	0	0	0	0.00445747	
0.990511	0.0146436	0	0.00240204	0.112264	0	0	0	0.00440839	
0.990487	0.0146596	0	0.00240467	0.111609	0	0	0	0.00436	
0.990463	0.0146755	0	0.00240728	0.110958	0	0	0	0.00431228	
0.990439	0.0146913	0	0.00240988	0.110311	0	0	0	0.00426524	
0.990415	0.0147071	0	0.00241246	0.109668	0	0	0	0.00421886	
0.990391	0.0147227	0	0.00241503	0.109028	0	0	0	0.00417312	
0.990368	0.0147383	0	0.00241758	0.108393	0	0	0	0.00412803	
0.990344	0.0147538	0	0.00242012	0.107761	0	0	0	0.00408356	
0.99032	0.0147692	0	0.00242264	0.107132	0	0	0	0.00403972	
0.990296	0.0147844	0	0.00242515	0.106507	0	0	0	0.00399649	
0.990272	0.0147997	0	0.00242764	0.105886	0	0	0	0.00395386	
0.990248	0.0148148	0	0.00243012	0.105269	0	0	0	0.00391182	
0.990224	0.0148298	0	0.00243259	0.104655	0	0	0	0.00387037	
0.9902	0.0148448	0	0.00243504	0.104045	0	0	0	0.00382949	
0.990176	0.0148596	0	0.00243748	0.103438	0	0	0	0.00378918	
0.990152	0.0148744	0	0.0024399	0.102835	0	0	0	0.00374943	
0.990128	0.0148891	0	0.00244231	0.102235	0	0	0	0.00371023	
0.990105	0.0149037	0	0.00244471	0.101639	0	0	0	0.00367157	
0.990081	0.0149182	0	0.00244709	0.101046	0	0	0	0.00363345	
0.990057	0.0149326	0	0.00244946	0.100457	0	0	0	0.00359585	
0.990033	0.014947	0	0.00245181	0.0998716	0	0	0	0.00355877	
0.990009	0.0149612	0	0.00245415	0.0992892	0	0	0	0.0035222	
0.989985	0.0149754	0	0.00245648	0.0987103	0	0	0	0.00348613	
0.989961	0.0149895	0	0.00245879	0.0981348	0	0	0	0.00345056	
0.989937	0.0150036	0	0.00246109	0.0975626	0	0	0	0.00341548	
0.989913	0.0150175	0	0.00246338	0.0969938	0	0	0	0.00338088	
0.98989	0.0150313	0	0.00246565	0.0964283	0	0	0	0.00334675	
0.989866	0.0150451	0	0.00246791	0.0958661	0	0	0	0.00331309	
0.989842	0.0150588	0	0.00247016	0.0953071	0	0	0	0.00327988	
0.989818	0.0150724	0	0.00247239	0.0947515	0	0	0	0.00324714	
0.989794	0.015086	0	0.00247461	0.0941991	0	0	0	0.00321483	
0.98977	0.0150994	0	0.00247682	0.0936499	0	0	0	0.00318297	
0.989746	0.0151128	0	0.00247901	0.0931039	0	0	0	0.00315154	
0.989722	0.0151261	0	0.0024812	0.0925611	0	0	0	0.00312054	
0.989698	0.0151394	0	0.00248337	0.0920215	0	0	0	0.00308996	
0.989675	0.0151525	0	0.00248552	0.091485	0	0	0	0.00305979	
0.989651	0.0151656	0	0.00248767	0.0909517	0	0	0	0.00303003	
0.989627	0.0151786	0	0.0024898	0.0904215	0	0	0	0.00300067	
0.989603	0.0151915	0	0.00249192	0.0898944	0	0	0	0.00297171	
0.989579	0.0152044	0	0.00249403	0.0893703	0	0	0	0.00294314	
0.989555	0.0152171	0	0.00249612	0.0888493	0	0	0	0.00291495	
0.989531	0.0152298	0	0.00249821	0.0883314	0	0	0	0.00288715	
0.989507	0.0152424	0	0.00250028	0.0878165	0	0	0	0.00285972	
0.989484	0.015255	0	0.00250234	0.0873046	0	0	0	0.00283265	
0.98946	0.0152675	0	0.00250438	0.0867957	0	0	0	0.00280595	
0.989436	0.0152799	0	0.00250642	0.0862897	0	0	0	0.00277961	
0.989412	0.0152922	0	0.00250844	0.0857867	0	0	0	0.00275362	
0.989388	0.0153045	0	0.00251045	0.0852867	0	0	0	0.00272797	
0.989364	0.0153167	0	0.00251245	0.0847895	0	0	0	0.00270267	
0.98934	0.0153288	0	0.00251444	0.0842953	0	0	0	0.0026777	
0.989316	0.0153408	0	0.00251641	0.083804	0	0	0	0.00265307	
0.989293	0.0153528	0	0.00251838	0.0833155	0	0	0	0.00262877	
0.989269	0.0153647	0	0.00252033	0.0828299	0	0	0	0.00260478	
0.989245	0.0153765	0	0.00252227	0.0823471	0	0	0	0.00258112	
0.989221	0.0153883	0	0.0025242	0.0818671	0	0	0	0.00255777	
0.989197	0.0154	0	0.00252612	0.08139	0	0	0	0.00253473	
0.989173	0.0154116	0	0.00252803	0.0809156	0	0	0	0.00251199	
0.989149	0.0154232	0	0.00252993	0.080444	0	0	0	0.00248955	
0.989126	0.0154347	0	0.00253181	0.0799751	0	0	0	0.00246741	
0.989102	0.0154461	0	0.00253369	0.079509	0	0	0	0.00244556	
0.989078	0.0154575	0	0.00253555	0.0790456	0	0	0	0.002424	
0.989054	0.0154688	0	0.0025374	0.0785849	0	0	0	0.00240272	
0.98903	0.01548	0	0.00253924	0.0781269	0	0	0	0.00238171	
0.989006	0.0154912	0	0.00254108	0.0776716	0	0	0	0.00236099	
0.988983	0.0155023	0	0.0025429	0.0772189	0	0	0	0.00234053	
0.988959	0.0155133	0	0.0025447	0.0767689	0	0	0	0.00232035	
0.988935	0.0155243	0	0.0025465	0.0763215	0	0	0	0.00230042	
0.988911	0.0155352	0	0.00254829	0.0758767	0	0	0	0.00228076	
0.988887	0.015546	0	0.00255007	0.0754345	0	0	0	0.00226135	
0.988863	0.0155568	0	0.00255184	0.0749949	0	0	0	0.00224219	
0.988839	0.0155675	0	0.00255359	0.0745579	0	0	0	0.00222329	
0.988816	0.0155781	0	0.00255534	0.0741234	0	0	0	0.00220462	
0.988792	0.0155887	0	0.00255708	0.0736914	0	0	0	0.0021862	
0.988768	0.0155992	0	0.0025588	0.073262	0	0	0	0.00216802	
0.988744	0.0156097	0	0.00256052	0.0728351	0	0	0	0.00215007	
0.98872	0.0156201	0	0.00256223	0.0724107	0	0	0	0.00213236	
0.988696	0.0156305	0	0.00256392	0.0719887	0	0	0	0.00211487	
0.988673	0.0156407	0	0.00256561	0.0715692	0	0	0	0.00209761	
0.988649	0.0156509	0	0.00256728	0.0711522	0	0	0	0.00208056	
0.988625	0.0156611	0	0.00256895	0.0707376	0	0	0	0.00206374	
0.988601	0.0156712	0	0.00257061	0.0703254	0	0	0	0.00204714	
0.988577	0.0156812	0	0.00257225	0.0699156	0	0	0	0.00203074	
0.988553	0.0156912	0	0.00257389	0.0695082	0	0	0	0.00201456	
0.98853	0.0157011	0	0.00257552	0.0691032	0	0	0	0.00199858	
0.988506	0.015711	0	0.00257713	0.0687006	0	0	0	0.00198281	
0.988482	0.0157208	0	0.00257874	0.0683003	0	0	0	0.00196723	
0.988458	0.0157305	0	0.00258034	0.0679023	0	0	0	0.00195186	
0.988434	0.0157402	0	0.00258193	0.0675067	0	0	0	0.00193668	
0.98841	0.0157499	0	0.00258351	0.0671134	0	0	0	0.00192169	
0.988387	0.0157594	0	0.00258508	0.0667224	0	0	0	0.0019069	
0.988363	0.015769	0	0.00258664	0.0663336	0	0	0	0.00189229	
0.988339	0.0157784	0	0.00258819	0.0659471	0	0	0	0.00187786	
0.988315	0.0157878	0	0.00258974	0.0655629	0	0	0	0.00186362	
0.988291	0.0157972	0	0.00259127	0.065181	0	0	0	0.00184956	
0.988268	0.0158065	0	0.00259279	0.0648012	0	0	0	0.00183567	
0.988244	0.0158157	0	0.00259431	0.0644237	0	0	0	0.00182196	
0.98822	0.0158249	0	0.00259582	0.0640484	0	0	0	0.00180842	
0.988196	0.015834	0	0.00259731	0.0636752	0	0	0	0.00179506	
0.988172	0.0158431	0	0.0025988	0.0633043	0	0	0	0.00178185	
0.988148	0.0158521	0	0.00260028	0.0629355	0	0	0	0.00176882	
0.988125	0.0158611	0	0.00260175	0.0625688	0	0	0	0.00175595	
0.988101	0.01587	0	0.00260322	0.0622043	0	0	0	0.00174323	
0.988077	0.0158789	0	0.00260467	0.061842	0	0	0	0.00173068	
0.988053	0.0158877	0	0.00260612	0.0614817	0	0	0	0.00171829	
0.988029	0.0158964	0	0.00260755	0.0611236	0	0	0	0.00170604	
0.988006	0.0159052	0	0.00260898	0.0607675	0	0	0	0.00169395	
0.987982	0.0159138	0	0.0026104	0.0604135	0	0	0	0.00168201	
0.987958	0.0159224	0	0.00261181	0.0600616	0	0	0	0.00167022	
0.987934	0.015931	0	0.00261321	0.0597117	0	0	0	0.00165858	
0.98791	0.0159395	0	0.00261461	0.0593639	0	0	0	0.00164707	
0.987887	0.0159479	0	0.002616	0.0590181	0	0	0	0.00163571	
0.987863	0.0159563	0	0.00261737	0.0586743	0	0	0	0.00162449	
0.987839	0.0159647	0	0.00261874	0.0583326	0	0	0	0.00161341	
0.987815	0.015973	0	0.00262011	0.0579928	0	0	0	0.00160247	
0.987791	0.0159812	0	0.00262146	0.057655	0	0	0	0.00159166	
0.987768	0.0159894	0	0.0026228	0.0573192	0	0	0	0.00158098	
0.987744	0.0159976	0	0.00262414	0.0569853	0	0	0	0.00157044	
0.98772	0.0160057	0	0.00262547	0.0566534	0	0	0	0.00156002	
0.987696	0.0160137	0	0.00262679	0.0563234	0	0	0	0.00154973	
0.987672	0.0160218	0	0.00262811	0.0559954	0	0	0	0.00153957	
0.987649	0.0160297	0	0.00262941	0.0556693	0	0	0	0.00152953	
0.987625	0.0160376	0	0.00263071	0.055345	0	0	0	0.00151962	
0.987601	0.0160455	0	0.002632	0.0550227	0	0	0	0.00150982	
0.987577	0.0160533	0	0.00263328	0.0547023	0	0	0	0.00150015	
0.987553	0.0160611	0	0.00263456	0.0543837	0	0	0	0.00149059	
0.98753	0.0160688	0	0.00263583	0.0540669	0	0	0	0.00148115	
0.987506	0.0160765	0	0.00263709	0.0537521	0	0	0	0.00147182	
0.987482	0.0160841	0	0.00263834	0.053439	0	0	0	0.00146261	
0.987458	0.0160917	0	0.00263958	0.0531278	0	0	0	0.00145351	
0.987435	0.0160993	0	0.00264082	0.0528184	0	0	0	0.00144452	
0.987411	0.0161068	0	0.00264205	0.0525108	0	0	0	0.00143564	
0.987387	0.0161142	0	0.00264328	0.052205	0	0	0	0.00142686	
0.987363	0.0161216	0	0.00264449	0.051901	0	0	0	0.00141819	
0.987339	0.016129	0	0.0026457	0.0515988	0	0	0	0.00140963	
0.987316	0.0161363	0	0.0026469	0.0512983	0	0	0	0.00140117	
0.987292	0.0161436	0	0.00264809	0.0509996	0	0	0	0.00139281	
0.987268	0.0161508	0	0.00264928	0.0507026	0	0	0	0.00138455	
0.987244	0.016158	0	0.00265046	0.0504074	0	0	0	0.0013764	
0.987221	0.0161652	0	0.00265163	0.0501139	0	0	0	0.00136834	
0.987197	0.0161723	0	0.0026528	0.049822	0	0	0	0.00136037	
0.987173	0.0161793	0	0.00265396	0.0495319	0	0	0	0.00135251	
0.987149	0.0161864	0	0.00265511	0.0492435	0	0	0	0.00134473	
0.987125	0.0161933	0	0.00265625	0.0489568	0	0	0	0.00133705	
0.987102	0.0162003	0	0.00265739	0.0486717	0	0	0	0.00132947	
0.987078	0.0162072	0	0.00265852	0.0483884	0	0	0	0.00132197	
0.987054	0.016214	0	0.00265965	0.0481066	0	0	0	0.00131456	
0.98703	0.0162208	0	0.00266076	0.0478265	0	0	0	0.00130725	
0.987007	0.0162276	0	0.00266187	0.0475481	0	0	0	0.00130002	
0.986983	0.0162343	0	0.00266298	0.0472712	0	0	0	0.00129287	
0.986959	0.016241	0	0.00266408	0.046996	0	0	0	0.00128582	
0.986935	0.0162477	0	0.00266517	0.0467224	0	0	0	0.00127884	
0.986912	0.0162543	0	0.00266625	0.0464504	0	0	0	0.00127195	
0.986888	0.0162609	0	0.00266733	0.04618	0	0	0	0.00126514	
0.986864	0.0162674	0	0.0026684	0.0459111	0	0	0	0.00125842	
0.98684	0.0162739	0	0.00266947	0.0456438	0	0	0	0.00125177	
0.986817	0.0162803	0	0.00267052	0.0453781	0	0	0	0.0012452	
0.986793	0.0162868	0	0.00267158	0.0451139	0	0	0	0.00123871	
0.986769	0.0162931	0	0.00267262	0.0448513	0	0	0	0.0012323	
0.986745	0.0162995	0	0.00267366	0.0445902	0	0	0	0.00122597	
0.986721	0.0163058	0	0.0026747	0.0443306	0	0	0	0.00121971	
0.986698	0.016312	0	0.00267572	0.0440726	0	0	0	0.00121352	
0.986674	0.0163183	0	0.00267674	0.043816	0	0	0	0.00120741	
0.98665	0.0163244	0	0.00267776	0.0435609	0	0	0	0.00120137	
0.986626	0.0163306	0	0.00267877	0.0433074	0	0	0	0.00119541	
0.986603	0.0163367	0	0.00267977	0.0430553	0	0	0	0.00118951	
0.986579	0.0163428	0	0.00268077	0.0428047	0	0	0	0.00118369	
0.986555	0.0163488	0	0.00268176	0.0425555	0	0	0	0.00117793	
0.986531	0.0163548	0	0.00268274	0.0423078	0	0	0	0.00117224	
0.986508	0.0163608	0	0.00268372	0.0420616	0	0	0	0.00116662	
0.986484	0.0163667	0	0.00268469	0.0418167	0	0	0	0.00116107	
0.98646	0.0163726	0	0.00268566	0.0415733	0	0	0	0.00115559	
0.986436	0.0163785	0	0.00268662	0.0413314	0	0	0	0.00115017	
0.986413	0.0163843	0	0.00268757	0.0410908	0	0	0	0.00114481	
0.986389	0.0163901	0	0.00268852	0.0408517	0	0	0	0.00113952	
0.986365	0.0163958	0	0.00268947	0.0406139	0	0	0	0.00113429	
0.986341	0.0164015	0	0.00269041	0.0403775	0	0	0	0.00112913	
0.986318	0.0164072	0	0.00269134	0.0401425	0	0	0	0.00112402	
0.986294	0.0164129	0	0.00269226	0.0399089	0	0	0	0.00111898	
0.98627	0.0164185	0	0.00269318	0.0396766	0	0	0	0.001114	
0.986247	0.0164241	0	0.0026941	0.0394457	0	0	0	0.00110908	
0.986223	0.0164296	0	0.00269501	0.0392162	0	0	0	0.00110421	
0.986199	0.0164351	0	0.00269591	0.038988	0	0	0	0.00109941	
0.986175	0.0164406	0	0.00269681	0.0387611	0	0	0	0.00109466	
0.986152	0.0164461	0	0.00269771	0.0385355	0	0	0	0.00108997	
0.986128	0.0164515	0	0.00269859	0.0383113	0	0	0	0.00108534	
0.986104	0.0164569	0	0.00269948	0.0380883	0	0	0	0.00108076	
0.98608	0.0164622	0	0.00270035	0.0378667	0	0	0	0.00107624	
0.986057	0.0164675	0	0.00270123	0.0376464	0	0	0	0.00107178	
0.986033	0.0164728	0	0.00270209	0.0374273	0	0	0	0.00106736	
0.986009	0.0164781	0	0.00270295	0.0372095	0	0	0	0.00106301	
0.985985	0.0164833	0	0.00270381	0.036993	0	0	0	0.0010587	
0.985962	0.0164885	0	0.00270466	0.0367778	0	0	0	0.00105445	
0.985938	0.0164936	0	0.00270551	0.0365638	0	0	0	0.00105024	
0.985914	0.0164987	0	0.00270635	0.036351	0	0	0	0.00104609	
0.985891	0.0165038	0	0.00270718	0.0361395	0	0	0	0.001042	
0.985867	0.0165089	0	0.00270801	0.0359293	0	0	0	0.00103795	
0.985843	0.0165139	0	0.00270884	0.0357202	0	0	0	0.00103395	
0.985819	0.0165189	0	0.00270966	0.0355124	0	0	0	0.00103	
0.985796	0.0165239	0	0.00271047	0.0353058	0	0	0	0.0010261	
0.985772	0.0165288	0	0.00271128	0.0351004	0	0	0	0.00102225	
0.985748	0.0165337	0	0.00271209	0.0348962	0	0	0	0.00101844	
0.985724	0.0165386	0	0.00271289	0.0346932	0	0	0	0.00101468	
0.985701	0.0165435	0	0.00271369	0.0344913	0	0	0	0.00101097	
0.985677	0.0165483	0	0.00271448	0.0342907	0	0	0	0.00100731	
0.985653	0.0165531	0	0.00271526	0.0340912	0	0	0	0.00100369	
0.98563	0.0165579	0	0.00271604	0.0338929	0	0	0	0.00100012	
0.985606	0.0165626	0	0.00271682	0.0336957	0	0	0	0.000996594	
0.985582	0.0165673	0	0.00271759	0.0334997	0	0	0	0.000993112	
0.985558	0.016572	0	0.00271836	0.0333049	0	0	0	0.000989674	
0.985535	0.0165766	0	0.00271912	0.0331111	0	0	0	0.00098628	
0.985511	0.0165812	0	0.00271988	0.0329185	0	0	0	0.00098293	
0.985487	0.0165858	0	0.00272063	0.0327271	0	0	0	0.000979623	
0.985464	0.0165904	0	0.00272138	0.0325367	0	0	0	0.000976358	
0.98544	0.0165949	0	0.00272212	0.0323475	0	0	0	0.000973136	
0.985416	0.0165994	0	0.00272286	0.0321593	0	0	0	0.000969956	
0.985392	0.0166039	0	0.0027236	0.0319723	0	0	0	0.000966818	
0.985369	0.0166084	0	0.00272433	0.0317863	0	0	0	0.000963721	
0.985345	0.0166128	0	0.00272505	0.0316014	0	0	0	0.000960664	
0.985321	0.0166172	0	0.00272577	0.0314177	0	0	0	0.000957649	
0.985298	0.0166215	0	0.00272649	0.0312349	0	0	0	0.000954673	
0.985274	0.0166259	0	0.0027272	0.0310533	0	0	0	0.000951738	
0.98525	0.0166302	0	0.00272791	0.0308727	0	0	0	0.000948842	
0.985226	0.0166345	0	0.00272862	0.0306932	0	0	0	0.000945985	
0.985203	0.0166388	0	0.00272931	0.0305147	0	0	0	0.000943168	
0.985179	0.016643	0	0.00273001	0.0303372	0	0	0	0.000940389	
0.985155	0.0166472	0	0.0027307	0.0301608	0	0	0	0.000937648	
0.985132	0.0166514	0	0.00273139	0.0299854	0	0	0	0.000934945	
0.985108	0.0166555	0	0.00273207	0.029811	0	0	0	0.000932281	
0.985084	0.0166597	0	0.00273275	0.0296377	0	0	0	0.000929653	
0.985061	0.0166638	0	0.00273342	0.0294654	0	0	0	0.000927063	
0.985037	0.0166679	0	0.00273409	0.029294	0	0	0	0.00092451	
0.985013	0.0166719	0	0.00273476	0.0291237	0	0	0	0.000921994	
0.984989	0.016676	0	0.00273542	0.0289544	0	0	0	0.000919514	
0.984966	0.01668	0	0.00273608	0.028786	0	0	0	0.00091707	
0.984942	0.016684	0	0.00273673	0.0286187	0	0	0	0.000914663	
0.984918	0.0166879	0	0.00273738	0.0284523	0	0	0	0.000912291	
0.984895	0.0166919	0	0.00273802	0.0282869	0	0	0	0.000909954	
0.984871	0.0166958	0	0.00273867	0.0281224	0	0	0	0.000907653	
0.984847	0.0166997	0	0.0027393	0.0279589	0	0	0	0.000905387	
0.984824	0.0167035	0	0.00273994	0.0277964	0	0	0	0.000903156	
0.9848	0.0167074	0	0.00274057	0.0276348	0	0	0	0.00090096	
0.984776	0.0167112	0	0.00274119	0.0274741	0	0	0	0.000898798	
0.984753	0.016715	0	0.00274181	0.0273144	0	0	0	0.000896671	
0.984729	0.0167187	0	0.00274243	0.0271557	0	0	0	0.000894577	
0.984705	0.0167225	0	0.00274305	0.0269978	0	0	0	0.000892518	
0.984681	0.0167262	0	0.00274366	0.0268409	0	0	0	0.000890492	
0.984658	0.0167299	0	0.00274426	0.0266849	0	0	0	0.0008885	
0.984634	0.0167336	0	0.00274487	0.0265297	0	0	0	0.000886542	
0.98461	0.0167372	0	0.00274547	0.0263755	0	0	0	0.000884617	
0.984587	0.0167409	0	0.00274606	0.0262222	0	0	0	0.000882725	
0.984563	0.0167445	0	0.00274665	0.0260698	0	0	0	0.000880866	
0.984539	0.016748	0	0.00274724	0.0259183	0	0	0	0.00087904	
0.984516	0.0167516	0	0.00274783	0.0257677	0	0	0	0.000877247	
0.984492	0.0167552	0	0.00274841	0.0256179	0	0	0	0.000875486	
0.984468	0.0167587	0	0.00274898	0.0254691	0	0	0	0.000873759	
0.984445	0.0167622	0	0.00274956	0.025321	0	0	0	0.000872063	
0.984421	0.0167656	0	0.00275013	0.0251739	0	0	0	0.0008704	
0.984397	0.0167691	0	0.0027507	0.0250276	0	0	0	0.00086877	
0.984374	0.0167725	0	0.00275126	0.0248822	0	0	0	0.000867172	
0.98435	0.0167759	0	0.00275182	0.0247376	0	0	0	0.000865605	
0.984326	0.0167793	0	0.00275237	0.0245938	0	0	0	0.000864072	
0.984303	0.0167827	0	0.00275293	0.0244509	0	0	0	0.00086257	
0.984279	0.0167861	0	0.00275348	0.0243089	0	0	0	0.0008611	
0.984255	0.0167894	0	0.00275402	0.0241676	0	0	0	0.000859662	
0.984232	0.0167927	0	0.00275457	0.0240272	0	0	0	0.000858256	
0.984208	0.016796	0	0.0027551	0.0238876	0	0	0	0.000856882	
0.984184	0.0167992	0	0.00275564	0.0237488	0	0	0	0.00085554	
0.984161	0.0168025	0	0.00275617	0.0236108	0	0	0	0.00085423	
0.984137	0.0168057	0	0.0027567	0.0234737	0	0	0	0.000852952	
0.984113	0.0168089	0	0.00275723	0.0233373	0	0	0	0.000851705	
0.98409	0.0168121	0	0.00275775	0.0232017	0	0	0	0.000850491	
0.984066	0.0168153	0	0.00275827	0.023067	0	0	0	0.000849309	
0.984042	0.0168184	0	0.00275879	0.022933	0	0	0	0.000848159	
0.984019	0.0168215	0	0.0027593	0.0227997	0	0	0	0.000847041	
0.983995	0.0168247	0	0.00275981	0.0226673	0	0	0	0.000845955	
0.983971	0.0168277	0	0.00276031	0.0225356	0	0	0	0.000844901	
0.983948	0.0168308	0	0.00276082	0.0224048	0	0	0	0.00084388	
0.983924	0.0168339	0	0.00276132	0.0222746	0	0	0	0.000842891	
0.9839	0.0168369	0	0.00276182	0.0221452	0	0	0	0.000841935	
0.983877	0.0168399	0	0.00276231	0.0220166	0	0	0	0.000841011	
0.983853	0.0168429	0	0.0027628	0.0218888	0	0	0	0.000840121	
0.983829	0.0168459	0	0.00276329	0.0217616	0	0	0	0.000839263	
0.983806	0.0168488	0	0.00276377	0.0216353	0	0	0	0.000838439	
0.983782	0.0168518	0	0.00276426	0.0215096	0	0	0	0.000837647	
0.983758	0.0168547	0	0.00276473	0.0213847	0	0	0	0.00083689	
0.983735	0.0168576	0	0.00276521	0.0212605	0	0	0	0.000836166	
0.983711	0.0168605	0	0.00276568	0.0211371	0	0	0	0.000835476	
0.983687	0.0168633	0	0.00276615	0.0210144	0	0	0	0.000834821	
0.983664	0.0168662	0	0.00276662	0.0208923	0	0	0	0.0008342	
0.98364	0.016869	0	0.00276708	0.020771	0	0	0	0.000833614	
0.983616	0.0168718	0	0.00276755	0.0206504	0	0	0	0.000833063	
0.983593	0.0168746	0	0.002768	0.0205305	0	0	0	0.000832547	
0.983569	0.0168774	0	0.00276846	0.0204114	0	0	0	0.000832068	
0.983545	0.0168802	0	0.00276891	0.0202929	0	0	0	0.000831624	
0.983522	0.0168829	0	0.00276936	0.0201751	0	0	0	0.000831218	
0.983498	0.0168856	0	0.00276981	0.0200579	0	0	0	0.000830848	
0.983475	0.0168883	0	0.00277025	0.0199415	0	0	0	0.000830516	
0.983451	0.016891	0	0.0027707	0.0198257	0	0	0	0.000830222	
0.983427	0.0168937	0	0.00277114	0.0197107	0	0	0	0.000829967	
0.983404	0.0168964	0	0.00277157	0.0195963	0	0	0	0.00082975	
0.98338	0.016899	0	0.002772	0.0194825	0	0	0	0.000829574	
0.983356	0.0169016	0	0.00277244	0.0193694	0	0	0	0.000829438	
0.983333	0.0169042	0	0.00277286	0.019257	0	0	0	0.000829344	
0.983309	0.0169068	0	0.00277329	0.0191453	0	0	0	0.000829291	
0.983285	0.0169094	0	0.00277371	0.0190342	0	0	0	0.000829282	
0.983262	0.016912	0	0.00277413	0.0189237	0	0	0	0.000829315	
0.983238	0.0169145	0	0.00277455	0.0188139	0	0	0	0.000829394	
0.983214	0.0169171	0	0.00277496	0.0187047	0	0	0	0.000829518	
0.983191	0.0169196	0	0.00277538	0.0185962	0	0	0	0.000829689	
0.983167	0.0169221	0	0.00277579	0.0184883	0	0	0	0.000829907	
0.983144	0.0169246	0	0.00277619	0.018381	0	0	0	0.000830175	
0.98312	0.016927	0	0.0027766	0.0182744	0	0	0	0.000830494	
0.983096	0.0169295	0	0.002777	0.0181684	0	0	0	0.000830864	
0.983073	0.0169319	0	0.0027774	0.018063	0	0	0	0.000831288	
0.983049	0.0169343	0	0.0027778	0.0179582	0	0	0	0.000831767	
0.983025	0.0169367	0	0.00277819	0.017854	0	0	0	0.000832303	
0.983002	0.0169391	0	0.00277859	0.0177504	0	0	0	0.000832899	
0.982978	0.0169415	0	0.00277898	0.0176475	0	0	0	0.000833556	
0.982954	0.0169439	0	0.00277936	0.0175451	0	0	0	0.000834277	
0.982931	0.0169462	0	0.00277975	0.0174434	0	0	0	0.000835064	
0.982907	0.0169486	0	0.00278013	0.0173422	0	0	0	0.000835921	
0.982884	0.0169509	0	0.00278051	0.0172416	0	0	0	0.000836851	
0.98286	0.0169532	0	0.00278089	0.0171416	0	0	0	0.000837857	
0.982836	0.0169555	0	0.00278127	0.0170422	0	0	0	0.000838944	
0.982813	0.0169578	0	0.00278164	0.0169434	0	0	0	0.000840115	
0.982789	0.01696	0	0.00278201	0.0168452	0	0	0	0.000841376	
0.982766	0.0169623	0	0.00278238	0.0167475	0	0	0	0.000842732	
0.982742	0.0169645	0	0.00278275	0.0166504	0	0	0	0.000844188	
0.982718	0.0169668	0	0.00278312	0.0165539	0	0	0	0.000845753	
0.982695	0.016969	0	0.00278348	0.0164579	0	0	0	0.000847433	
