1	0	0	0	1	0	0	0	1	
0.999977	8.77806e-07	0	1.15691e-07	0.993216	0	0	0	0.985035	
0.999954	3.45448e-06	0	4.55683e-07	0.986537	0	0	0	0.97048	
0.999931	7.67176e-06	0	1.01191e-06	0.979906	0	0	0	0.956143	
0.999909	1.34682e-05	0	1.77628e-06	0.973321	0	0	0	0.942021	
0.999887	2.07863e-05	0	2.74119e-06	0.966784	0	0	0	0.92811	
0.999864	2.95717e-05	0	3.8995e-06	0.960292	0	0	0	0.914406	
0.999842	3.97733e-05	0	5.24447e-06	0.953847	0	0	0	0.900908	
0.99982	5.13425e-05	0	6.7697e-06	0.947447	0	0	0	0.887611	
0.999798	6.42334e-05	0	8.46913e-06	0.941092	0	0	0	0.874513	
0.999776	7.84022e-05	0	1.0337e-05	0.934782	0	0	0	0.861611	
0.999755	9.38071e-05	0	1.23678e-05	0.928516	0	0	0	0.848902	
0.999733	0.000110408	0	1.45562e-05	0.922294	0	0	0	0.836382	
0.999712	0.000128167	0	1.68972e-05	0.916116	0	0	0	0.824049	
0.99969	0.000147047	0	1.9386e-05	0.909981	0	0	0	0.8119	
0.999669	0.000167013	0	2.2018e-05	0.90389	0	0	0	0.799933	
0.999648	0.000188032	0	2.47886e-05	0.89784	0	0	0	0.788144	
0.999627	0.000210069	0	2.76936e-05	0.891833	0	0	0	0.776531	
0.999606	0.000233095	0	3.07288e-05	0.885868	0	0	0	0.765091	
0.999585	0.000257078	0	3.38901e-05	0.879945	0	0	0	0.753822	
0.999565	0.000281989	0	3.71738e-05	0.874063	0	0	0	0.742721	
0.999544	0.000307799	0	4.05761e-05	0.868222	0	0	0	0.731785	
0.999523	0.000334482	0	4.40933e-05	0.862422	0	0	0	0.721013	
0.999503	0.00036201	0	4.77219e-05	0.856661	0	0	0	0.710401	
0.999482	0.000390357	0	5.14584e-05	0.850941	0	0	0	0.699947	
0.999462	0.000419498	0	5.52997e-05	0.845261	0	0	0	0.689649	
0.999442	0.00044941	0	5.92424e-05	0.83962	0	0	0	0.679505	
0.999422	0.000480067	0	6.32835e-05	0.834018	0	0	0	0.669512	
0.999402	0.000511447	0	6.74198e-05	0.828455	0	0	0	0.659667	
0.999382	0.000543528	0	7.16485e-05	0.822931	0	0	0	0.649969	
0.999362	0.000576288	0	7.59666e-05	0.817444	0	0	0	0.640416	
0.999342	0.000609705	0	8.03715e-05	0.811996	0	0	0	0.631004	
0.999322	0.000643759	0	8.48602e-05	0.806585	0	0	0	0.621733	
0.999303	0.00067843	0	8.94303e-05	0.801212	0	0	0	0.6126	
0.999283	0.000713699	0	9.40791e-05	0.795876	0	0	0	0.603603	
0.999263	0.000749545	0	9.8804e-05	0.790576	0	0	0	0.59474	
0.999244	0.000785951	0	0.000103603	0.785313	0	0	0	0.586009	
0.999224	0.000822898	0	0.000108473	0.780087	0	0	0	0.577407	
0.999205	0.000860368	0	0.000113412	0.774896	0	0	0	0.568934	
0.999186	0.000898345	0	0.000118418	0.769741	0	0	0	0.560586	
0.999167	0.000936812	0	0.000123488	0.764622	0	0	0	0.552363	
0.999147	0.000975752	0	0.000128621	0.759537	0	0	0	0.544262	
0.999128	0.00101515	0	0.000133814	0.754488	0	0	0	0.536281	
0.999109	0.00105499	0	0.000139065	0.749473	0	0	0	0.52842	
0.99909	0.00109525	0	0.000144372	0.744493	0	0	0	0.520675	
0.999071	0.00113593	0	0.000149733	0.739546	0	0	0	0.513045	
0.999053	0.001177	0	0.000155147	0.734634	0	0	0	0.505528	
0.999034	0.00121845	0	0.000160611	0.729755	0	0	0	0.498123	
0.999015	0.00126028	0	0.000166124	0.72491	0	0	0	0.490829	
0.998996	0.00130246	0	0.000171684	0.720098	0	0	0	0.483642	
0.998978	0.00134498	0	0.000177288	0.715319	0	0	0	0.476563	
0.998959	0.00138783	0	0.000182936	0.710572	0	0	0	0.469588	
0.998941	0.00143099	0	0.000188626	0.705858	0	0	0	0.462717	
0.998922	0.00147446	0	0.000194355	0.701176	0	0	0	0.455948	
0.998904	0.00151822	0	0.000200124	0.696526	0	0	0	0.44928	
0.998885	0.00156226	0	0.000205929	0.691908	0	0	0	0.44271	
0.998867	0.00160657	0	0.000211769	0.687321	0	0	0	0.436239	
0.998849	0.00165114	0	0.000217644	0.682766	0	0	0	0.429863	
0.99883	0.00169595	0	0.00022355	0.678241	0	0	0	0.423581	
0.998812	0.001741	0	0.000229488	0.673747	0	0	0	0.417393	
0.998794	0.00178628	0	0.000235456	0.669284	0	0	0	0.411297	
0.998776	0.00183177	0	0.000241452	0.664852	0	0	0	0.405291	
0.998758	0.00187746	0	0.000247475	0.660449	0	0	0	0.399375	
0.99874	0.00192335	0	0.000253524	0.656077	0	0	0	0.393546	
0.998722	0.00196943	0	0.000259597	0.651734	0	0	0	0.387803	
0.998704	0.00201568	0	0.000265693	0.64742	0	0	0	0.382146	
0.998686	0.0020621	0	0.000271811	0.643136	0	0	0	0.376572	
0.998668	0.00210867	0	0.000277951	0.638881	0	0	0	0.371081	
0.99865	0.0021554	0	0.00028411	0.634655	0	0	0	0.365672	
0.998633	0.00220227	0	0.000290287	0.630457	0	0	0	0.360343	
0.998615	0.00224927	0	0.000296482	0.626288	0	0	0	0.355092	
0.998597	0.00229639	0	0.000302693	0.622147	0	0	0	0.34992	
0.99858	0.00234363	0	0.00030892	0.618034	0	0	0	0.344824	
0.998562	0.00239098	0	0.000315161	0.613949	0	0	0	0.339803	
0.998544	0.00243843	0	0.000321416	0.609892	0	0	0	0.334857	
0.998527	0.00248598	0	0.000327682	0.605862	0	0	0	0.329984	
0.998509	0.00253361	0	0.000333961	0.60186	0	0	0	0.325183	
0.998492	0.00258132	0	0.000340249	0.597884	0	0	0	0.320453	
0.998474	0.0026291	0	0.000346548	0.593935	0	0	0	0.315794	
0.998457	0.00267695	0	0.000352854	0.590013	0	0	0	0.311203	
0.99844	0.00272486	0	0.000359169	0.586118	0	0	0	0.30668	
0.998422	0.00277282	0	0.000365491	0.582248	0	0	0	0.302224	
0.998405	0.00282083	0	0.000371819	0.578405	0	0	0	0.297834	
0.998388	0.00286888	0	0.000378152	0.574588	0	0	0	0.293509	
0.99837	0.00291696	0	0.000384489	0.570797	0	0	0	0.289248	
0.998353	0.00296507	0	0.000390831	0.567031	0	0	0	0.28505	
0.998336	0.0030132	0	0.000397175	0.56329	0	0	0	0.280914	
0.998319	0.00306135	0	0.000403521	0.559575	0	0	0	0.276839	
0.998302	0.00310952	0	0.00040987	0.555884	0	0	0	0.272825	
0.998285	0.00315768	0	0.000416219	0.552219	0	0	0	0.268869	
0.998267	0.00320585	0	0.000422568	0.548578	0	0	0	0.264973	
0.99825	0.00325402	0	0.000428916	0.544962	0	0	0	0.261133	
0.998233	0.00330218	0	0.000435264	0.54137	0	0	0	0.257351	
0.998216	0.00335032	0	0.000441609	0.537802	0	0	0	0.253624	
0.998199	0.00339844	0	0.000447952	0.534258	0	0	0	0.249952	
0.998182	0.00344654	0	0.000454292	0.530738	0	0	0	0.246335	
0.998166	0.00349462	0	0.000460629	0.527241	0	0	0	0.242771	
0.998149	0.00354266	0	0.000466961	0.523768	0	0	0	0.23926	
0.998132	0.00359066	0	0.000473288	0.520319	0	0	0	0.2358	
0.998115	0.00363863	0	0.00047961	0.516892	0	0	0	0.232391	
0.998098	0.00368655	0	0.000485927	0.513489	0	0	0	0.229033	
0.998081	0.00373442	0	0.000492236	0.510108	0	0	0	0.225724	
0.998065	0.00378224	0	0.000498539	0.50675	0	0	0	0.222465	
0.998048	0.00383	0	0.000504835	0.503415	0	0	0	0.219253	
0.998031	0.0038777	0	0.000511122	0.500101	0	0	0	0.216088	
0.998014	0.00392534	0	0.000517401	0.49681	0	0	0	0.212971	
0.997998	0.00397291	0	0.000523672	0.493541	0	0	0	0.209899	
0.997981	0.00402042	0	0.000529933	0.490294	0	0	0	0.206872	
0.997964	0.00406784	0	0.000536184	0.487069	0	0	0	0.20389	
0.997948	0.00411519	0	0.000542425	0.483865	0	0	0	0.200952	
0.997931	0.00416246	0	0.000548656	0.480683	0	0	0	0.198058	
0.997915	0.00420965	0	0.000554876	0.477522	0	0	0	0.195206	
0.997898	0.00425675	0	0.000561084	0.474382	0	0	0	0.192396	
0.997881	0.00430377	0	0.00056728	0.471263	0	0	0	0.189627	
0.997865	0.00435069	0	0.000573465	0.468165	0	0	0	0.186899	
0.997848	0.00439751	0	0.000579637	0.465088	0	0	0	0.184211	
0.997832	0.00444424	0	0.000585796	0.462031	0	0	0	0.181563	
0.997815	0.00449087	0	0.000591942	0.458995	0	0	0	0.178954	
0.997799	0.00453739	0	0.000598074	0.455979	0	0	0	0.176383	
0.997783	0.00458381	0	0.000604192	0.452983	0	0	0	0.17385	
0.997766	0.00463012	0	0.000610297	0.450007	0	0	0	0.171354	
0.99775	0.00467633	0	0.000616386	0.447051	0	0	0	0.168895	
0.997733	0.00472242	0	0.000622461	0.444114	0	0	0	0.166472	
0.997717	0.00476839	0	0.000628521	0.441198	0	0	0	0.164085	
0.997701	0.00481425	0	0.000634566	0.4383	0	0	0	0.161733	
0.997684	0.00485999	0	0.000640595	0.435422	0	0	0	0.159415	
0.997668	0.00490561	0	0.000646608	0.432563	0	0	0	0.157132	
0.997652	0.00495111	0	0.000652605	0.429724	0	0	0	0.154882	
0.997636	0.00499648	0	0.000658585	0.426903	0	0	0	0.152665	
0.997619	0.00504173	0	0.000664549	0.424101	0	0	0	0.150481	
0.997603	0.00508685	0	0.000670496	0.421317	0	0	0	0.148328	
0.997587	0.00513183	0	0.000676426	0.418552	0	0	0	0.146208	
0.997571	0.00517669	0	0.000682338	0.415806	0	0	0	0.144118	
0.997554	0.00522141	0	0.000688233	0.413077	0	0	0	0.142059	
0.997538	0.005266	0	0.00069411	0.410367	0	0	0	0.140031	
0.997522	0.00531045	0	0.000699969	0.407675	0	0	0	0.138032	
0.997506	0.00535477	0	0.00070581	0.405001	0	0	0	0.136062	
0.99749	0.00539894	0	0.000711633	0.402345	0	0	0	0.134121	
0.997474	0.00544298	0	0.000717437	0.399706	0	0	0	0.132209	
0.997457	0.00548687	0	0.000723222	0.397085	0	0	0	0.130325	
0.997441	0.00553062	0	0.000728988	0.394481	0	0	0	0.128468	
0.997425	0.00557422	0	0.000734736	0.391894	0	0	0	0.126639	
0.997409	0.00561768	0	0.000740464	0.389325	0	0	0	0.124836	
0.997393	0.00566099	0	0.000746172	0.386773	0	0	0	0.12306	
0.997377	0.00570416	0	0.000751862	0.384238	0	0	0	0.12131	
0.997361	0.00574717	0	0.000757531	0.381719	0	0	0	0.119585	
0.997345	0.00579003	0	0.000763181	0.379217	0	0	0	0.117886	
0.997329	0.00583275	0	0.000768811	0.376732	0	0	0	0.116212	
0.997313	0.00587531	0	0.00077442	0.374263	0	0	0	0.114562	
0.997297	0.00591771	0	0.00078001	0.371811	0	0	0	0.112936	
0.997281	0.00595997	0	0.000785579	0.369375	0	0	0	0.111334	
0.997265	0.00600206	0	0.000791128	0.366955	0	0	0	0.109755	
0.997249	0.00604401	0	0.000796656	0.364551	0	0	0	0.1082	
0.997233	0.00608579	0	0.000802164	0.362163	0	0	0	0.106667	
0.997217	0.00612742	0	0.000807651	0.359791	0	0	0	0.105157	
0.997201	0.00616889	0	0.000813117	0.357435	0	0	0	0.103669	
0.997185	0.0062102	0	0.000818562	0.355094	0	0	0	0.102202	
0.997169	0.00625135	0	0.000823986	0.352769	0	0	0	0.100757	
0.997154	0.00629235	0	0.000829389	0.350459	0	0	0	0.0993332	
0.997138	0.00633318	0	0.000834771	0.348165	0	0	0	0.09793	
0.997122	0.00637385	0	0.000840131	0.345885	0	0	0	0.0965473	
0.997106	0.00641436	0	0.000845471	0.343621	0	0	0	0.0951848	
0.99709	0.0064547	0	0.000850789	0.341372	0	0	0	0.0938422	
0.997074	0.00649489	0	0.000856085	0.339137	0	0	0	0.0925192	
0.997058	0.00653491	0	0.00086136	0.336918	0	0	0	0.0912154	
0.997043	0.00657476	0	0.000866614	0.334713	0	0	0	0.0899307	
0.997027	0.00661446	0	0.000871845	0.332522	0	0	0	0.0886647	
0.997011	0.00665399	0	0.000877056	0.330346	0	0	0	0.0874172	
0.996995	0.00669335	0	0.000882244	0.328185	0	0	0	0.0861878	
0.996979	0.00673255	0	0.000887411	0.326038	0	0	0	0.0849764	
0.996964	0.00677158	0	0.000892556	0.323905	0	0	0	0.0837826	
0.996948	0.00681045	0	0.000897679	0.321786	0	0	0	0.0826062	
0.996932	0.00684915	0	0.00090278	0.319681	0	0	0	0.0814469	
0.996916	0.00688769	0	0.000907859	0.31759	0	0	0	0.0803045	
0.996901	0.00692606	0	0.000912917	0.315513	0	0	0	0.0791788	
0.996885	0.00696426	0	0.000917952	0.313449	0	0	0	0.0780694	
0.996869	0.0070023	0	0.000922966	0.311399	0	0	0	0.0769761	
0.996853	0.00704017	0	0.000927957	0.309363	0	0	0	0.0758988	
0.996838	0.00707788	0	0.000932927	0.30734	0	0	0	0.0748371	
0.996822	0.00711541	0	0.000937874	0.305331	0	0	0	0.0737908	
0.996806	0.00715278	0	0.0009428	0.303334	0	0	0	0.0727598	
0.996791	0.00718998	0	0.000947703	0.301351	0	0	0	0.0717437	
0.996775	0.00722702	0	0.000952585	0.299381	0	0	0	0.0707424	
0.996759	0.00726389	0	0.000957444	0.297424	0	0	0	0.0697556	
0.996744	0.00730059	0	0.000962282	0.29548	0	0	0	0.0687832	
0.996728	0.00733712	0	0.000967097	0.293549	0	0	0	0.0678249	
0.996712	0.00737349	0	0.00097189	0.29163	0	0	0	0.0668805	
0.996697	0.00740968	0	0.000976661	0.289725	0	0	0	0.0659498	
0.996681	0.00744572	0	0.000981411	0.287831	0	0	0	0.0650325	
0.996665	0.00748158	0	0.000986138	0.28595	0	0	0	0.0641286	
0.99665	0.00751728	0	0.000990843	0.284082	0	0	0	0.0632378	
0.996634	0.00755281	0	0.000995526	0.282226	0	0	0	0.0623599	
0.996618	0.00758817	0	0.00100019	0.280382	0	0	0	0.0614947	
0.996603	0.00762337	0	0.00100483	0.27855	0	0	0	0.0606421	
0.996587	0.0076584	0	0.00100944	0.276731	0	0	0	0.0598018	
0.996572	0.00769327	0	0.00101404	0.274923	0	0	0	0.0589737	
0.996556	0.00772797	0	0.00101861	0.273127	0	0	0	0.0581575	
0.99654	0.0077625	0	0.00102316	0.271343	0	0	0	0.0573532	
0.996525	0.00779687	0	0.00102769	0.269571	0	0	0	0.0565605	
0.996509	0.00783107	0	0.0010322	0.267811	0	0	0	0.0557792	
0.996494	0.0078651	0	0.00103669	0.266062	0	0	0	0.0550093	
0.996478	0.00789897	0	0.00104115	0.264324	0	0	0	0.0542505	
0.996463	0.00793268	0	0.0010456	0.262598	0	0	0	0.0535026	
0.996447	0.00796622	0	0.00105002	0.260884	0	0	0	0.0527656	
0.996432	0.0079996	0	0.00105442	0.25918	0	0	0	0.0520392	
0.996416	0.00803281	0	0.00105879	0.257488	0	0	0	0.0513233	
0.9964	0.00806586	0	0.00106315	0.255807	0	0	0	0.0506177	
0.996385	0.00809875	0	0.00106748	0.254137	0	0	0	0.0499223	
0.996369	0.00813147	0	0.0010718	0.252478	0	0	0	0.0492369	
0.996354	0.00816403	0	0.00107609	0.25083	0	0	0	0.0485614	
0.996338	0.00819643	0	0.00108036	0.249193	0	0	0	0.0478957	
0.996323	0.00822866	0	0.00108461	0.247566	0	0	0	0.0472395	
0.996307	0.00826073	0	0.00108884	0.245951	0	0	0	0.0465928	
0.996292	0.00829265	0	0.00109304	0.244346	0	0	0	0.0459555	
0.996276	0.0083244	0	0.00109723	0.242751	0	0	0	0.0453273	
0.996261	0.00835599	0	0.00110139	0.241167	0	0	0	0.0447081	
0.996245	0.00838742	0	0.00110553	0.239593	0	0	0	0.0440979	
0.99623	0.00841869	0	0.00110965	0.23803	0	0	0	0.0434964	
0.996214	0.0084498	0	0.00111375	0.236477	0	0	0	0.0429036	
0.996199	0.00848075	0	0.00111783	0.234934	0	0	0	0.0423193	
0.996184	0.00851154	0	0.00112189	0.233401	0	0	0	0.0417434	
0.996168	0.00854217	0	0.00112593	0.231878	0	0	0	0.0411757	
0.996153	0.00857265	0	0.00112995	0.230366	0	0	0	0.0406163	
0.996137	0.00860297	0	0.00113394	0.228863	0	0	0	0.0400648	
0.996122	0.00863313	0	0.00113792	0.22737	0	0	0	0.0395213	
0.996106	0.00866313	0	0.00114187	0.225887	0	0	0	0.0389856	
0.996091	0.00869298	0	0.00114581	0.224414	0	0	0	0.0384575	
0.996075	0.00872267	0	0.00114972	0.22295	0	0	0	0.0379371	
0.99606	0.00875221	0	0.00115361	0.221496	0	0	0	0.037424	
0.996045	0.00878159	0	0.00115749	0.220052	0	0	0	0.0369184	
0.996029	0.00881082	0	0.00116134	0.218617	0	0	0	0.03642	
0.996014	0.00883989	0	0.00116517	0.217191	0	0	0	0.0359287	
0.995998	0.00886881	0	0.00116898	0.215775	0	0	0	0.0354445	
0.995983	0.00889758	0	0.00117278	0.214368	0	0	0	0.0349671	
0.995968	0.00892619	0	0.00117655	0.21297	0	0	0	0.0344967	
0.995952	0.00895466	0	0.0011803	0.211582	0	0	0	0.0340329	
0.995937	0.00898297	0	0.00118403	0.210202	0	0	0	0.0335758	
0.995921	0.00901113	0	0.00118774	0.208832	0	0	0	0.0331252	
0.995906	0.00903914	0	0.00119143	0.20747	0	0	0	0.032681	
0.995891	0.009067	0	0.00119511	0.206118	0	0	0	0.0322432	
0.995875	0.00909471	0	0.00119876	0.204774	0	0	0	0.0318117	
0.99586	0.00912227	0	0.00120239	0.20344	0	0	0	0.0313862	
0.995844	0.00914968	0	0.001206	0.202114	0	0	0	0.0309669	
0.995829	0.00917695	0	0.0012096	0.200796	0	0	0	0.0305535	
0.995814	0.00920407	0	0.00121317	0.199487	0	0	0	0.0301461	
0.995798	0.00923104	0	0.00121673	0.198187	0	0	0	0.0297444	
0.995783	0.00925786	0	0.00122026	0.196896	0	0	0	0.0293485	
0.995768	0.00928454	0	0.00122378	0.195613	0	0	0	0.0289582	
0.995752	0.00931108	0	0.00122728	0.194338	0	0	0	0.0285734	
0.995737	0.00933747	0	0.00123075	0.193072	0	0	0	0.0281942	
0.995722	0.00936371	0	0.00123421	0.191813	0	0	0	0.0278203	
0.995706	0.00938981	0	0.00123765	0.190564	0	0	0	0.0274517	
0.995691	0.00941577	0	0.00124108	0.189322	0	0	0	0.0270884	
0.995676	0.00944159	0	0.00124448	0.188088	0	0	0	0.0267302	
0.99566	0.00946726	0	0.00124786	0.186863	0	0	0	0.0263771	
0.995645	0.00949279	0	0.00125123	0.185646	0	0	0	0.0260291	
0.99563	0.00951818	0	0.00125457	0.184436	0	0	0	0.0256859	
0.995614	0.00954344	0	0.0012579	0.183235	0	0	0	0.0253477	
0.995599	0.00956855	0	0.00126121	0.182041	0	0	0	0.0250142	
0.995584	0.00959352	0	0.0012645	0.180855	0	0	0	0.0246854	
0.995568	0.00961835	0	0.00126778	0.179677	0	0	0	0.0243614	
0.995553	0.00964305	0	0.00127103	0.178507	0	0	0	0.0240419	
0.995538	0.00966761	0	0.00127427	0.177344	0	0	0	0.0237269	
0.995522	0.00969203	0	0.00127749	0.176189	0	0	0	0.0234164	
0.995507	0.00971631	0	0.00128069	0.175042	0	0	0	0.0231102	
0.995492	0.00974046	0	0.00128387	0.173902	0	0	0	0.0228084	
0.995476	0.00976448	0	0.00128704	0.172769	0	0	0	0.0225109	
0.995461	0.00978836	0	0.00129019	0.171644	0	0	0	0.0222175	
0.995446	0.0098121	0	0.00129331	0.170526	0	0	0	0.0219283	
0.99543	0.00983571	0	0.00129643	0.169416	0	0	0	0.0216432	
0.995415	0.00985919	0	0.00129952	0.168313	0	0	0	0.0213621	
0.9954	0.00988254	0	0.0013026	0.167217	0	0	0	0.021085	
0.995385	0.00990575	0	0.00130566	0.166128	0	0	0	0.0208118	
0.995369	0.00992884	0	0.0013087	0.165046	0	0	0	0.0205424	
0.995354	0.00995179	0	0.00131173	0.163972	0	0	0	0.0202768	
0.995339	0.00997461	0	0.00131473	0.162904	0	0	0	0.0200149	
0.995323	0.00999731	0	0.00131773	0.161843	0	0	0	0.0197568	
0.995308	0.0100199	0	0.0013207	0.16079	0	0	0	0.0195022	
0.995293	0.0100423	0	0.00132366	0.159743	0	0	0	0.0192513	
0.995278	0.0100646	0	0.0013266	0.158703	0	0	0	0.0190038	
0.995262	0.0100868	0	0.00132952	0.15767	0	0	0	0.0187599	
0.995247	0.0101089	0	0.00133243	0.156644	0	0	0	0.0185193	
0.995232	0.0101308	0	0.00133532	0.155624	0	0	0	0.0182821	
0.995217	0.0101526	0	0.00133819	0.154611	0	0	0	0.0180483	
0.995201	0.0101743	0	0.00134105	0.153605	0	0	0	0.0178177	
0.995186	0.0101958	0	0.00134389	0.152605	0	0	0	0.0175904	
0.995171	0.0102172	0	0.00134672	0.151612	0	0	0	0.0173662	
0.995156	0.0102386	0	0.00134952	0.150625	0	0	0	0.0171452	
0.99514	0.0102597	0	0.00135232	0.149645	0	0	0	0.0169273	
0.995125	0.0102808	0	0.00135509	0.148671	0	0	0	0.0167124	
0.99511	0.0103017	0	0.00135785	0.147703	0	0	0	0.0165005	
0.995095	0.0103226	0	0.0013606	0.146742	0	0	0	0.0162916	
0.995079	0.0103433	0	0.00136333	0.145787	0	0	0	0.0160856	
0.995064	0.0103638	0	0.00136604	0.144839	0	0	0	0.0158825	
0.995049	0.0103843	0	0.00136873	0.143896	0	0	0	0.0156822	
0.995034	0.0104047	0	0.00137142	0.14296	0	0	0	0.0154847	
0.995018	0.0104249	0	0.00137408	0.14203	0	0	0	0.0152899	
0.995003	0.010445	0	0.00137673	0.141105	0	0	0	0.0150979	
0.994988	0.010465	0	0.00137937	0.140187	0	0	0	0.0149085	
0.994973	0.0104848	0	0.00138199	0.139275	0	0	0	0.0147217	
0.994958	0.0105046	0	0.00138459	0.138369	0	0	0	0.0145376	
0.994942	0.0105242	0	0.00138718	0.137469	0	0	0	0.014356	
0.994927	0.0105438	0	0.00138975	0.136575	0	0	0	0.0141769	
0.994912	0.0105632	0	0.00139231	0.135686	0	0	0	0.0140003	
0.994897	0.0105825	0	0.00139486	0.134804	0	0	0	0.0138262	
0.994881	0.0106017	0	0.00139739	0.133927	0	0	0	0.0136545	
0.994866	0.0106208	0	0.0013999	0.133055	0	0	0	0.0134851	
0.994851	0.0106397	0	0.0014024	0.13219	0	0	0	0.0133181	
0.994836	0.0106586	0	0.00140489	0.13133	0	0	0	0.0131534	
0.994821	0.0106773	0	0.00140736	0.130476	0	0	0	0.012991	
0.994805	0.0106959	0	0.00140981	0.129627	0	0	0	0.0128308	
0.99479	0.0107145	0	0.00141225	0.128784	0	0	0	0.0126729	
0.994775	0.0107329	0	0.00141468	0.127946	0	0	0	0.0125171	
0.99476	0.0107512	0	0.00141709	0.127114	0	0	0	0.0123635	
0.994745	0.0107694	0	0.00141949	0.126288	0	0	0	0.012212	
0.994729	0.0107875	0	0.00142188	0.125466	0	0	0	0.0120625	
0.994714	0.0108055	0	0.00142425	0.12465	0	0	0	0.0119152	
0.994699	0.0108233	0	0.0014266	0.12384	0	0	0	0.0117698	
0.994684	0.0108411	0	0.00142894	0.123034	0	0	0	0.0116265	
0.994669	0.0108588	0	0.00143127	0.122234	0	0	0	0.0114851	
0.994653	0.0108763	0	0.00143359	0.121439	0	0	0	0.0113457	
0.994638	0.0108938	0	0.00143589	0.12065	0	0	0	0.0112082	
0.994623	0.0109111	0	0.00143818	0.119865	0	0	0	0.0110726	
0.994608	0.0109284	0	0.00144045	0.119086	0	0	0	0.0109388	
0.994593	0.0109455	0	0.00144271	0.118312	0	0	0	0.0108069	
0.994577	0.0109626	0	0.00144496	0.117542	0	0	0	0.0106767	
0.994562	0.0109795	0	0.00144719	0.116778	0	0	0	0.0105484	
0.994547	0.0109964	0	0.00144941	0.116019	0	0	0	0.0104218	
0.994532	0.0110131	0	0.00145162	0.115265	0	0	0	0.0102969	
0.994517	0.0110298	0	0.00145381	0.114515	0	0	0	0.0101738	
0.994502	0.0110463	0	0.00145599	0.113771	0	0	0	0.0100523	
0.994486	0.0110628	0	0.00145816	0.113031	0	0	0	0.0099325	
0.994471	0.0110791	0	0.00146031	0.112296	0	0	0	0.00981431	
0.994456	0.0110954	0	0.00146245	0.111566	0	0	0	0.00969774	
0.994441	0.0111115	0	0.00146458	0.110841	0	0	0	0.00958275	
0.994426	0.0111276	0	0.0014667	0.110121	0	0	0	0.00946933	
0.99441	0.0111435	0	0.0014688	0.109405	0	0	0	0.00935745	
0.994395	0.0111594	0	0.00147089	0.108694	0	0	0	0.00924709	
0.99438	0.0111751	0	0.00147297	0.107987	0	0	0	0.00913823	
0.994365	0.0111908	0	0.00147504	0.107285	0	0	0	0.00903084	
0.99435	0.0112064	0	0.00147709	0.106588	0	0	0	0.00892492	
0.994335	0.0112219	0	0.00147913	0.105895	0	0	0	0.00882042	
0.994319	0.0112373	0	0.00148116	0.105207	0	0	0	0.00871734	
0.994304	0.0112526	0	0.00148318	0.104523	0	0	0	0.00861566	
0.994289	0.0112678	0	0.00148518	0.103844	0	0	0	0.00851535	
0.994274	0.0112829	0	0.00148718	0.103169	0	0	0	0.00841639	
0.994259	0.0112979	0	0.00148916	0.102498	0	0	0	0.00831878	
0.994244	0.0113129	0	0.00149112	0.101832	0	0	0	0.00822248	
0.994229	0.0113277	0	0.00149308	0.10117	0	0	0	0.00812747	
0.994213	0.0113425	0	0.00149503	0.100513	0	0	0	0.00803375	
0.994198	0.0113571	0	0.00149696	0.0998598	0	0	0	0.00794129	
0.994183	0.0113717	0	0.00149888	0.0992109	0	0	0	0.00785007	
0.994168	0.0113862	0	0.00150079	0.0985662	0	0	0	0.00776008	
0.994153	0.0114006	0	0.00150269	0.0979257	0	0	0	0.0076713	
0.994138	0.0114149	0	0.00150457	0.0972894	0	0	0	0.0075837	
0.994123	0.0114291	0	0.00150645	0.0966573	0	0	0	0.00749729	
0.994107	0.0114433	0	0.00150831	0.0960292	0	0	0	0.00741203	
0.994092	0.0114573	0	0.00151017	0.0954053	0	0	0	0.00732791	
0.994077	0.0114713	0	0.00151201	0.0947854	0	0	0	0.00724492	
0.994062	0.0114852	0	0.00151384	0.0941696	0	0	0	0.00716304	
0.994047	0.011499	0	0.00151566	0.0935577	0	0	0	0.00708225	
0.994032	0.0115127	0	0.00151746	0.0929499	0	0	0	0.00700254	
0.994017	0.0115263	0	0.00151926	0.092346	0	0	0	0.0069239	
0.994001	0.0115399	0	0.00152105	0.0917461	0	0	0	0.0068463	
0.993986	0.0115534	0	0.00152282	0.0911501	0	0	0	0.00676973	
0.993971	0.0115667	0	0.00152459	0.0905579	0	0	0	0.00669419	
0.993956	0.01158	0	0.00152634	0.0899696	0	0	0	0.00661965	
0.993941	0.0115933	0	0.00152808	0.0893852	0	0	0	0.0065461	
0.993926	0.0116064	0	0.00152981	0.0888045	0	0	0	0.00647352	
0.993911	0.0116195	0	0.00153154	0.0882276	0	0	0	0.00640191	
0.993895	0.0116324	0	0.00153325	0.0876545	0	0	0	0.00633125	
0.99388	0.0116454	0	0.00153495	0.0870852	0	0	0	0.00626152	
0.993865	0.0116582	0	0.00153664	0.0865195	0	0	0	0.00619272	
0.99385	0.0116709	0	0.00153832	0.0859575	0	0	0	0.00612482	
0.993835	0.0116836	0	0.00153999	0.0853992	0	0	0	0.00605782	
0.99382	0.0116962	0	0.00154165	0.0848445	0	0	0	0.00599171	
0.993805	0.0117087	0	0.0015433	0.0842934	0	0	0	0.00592647	
0.99379	0.0117211	0	0.00154494	0.083746	0	0	0	0.00586208	
0.993774	0.0117335	0	0.00154656	0.0832021	0	0	0	0.00579855	
0.993759	0.0117458	0	0.00154818	0.0826617	0	0	0	0.00573585	
0.993744	0.011758	0	0.00154979	0.0821248	0	0	0	0.00567398	
0.993729	0.0117701	0	0.00155139	0.0815915	0	0	0	0.00561291	
0.993714	0.0117822	0	0.00155298	0.0810616	0	0	0	0.00555265	
0.993699	0.0117942	0	0.00155456	0.0805352	0	0	0	0.00549318	
0.993684	0.0118061	0	0.00155613	0.0800122	0	0	0	0.00543449	
0.993669	0.0118179	0	0.00155769	0.0794926	0	0	0	0.00537656	
0.993654	0.0118297	0	0.00155924	0.0789764	0	0	0	0.00531939	
0.993638	0.0118414	0	0.00156078	0.0784635	0	0	0	0.00526297	
0.993623	0.011853	0	0.00156231	0.077954	0	0	0	0.00520729	
0.993608	0.0118645	0	0.00156384	0.0774478	0	0	0	0.00515233	
0.993593	0.011876	0	0.00156535	0.0769449	0	0	0	0.00509808	
0.993578	0.0118874	0	0.00156685	0.0764453	0	0	0	0.00504455	
0.993563	0.0118987	0	0.00156835	0.0759489	0	0	0	0.00499171	
0.993548	0.01191	0	0.00156983	0.0754558	0	0	0	0.00493955	
0.993533	0.0119212	0	0.00157131	0.0749658	0	0	0	0.00488807	
0.993518	0.0119323	0	0.00157277	0.0744791	0	0	0	0.00483726	
0.993502	0.0119434	0	0.00157423	0.0739955	0	0	0	0.00478711	
0.993487	0.0119544	0	0.00157568	0.0735151	0	0	0	0.00473761	
0.993472	0.0119653	0	0.00157712	0.0730378	0	0	0	0.00468874	
0.993457	0.0119762	0	0.00157855	0.0725636	0	0	0	0.00464051	
0.993442	0.011987	0	0.00157997	0.0720925	0	0	0	0.0045929	
0.993427	0.0119977	0	0.00158139	0.0716245	0	0	0	0.0045459	
0.993412	0.0120083	0	0.00158279	0.0711595	0	0	0	0.00449951	
0.993397	0.0120189	0	0.00158419	0.0706975	0	0	0	0.00445372	
0.993382	0.0120294	0	0.00158557	0.0702386	0	0	0	0.00440851	
0.993367	0.0120399	0	0.00158695	0.0697826	0	0	0	0.00436389	
0.993351	0.0120503	0	0.00158832	0.0693296	0	0	0	0.00431983	
0.993336	0.0120606	0	0.00158968	0.0688796	0	0	0	0.00427634	
0.993321	0.0120709	0	0.00159104	0.0684325	0	0	0	0.00423341	
0.993306	0.0120811	0	0.00159238	0.0679883	0	0	0	0.00419103	
0.993291	0.0120912	0	0.00159372	0.0675469	0	0	0	0.00414919	
0.993276	0.0121013	0	0.00159504	0.0671085	0	0	0	0.00410788	
0.993261	0.0121113	0	0.00159636	0.0666729	0	0	0	0.0040671	
0.993246	0.0121213	0	0.00159768	0.0662401	0	0	0	0.00402684	
0.993231	0.0121311	0	0.00159898	0.0658102	0	0	0	0.00398709	
0.993216	0.012141	0	0.00160027	0.065383	0	0	0	0.00394785	
0.993201	0.0121507	0	0.00160156	0.0649587	0	0	0	0.0039091	
0.993185	0.0121604	0	0.00160284	0.0645371	0	0	0	0.00387085	
0.99317	0.0121701	0	0.00160411	0.0641182	0	0	0	0.00383308	
0.993155	0.0121797	0	0.00160537	0.0637021	0	0	0	0.00379579	
0.99314	0.0121892	0	0.00160663	0.0632887	0	0	0	0.00375897	
0.993125	0.0121987	0	0.00160788	0.0628779	0	0	0	0.00372262	
0.99311	0.0122081	0	0.00160912	0.0624699	0	0	0	0.00368673	
0.993095	0.0122174	0	0.00161035	0.0620644	0	0	0	0.00365128	
0.99308	0.0122267	0	0.00161157	0.0616617	0	0	0	0.00361629	
0.993065	0.0122359	0	0.00161279	0.0612615	0	0	0	0.00358173	
0.99305	0.0122451	0	0.001614	0.060864	0	0	0	0.00354761	
0.993035	0.0122542	0	0.0016152	0.060469	0	0	0	0.00351392	
0.99302	0.0122633	0	0.00161639	0.0600766	0	0	0	0.00348065	
0.993004	0.0122723	0	0.00161758	0.0596868	0	0	0	0.00344779	
0.992989	0.0122812	0	0.00161876	0.0592995	0	0	0	0.00341535	
0.992974	0.0122901	0	0.00161993	0.0589147	0	0	0	0.00338331	
0.992959	0.0122989	0	0.00162109	0.0585324	0	0	0	0.00335167	
0.992944	0.0123077	0	0.00162225	0.0581526	0	0	0	0.00332043	
0.992929	0.0123164	0	0.0016234	0.0577753	0	0	0	0.00328958	
0.992914	0.0123251	0	0.00162454	0.0574004	0	0	0	0.00325911	
0.992899	0.0123337	0	0.00162568	0.057028	0	0	0	0.00322902	
0.992884	0.0123423	0	0.00162681	0.056658	0	0	0	0.0031993	
0.992869	0.0123508	0	0.00162793	0.0562904	0	0	0	0.00316995	
0.992854	0.0123592	0	0.00162904	0.0559252	0	0	0	0.00314096	
0.992839	0.0123676	0	0.00163015	0.0555624	0	0	0	0.00311234	
0.992824	0.012376	0	0.00163125	0.0552019	0	0	0	0.00308406	
0.992809	0.0123843	0	0.00163234	0.0548438	0	0	0	0.00305614	
0.992793	0.0123925	0	0.00163343	0.054488	0	0	0	0.00302856	
0.992778	0.0124007	0	0.00163451	0.0541345	0	0	0	0.00300132	
0.992763	0.0124089	0	0.00163558	0.0537833	0	0	0	0.00297441	
0.992748	0.0124169	0	0.00163665	0.0534344	0	0	0	0.00294784	
0.992733	0.012425	0	0.00163771	0.0530877	0	0	0	0.00292159	
0.992718	0.012433	0	0.00163876	0.0527434	0	0	0	0.00289567	
0.992703	0.0124409	0	0.00163981	0.0524012	0	0	0	0.00287006	
0.992688	0.0124488	0	0.00164085	0.0520613	0	0	0	0.00284476	
0.992673	0.0124566	0	0.00164188	0.0517236	0	0	0	0.00281977	
0.992658	0.0124644	0	0.00164291	0.0513881	0	0	0	0.00279509	
0.992643	0.0124722	0	0.00164393	0.0510548	0	0	0	0.00277071	
0.992628	0.0124799	0	0.00164494	0.0507236	0	0	0	0.00274663	
0.992613	0.0124875	0	0.00164595	0.0503946	0	0	0	0.00272284	
0.992598	0.0124951	0	0.00164695	0.0500677	0	0	0	0.00269934	
0.992583	0.0125026	0	0.00164794	0.049743	0	0	0	0.00267612	
0.992568	0.0125101	0	0.00164893	0.0494204	0	0	0	0.00265318	
0.992552	0.0125176	0	0.00164991	0.0490998	0	0	0	0.00263052	
0.992537	0.012525	0	0.00165089	0.0487814	0	0	0	0.00260814	
0.992522	0.0125323	0	0.00165186	0.048465	0	0	0	0.00258603	
0.992507	0.0125397	0	0.00165282	0.0481507	0	0	0	0.00256418	
0.992492	0.0125469	0	0.00165378	0.0478384	0	0	0	0.00254259	
0.992477	0.0125541	0	0.00165473	0.0475282	0	0	0	0.00252127	
0.992462	0.0125613	0	0.00165568	0.0472199	0	0	0	0.0025002	
0.992447	0.0125684	0	0.00165662	0.0469137	0	0	0	0.00247939	
0.992432	0.0125755	0	0.00165755	0.0466095	0	0	0	0.00245882	
0.992417	0.0125826	0	0.00165848	0.0463072	0	0	0	0.0024385	
0.992402	0.0125896	0	0.0016594	0.0460069	0	0	0	0.00241842	
0.992387	0.0125965	0	0.00166031	0.0457086	0	0	0	0.00239859	
0.992372	0.0126034	0	0.00166122	0.0454122	0	0	0	0.00237898	
0.992357	0.0126103	0	0.00166213	0.0451177	0	0	0	0.00235962	
0.992342	0.0126171	0	0.00166303	0.0448251	0	0	0	0.00234048	
0.992327	0.0126239	0	0.00166392	0.0445345	0	0	0	0.00232157	
0.992312	0.0126306	0	0.00166481	0.0442457	0	0	0	0.00230289	
0.992297	0.0126373	0	0.00166569	0.0439588	0	0	0	0.00228442	
0.992282	0.0126439	0	0.00166657	0.0436738	0	0	0	0.00226618	
0.992266	0.0126505	0	0.00166744	0.0433906	0	0	0	0.00224815	
0.992251	0.0126571	0	0.0016683	0.0431093	0	0	0	0.00223033	
0.992236	0.0126636	0	0.00166916	0.0428298	0	0	0	0.00221273	
0.992221	0.0126701	0	0.00167001	0.0425521	0	0	0	0.00219533	
0.992206	0.0126765	0	0.00167086	0.0422762	0	0	0	0.00217813	
0.992191	0.0126829	0	0.00167171	0.0420021	0	0	0	0.00216114	
0.992176	0.0126893	0	0.00167254	0.0417298	0	0	0	0.00214435	
0.992161	0.0126956	0	0.00167338	0.0414593	0	0	0	0.00212775	
0.992146	0.0127019	0	0.0016742	0.0411905	0	0	0	0.00211135	
0.992131	0.0127081	0	0.00167503	0.0409235	0	0	0	0.00209514	
0.992116	0.0127143	0	0.00167584	0.0406582	0	0	0	0.00207912	
0.992101	0.0127205	0	0.00167665	0.0403946	0	0	0	0.00206329	
0.992086	0.0127266	0	0.00167746	0.0401327	0	0	0	0.00204764	
0.992071	0.0127327	0	0.00167826	0.0398726	0	0	0	0.00203217	
0.992056	0.0127387	0	0.00167906	0.0396141	0	0	0	0.00201688	
0.992041	0.0127447	0	0.00167985	0.0393573	0	0	0	0.00200177	
0.992026	0.0127507	0	0.00168064	0.0391022	0	0	0	0.00198684	
0.992011	0.0127566	0	0.00168142	0.0388487	0	0	0	0.00197207	
0.991996	0.0127625	0	0.00168219	0.0385969	0	0	0	0.00195748	
0.991981	0.0127683	0	0.00168296	0.0383468	0	0	0	0.00194306	
0.991966	0.0127742	0	0.00168373	0.0380982	0	0	0	0.0019288	
0.991951	0.0127799	0	0.00168449	0.0378513	0	0	0	0.00191471	
0.991936	0.0127857	0	0.00168525	0.0376059	0	0	0	0.00190078	
0.991921	0.0127914	0	0.001686	0.0373622	0	0	0	0.00188701	
0.991905	0.012797	0	0.00168675	0.03712	0	0	0	0.00187339	
0.99189	0.0128027	0	0.00168749	0.0368795	0	0	0	0.00185994	
0.991875	0.0128083	0	0.00168823	0.0366404	0	0	0	0.00184664	
0.99186	0.0128138	0	0.00168896	0.036403	0	0	0	0.00183348	
0.991845	0.0128193	0	0.00168969	0.0361671	0	0	0	0.00182048	
0.99183	0.0128248	0	0.00169041	0.0359327	0	0	0	0.00180763	
0.991815	0.0128303	0	0.00169113	0.0356998	0	0	0	0.00179492	
0.9918	0.0128357	0	0.00169184	0.0354685	0	0	0	0.00178236	
0.991785	0.0128411	0	0.00169255	0.0352386	0	0	0	0.00176994	
0.99177	0.0128464	0	0.00169326	0.0350102	0	0	0	0.00175767	
0.991755	0.0128518	0	0.00169396	0.0347834	0	0	0	0.00174553	
0.99174	0.012857	0	0.00169465	0.034558	0	0	0	0.00173352	
0.991725	0.0128623	0	0.00169535	0.034334	0	0	0	0.00172166	
0.99171	0.0128675	0	0.00169603	0.0341116	0	0	0	0.00170993	
0.991695	0.0128727	0	0.00169672	0.0338905	0	0	0	0.00169833	
0.99168	0.0128778	0	0.00169739	0.0336709	0	0	0	0.00168686	
0.991665	0.0128829	0	0.00169807	0.0334528	0	0	0	0.00167552	
0.99165	0.012888	0	0.00169874	0.033236	0	0	0	0.0016643	
0.991635	0.0128931	0	0.0016994	0.0330207	0	0	0	0.00165322	
0.99162	0.0128981	0	0.00170007	0.0328067	0	0	0	0.00164225	
0.991605	0.0129031	0	0.00170072	0.0325942	0	0	0	0.00163141	
0.99159	0.012908	0	0.00170138	0.032383	0	0	0	0.00162069	
0.991575	0.0129129	0	0.00170202	0.0321732	0	0	0	0.00161009	
0.99156	0.0129178	0	0.00170267	0.0319647	0	0	0	0.00159961	
0.991545	0.0129227	0	0.00170331	0.0317577	0	0	0	0.00158925	
0.99153	0.0129275	0	0.00170394	0.0315519	0	0	0	0.001579	
0.991515	0.0129323	0	0.00170458	0.0313475	0	0	0	0.00156886	
0.9915	0.0129371	0	0.0017052	0.0311444	0	0	0	0.00155884	
0.991485	0.0129418	0	0.00170583	0.0309427	0	0	0	0.00154893	
0.99147	0.0129465	0	0.00170645	0.0307422	0	0	0	0.00153912	
0.991455	0.0129512	0	0.00170706	0.0305431	0	0	0	0.00152943	
0.99144	0.0129558	0	0.00170768	0.0303452	0	0	0	0.00151984	
0.991425	0.0129604	0	0.00170828	0.0301487	0	0	0	0.00151036	
0.99141	0.012965	0	0.00170889	0.0299534	0	0	0	0.00150098	
0.991395	0.0129696	0	0.00170949	0.0297594	0	0	0	0.00149171	
0.99138	0.0129741	0	0.00171009	0.0295666	0	0	0	0.00148254	
0.991365	0.0129786	0	0.00171068	0.0293751	0	0	0	0.00147347	
0.99135	0.0129831	0	0.00171127	0.0291848	0	0	0	0.00146449	
0.991335	0.0129875	0	0.00171185	0.0289958	0	0	0	0.00145562	
0.99132	0.0129919	0	0.00171243	0.028808	0	0	0	0.00144684	
0.991305	0.0129963	0	0.00171301	0.0286214	0	0	0	0.00143816	
0.99129	0.0130007	0	0.00171358	0.028436	0	0	0	0.00142958	
0.991274	0.013005	0	0.00171415	0.0282519	0	0	0	0.00142109	
0.991259	0.0130093	0	0.00171472	0.0280689	0	0	0	0.00141269	
0.991244	0.0130135	0	0.00171528	0.0278871	0	0	0	0.00140438	
0.991229	0.0130178	0	0.00171584	0.0277065	0	0	0	0.00139616	
0.991214	0.013022	0	0.0017164	0.0275271	0	0	0	0.00138803	
0.991199	0.0130262	0	0.00171695	0.0273488	0	0	0	0.00137999	
0.991184	0.0130304	0	0.0017175	0.0271717	0	0	0	0.00137204	
0.991169	0.0130345	0	0.00171804	0.0269958	0	0	0	0.00136417	
0.991154	0.0130386	0	0.00171859	0.026821	0	0	0	0.00135639	
0.991139	0.0130427	0	0.00171912	0.0266473	0	0	0	0.00134869	
0.991124	0.0130467	0	0.00171966	0.0264747	0	0	0	0.00134108	
0.991109	0.0130508	0	0.00172019	0.0263033	0	0	0	0.00133354	
0.991094	0.0130548	0	0.00172072	0.026133	0	0	0	0.00132609	
0.991079	0.0130587	0	0.00172124	0.0259638	0	0	0	0.00131872	
0.991064	0.0130627	0	0.00172176	0.0257957	0	0	0	0.00131143	
0.991049	0.0130666	0	0.00172228	0.0256287	0	0	0	0.00130421	
0.991034	0.0130705	0	0.00172279	0.0254627	0	0	0	0.00129708	
0.991019	0.0130744	0	0.0017233	0.0252979	0	0	0	0.00129002	
0.991004	0.0130782	0	0.00172381	0.0251341	0	0	0	0.00128303	
0.990989	0.0130821	0	0.00172431	0.0249714	0	0	0	0.00127612	
0.990974	0.0130859	0	0.00172482	0.0248097	0	0	0	0.00126929	
0.990959	0.0130896	0	0.00172531	0.0246491	0	0	0	0.00126253	
0.990944	0.0130934	0	0.00172581	0.0244895	0	0	0	0.00125584	
0.990929	0.0130971	0	0.0017263	0.024331	0	0	0	0.00124922	
0.990914	0.0131008	0	0.00172679	0.0241735	0	0	0	0.00124267	
0.990899	0.0131045	0	0.00172727	0.024017	0	0	0	0.00123619	
0.990884	0.0131081	0	0.00172775	0.0238615	0	0	0	0.00122978	
0.990869	0.0131118	0	0.00172823	0.0237071	0	0	0	0.00122344	
0.990854	0.0131154	0	0.00172871	0.0235536	0	0	0	0.00121716	
0.990839	0.013119	0	0.00172918	0.0234012	0	0	0	0.00121096	
0.990824	0.0131225	0	0.00172965	0.0232497	0	0	0	0.00120481	
0.990809	0.0131261	0	0.00173011	0.0230992	0	0	0	0.00119874	
0.990794	0.0131296	0	0.00173058	0.0229497	0	0	0	0.00119273	
0.990779	0.0131331	0	0.00173104	0.0228012	0	0	0	0.00118678	
0.990764	0.0131365	0	0.0017315	0.0226536	0	0	0	0.00118089	
0.990749	0.01314	0	0.00173195	0.022507	0	0	0	0.00117507	
0.990734	0.0131434	0	0.0017324	0.0223613	0	0	0	0.00116931	
0.990719	0.0131468	0	0.00173285	0.0222166	0	0	0	0.00116361	
0.990704	0.0131502	0	0.00173329	0.0220728	0	0	0	0.00115797	
0.990689	0.0131536	0	0.00173374	0.02193	0	0	0	0.00115239	
0.990674	0.0131569	0	0.00173418	0.021788	0	0	0	0.00114686	
0.990659	0.0131602	0	0.00173461	0.0216471	0	0	0	0.0011414	
0.990644	0.0131635	0	0.00173505	0.021507	0	0	0	0.00113599	
0.990629	0.0131668	0	0.00173548	0.0213678	0	0	0	0.00113065	
0.990614	0.01317	0	0.00173591	0.0212295	0	0	0	0.00112535	
0.990599	0.0131732	0	0.00173633	0.0210922	0	0	0	0.00112012	
0.990584	0.0131765	0	0.00173676	0.0209557	0	0	0	0.00111493	
0.990569	0.0131796	0	0.00173718	0.0208201	0	0	0	0.00110981	
0.990554	0.0131828	0	0.00173759	0.0206854	0	0	0	0.00110473	
0.990539	0.013186	0	0.00173801	0.0205516	0	0	0	0.00109972	
0.990524	0.0131891	0	0.00173842	0.0204186	0	0	0	0.00109475	
0.990509	0.0131922	0	0.00173883	0.0202865	0	0	0	0.00108983	
0.990494	0.0131953	0	0.00173924	0.0201552	0	0	0	0.00108497	
0.990479	0.0131983	0	0.00173964	0.0200248	0	0	0	0.00108016	
0.990464	0.0132014	0	0.00174004	0.0198953	0	0	0	0.0010754	
0.990449	0.0132044	0	0.00174044	0.0197666	0	0	0	0.00107069	
0.990434	0.0132074	0	0.00174084	0.0196387	0	0	0	0.00106603	
0.990419	0.0132104	0	0.00174123	0.0195117	0	0	0	0.00106142	
0.990404	0.0132134	0	0.00174162	0.0193855	0	0	0	0.00105685	
0.990389	0.0132163	0	0.00174201	0.0192601	0	0	0	0.00105234	
0.990374	0.0132192	0	0.00174239	0.0191355	0	0	0	0.00104787	
0.990359	0.0132221	0	0.00174278	0.0190117	0	0	0	0.00104345	
0.990344	0.013225	0	0.00174316	0.0188887	0	0	0	0.00103908	
0.990329	0.0132279	0	0.00174354	0.0187666	0	0	0	0.00103475	
0.990314	0.0132308	0	0.00174391	0.0186452	0	0	0	0.00103047	
0.990299	0.0132336	0	0.00174429	0.0185246	0	0	0	0.00102623	
0.990284	0.0132364	0	0.00174466	0.0184048	0	0	0	0.00102204	
0.99027	0.0132392	0	0.00174503	0.0182857	0	0	0	0.00101789	
0.990255	0.013242	0	0.00174539	0.0181675	0	0	0	0.00101379	
0.99024	0.0132447	0	0.00174576	0.01805	0	0	0	0.00100973	
0.990225	0.0132475	0	0.00174612	0.0179333	0	0	0	0.00100571	
0.99021	0.0132502	0	0.00174648	0.0178173	0	0	0	0.00100174	
0.990195	0.0132529	0	0.00174683	0.0177021	0	0	0	0.000997805	
0.99018	0.0132556	0	0.00174719	0.0175876	0	0	0	0.000993915	
0.990165	0.0132583	0	0.00174754	0.0174739	0	0	0	0.000990066	
0.99015	0.0132609	0	0.00174789	0.0173609	0	0	0	0.000986258	
0.990135	0.0132636	0	0.00174824	0.0172486	0	0	0	0.000982491	
0.99012	0.0132662	0	0.00174858	0.0171371	0	0	0	0.000978765	
0.990105	0.0132688	0	0.00174892	0.0170263	0	0	0	0.000975078	
0.99009	0.0132714	0	0.00174926	0.0169162	0	0	0	0.000971431	
0.990075	0.0132739	0	0.0017496	0.0168068	0	0	0	0.000967823	
0.99006	0.0132765	0	0.00174994	0.0166982	0	0	0	0.000964254	
0.990045	0.013279	0	0.00175027	0.0165902	0	0	0	0.000960723	
0.99003	0.0132815	0	0.0017506	0.016483	0	0	0	0.000957231	
0.990015	0.013284	0	0.00175093	0.0163764	0	0	0	0.000953776	
0.99	0.0132865	0	0.00175126	0.0162706	0	0	0	0.000950359	
0.989985	0.013289	0	0.00175159	0.0161654	0	0	0	0.000946979	
0.98997	0.0132914	0	0.00175191	0.0160609	0	0	0	0.000943635	
0.989955	0.0132939	0	0.00175223	0.0159571	0	0	0	0.000940329	
0.98994	0.0132963	0	0.00175255	0.0158539	0	0	0	0.000937058	
0.989925	0.0132987	0	0.00175287	0.0157515	0	0	0	0.000933824	
0.98991	0.0133011	0	0.00175318	0.0156496	0	0	0	0.000930625	
0.989895	0.0133034	0	0.00175349	0.0155485	0	0	0	0.000927461	
0.98988	0.0133058	0	0.00175381	0.015448	0	0	0	0.000924333	
0.989865	0.0133081	0	0.00175411	0.0153482	0	0	0	0.000921239	
0.98985	0.0133105	0	0.00175442	0.015249	0	0	0	0.000918179	
0.989835	0.0133128	0	0.00175472	0.0151504	0	0	0	0.000915154	
0.98982	0.0133151	0	0.00175503	0.0150525	0	0	0	0.000912163	
0.989805	0.0133174	0	0.00175533	0.0149552	0	0	0	0.000909206	
0.98979	0.0133196	0	0.00175563	0.0148586	0	0	0	0.000906282	
0.989775	0.0133219	0	0.00175592	0.0147626	0	0	0	0.000903391	
0.98976	0.0133241	0	0.00175622	0.0146672	0	0	0	0.000900534	
0.989745	0.0133263	0	0.00175651	0.0145724	0	0	0	0.000897709	
0.98973	0.0133285	0	0.0017568	0.0144783	0	0	0	0.000894916	
0.989715	0.0133307	0	0.00175709	0.0143847	0	0	0	0.000892156	
0.9897	0.0133329	0	0.00175738	0.0142918	0	0	0	0.000889428	
0.989685	0.0133351	0	0.00175766	0.0141995	0	0	0	0.000886732	
0.98967	0.0133372	0	0.00175795	0.0141077	0	0	0	0.000884068	
0.989655	0.0133393	0	0.00175823	0.0140166	0	0	0	0.000881435	
0.98964	0.0133415	0	0.00175851	0.013926	0	0	0	0.000878834	
0.989625	0.0133436	0	0.00175878	0.0138361	0	0	0	0.000876263	
0.98961	0.0133457	0	0.00175906	0.0137467	0	0	0	0.000873724	
0.989596	0.0133477	0	0.00175933	0.0136579	0	0	0	0.000871215	
0.989581	0.0133498	0	0.00175961	0.0135697	0	0	0	0.000868738	
0.989566	0.0133519	0	0.00175988	0.013482	0	0	0	0.00086629	
0.989551	0.0133539	0	0.00176014	0.0133949	0	0	0	0.000863873	
0.989536	0.0133559	0	0.00176041	0.0133084	0	0	0	0.000861487	
0.989521	0.0133579	0	0.00176068	0.0132225	0	0	0	0.00085913	
0.989506	0.0133599	0	0.00176094	0.0131371	0	0	0	0.000856803	
0.989491	0.0133619	0	0.0017612	0.0130522	0	0	0	0.000854507	
0.989476	0.0133639	0	0.00176146	0.012968	0	0	0	0.00085224	
0.989461	0.0133658	0	0.00176172	0.0128842	0	0	0	0.000850003	
0.989446	0.0133678	0	0.00176198	0.012801	0	0	0	0.000847795	
0.989431	0.0133697	0	0.00176223	0.0127183	0	0	0	0.000845617	
0.989416	0.0133716	0	0.00176248	0.0126362	0	0	0	0.000843469	
0.989401	0.0133736	0	0.00176274	0.0125546	0	0	0	0.00084135	
0.989386	0.0133755	0	0.00176298	0.0124736	0	0	0	0.00083926	
0.989371	0.0133773	0	0.00176323	0.012393	0	0	0	0.0008372	
0.989356	0.0133792	0	0.00176348	0.012313	0	0	0	0.000835169	
0.989341	0.0133811	0	0.00176372	0.0122335	0	0	0	0.000833168	
0.989326	0.0133829	0	0.00176397	0.0121546	0	0	0	0.000831196	
0.989311	0.0133847	0	0.00176421	0.0120761	0	0	0	0.000829253	
0.989296	0.0133866	0	0.00176445	0.0119981	0	0	0	0.000827341	
0.989281	0.0133884	0	0.00176469	0.0119207	0	0	0	0.000825457	
0.989266	0.0133902	0	0.00176492	0.0118438	0	0	0	0.000823604	
0.989251	0.013392	0	0.00176516	0.0117673	0	0	0	0.00082178	
0.989236	0.0133937	0	0.00176539	0.0116914	0	0	0	0.000819986	
0.989221	0.0133955	0	0.00176563	0.0116159	0	0	0	0.000818223	
0.989206	0.0133972	0	0.00176586	0.0115409	0	0	0	0.000816489	
0.989192	0.013399	0	0.00176609	0.0114664	0	0	0	0.000814787	
0.989177	0.0134007	0	0.00176631	0.0113925	0	0	0	0.000813115	
0.989162	0.0134024	0	0.00176654	0.0113189	0	0	0	0.000811474	
0.989147	0.0134041	0	0.00176676	0.0112459	0	0	0	0.000809865	
0.989132	0.0134058	0	0.00176699	0.0111733	0	0	0	0.000808288	
0.989117	0.0134075	0	0.00176721	0.0111012	0	0	0	0.000806743	
0.989102	0.0134092	0	0.00176743	0.0110296	0	0	0	0.000805231	
0.989087	0.0134108	0	0.00176765	0.0109585	0	0	0	0.000803752	
0.989072	0.0134125	0	0.00176787	0.0108878	0	0	0	0.000802307	
0.989057	0.0134141	0	0.00176808	0.0108175	0	0	0	0.000800897	
0.989042	0.0134158	0	0.0017683	0.0107477	0	0	0	0.000799522	
0.989027	0.0134174	0	0.00176851	0.0106784	0	0	0	0.000798183	
0.989012	0.013419	0	0.00176872	0.0106095	0	0	0	0.000796883	
0.988997	0.0134206	0	0.00176893	0.0105411	0	0	0	0.00079562	
0.988982	0.0134222	0	0.00176914	0.0104731	0	0	0	0.000794397	
0.988967	0.0134237	0	0.00176935	0.0104055	0	0	0	0.000793216	
0.988952	0.0134253	0	0.00176956	0.0103384	0	0	0	0.000792077	
0.988937	0.0134269	0	0.00176976	0.0102718	0	0	0	0.000790984	
