1	0	0	0	1	0	0	0	1	
0.997037	1.14196e-06	0	1.87302e-07	0.994069	0	0	0	0.989076	
0.994094	4.51567e-06	0	7.40934e-07	0.988208	0	0	0	0.978361	
0.99116	1.00686e-05	0	1.65201e-06	0.982386	0	0	0	0.967765	
0.988236	1.77439e-05	0	2.91118e-06	0.976601	0	0	0	0.957288	
0.98532	2.74862e-05	0	4.50939e-06	0.970854	0	0	0	0.946928	
0.982413	3.92419e-05	0	6.43785e-06	0.965144	0	0	0	0.936683	
0.979514	5.29588e-05	0	8.68799e-06	0.95947	0	0	0	0.926553	
0.976625	6.85864e-05	0	1.12515e-05	0.953833	0	0	0	0.916536	
0.973744	8.60753e-05	0	1.41203e-05	0.948232	0	0	0	0.90663	
0.970872	0.000105378	0	1.72866e-05	0.942667	0	0	0	0.896836	
0.968009	0.000126447	0	2.07426e-05	0.937138	0	0	0	0.88715	
0.965154	0.000149237	0	2.4481e-05	0.931644	0	0	0	0.877572	
0.962308	0.000173704	0	2.84944e-05	0.926185	0	0	0	0.868101	
0.95947	0.000199806	0	3.27758e-05	0.920762	0	0	0	0.858735	
0.956641	0.000227498	0	3.73183e-05	0.915372	0	0	0	0.849474	
0.953821	0.000256742	0	4.21151e-05	0.910017	0	0	0	0.840315	
0.951009	0.000287496	0	4.71597e-05	0.904696	0	0	0	0.831259	
0.948205	0.000319721	0	5.24456e-05	0.899409	0	0	0	0.822303	
0.94541	0.00035338	0	5.79666e-05	0.894156	0	0	0	0.813447	
0.942624	0.000388434	0	6.37165e-05	0.888936	0	0	0	0.804689	
0.939846	0.000424848	0	6.96893e-05	0.883748	0	0	0	0.796029	
0.937076	0.000462585	0	7.58793e-05	0.878594	0	0	0	0.787465	
0.934314	0.000501611	0	8.22807e-05	0.873472	0	0	0	0.778996	
0.931561	0.000541892	0	8.88879e-05	0.868383	0	0	0	0.770621	
0.928816	0.000583395	0	9.56954e-05	0.863326	0	0	0	0.762339	
0.92608	0.000626086	0	0.000102698	0.8583	0	0	0	0.754149	
0.923351	0.000669933	0	0.00010989	0.853306	0	0	0	0.74605	
0.920631	0.000714906	0	0.000117267	0.848344	0	0	0	0.738041	
0.917919	0.000760975	0	0.000124823	0.843413	0	0	0	0.73012	
0.915215	0.000808108	0	0.000132554	0.838513	0	0	0	0.722288	
0.912519	0.000856277	0	0.000140455	0.833643	0	0	0	0.714542	
0.909831	0.000905452	0	0.000148521	0.828804	0	0	0	0.706882	
0.907152	0.000955607	0	0.000156748	0.823995	0	0	0	0.699307	
0.90448	0.00100671	0	0.000165131	0.819217	0	0	0	0.691816	
0.901817	0.00105874	0	0.000173665	0.814468	0	0	0	0.684408	
0.899161	0.00111167	0	0.000182346	0.809749	0	0	0	0.677082	
0.896513	0.00116547	0	0.000191171	0.805059	0	0	0	0.669837	
0.893874	0.00122011	0	0.000200134	0.800399	0	0	0	0.662672	
0.891242	0.00127558	0	0.000209232	0.795767	0	0	0	0.655587	
0.888618	0.00133185	0	0.000218461	0.791165	0	0	0	0.648579	
0.886002	0.00138888	0	0.000227816	0.786591	0	0	0	0.64165	
0.883394	0.00144667	0	0.000237295	0.782045	0	0	0	0.634797	
0.880793	0.00150518	0	0.000246892	0.777528	0	0	0	0.628019	
0.878201	0.0015644	0	0.000256605	0.773038	0	0	0	0.621317	
0.875616	0.0016243	0	0.00026643	0.768577	0	0	0	0.614689	
0.873039	0.00168485	0	0.000276363	0.764143	0	0	0	0.608134	
0.870469	0.00174605	0	0.000286401	0.759736	0	0	0	0.601651	
0.867908	0.00180787	0	0.00029654	0.755357	0	0	0	0.59524	
0.865354	0.00187028	0	0.000306777	0.751005	0	0	0	0.588899	
0.862807	0.00193327	0	0.000317109	0.746679	0	0	0	0.582629	
0.860269	0.00199681	0	0.000327532	0.74238	0	0	0	0.576428	
0.857737	0.0020609	0	0.000338043	0.738108	0	0	0	0.570295	
0.855214	0.0021255	0	0.00034864	0.733862	0	0	0	0.56423	
0.852698	0.0021906	0	0.000359318	0.729643	0	0	0	0.558231	
0.850189	0.00225619	0	0.000370076	0.725449	0	0	0	0.552299	
0.847688	0.00232224	0	0.00038091	0.721281	0	0	0	0.546432	
0.845194	0.00238873	0	0.000391817	0.717138	0	0	0	0.54063	
0.842708	0.00245566	0	0.000402794	0.713021	0	0	0	0.534892	
0.84023	0.002523	0	0.000413839	0.708929	0	0	0	0.529217	
0.837758	0.00259073	0	0.000424949	0.704862	0	0	0	0.523604	
0.835294	0.00265884	0	0.000436121	0.70082	0	0	0	0.518054	
0.832838	0.00272732	0	0.000447352	0.696803	0	0	0	0.512564	
0.830388	0.00279614	0	0.000458641	0.692811	0	0	0	0.507135	
0.827947	0.0028653	0	0.000469984	0.688842	0	0	0	0.501765	
0.825512	0.00293477	0	0.00048138	0.684898	0	0	0	0.496455	
0.823084	0.00300454	0	0.000492824	0.680979	0	0	0	0.491202	
0.820664	0.00307461	0	0.000504316	0.677082	0	0	0	0.486008	
0.818251	0.00314494	0	0.000515853	0.67321	0	0	0	0.480871	
0.815846	0.00321554	0	0.000527432	0.669361	0	0	0	0.47579	
0.813447	0.00328638	0	0.000539052	0.665536	0	0	0	0.470765	
0.811056	0.00335745	0	0.00055071	0.661734	0	0	0	0.465795	
0.808671	0.00342874	0	0.000562403	0.657955	0	0	0	0.46088	
0.806294	0.00350024	0	0.000574131	0.654199	0	0	0	0.456019	
0.803924	0.00357193	0	0.00058589	0.650466	0	0	0	0.451211	
0.801561	0.0036438	0	0.000597678	0.646755	0	0	0	0.446456	
0.799205	0.00371584	0	0.000609495	0.643067	0	0	0	0.441752	
0.796856	0.00378804	0	0.000621337	0.639401	0	0	0	0.437101	
0.794514	0.00386038	0	0.000633202	0.635757	0	0	0	0.432501	
0.792179	0.00393286	0	0.00064509	0.632136	0	0	0	0.427951	
0.789851	0.00400545	0	0.000656997	0.628536	0	0	0	0.423451	
0.78753	0.00407816	0	0.000668923	0.624958	0	0	0	0.419	
0.785215	0.00415097	0	0.000680865	0.621402	0	0	0	0.414598	
0.782908	0.00422386	0	0.000692822	0.617867	0	0	0	0.410244	
0.780607	0.00429684	0	0.000704791	0.614353	0	0	0	0.405938	
0.778314	0.00436988	0	0.000716772	0.610861	0	0	0	0.401679	
0.776027	0.00444298	0	0.000728762	0.60739	0	0	0	0.397466	
0.773747	0.00451613	0	0.00074076	0.603939	0	0	0	0.3933	
0.771474	0.00458931	0	0.000752764	0.600509	0	0	0	0.389179	
0.769207	0.00466253	0	0.000764773	0.5971	0	0	0	0.385103	
0.766947	0.00473576	0	0.000776786	0.593712	0	0	0	0.381072	
0.764694	0.00480901	0	0.0007888	0.590343	0	0	0	0.377085	
0.762448	0.00488226	0	0.000800814	0.586995	0	0	0	0.373142	
0.760208	0.0049555	0	0.000812827	0.583667	0	0	0	0.369242	
0.757975	0.00502872	0	0.000824838	0.580359	0	0	0	0.365384	
0.755749	0.00510192	0	0.000836844	0.577071	0	0	0	0.361568	
0.753529	0.00517509	0	0.000848846	0.573802	0	0	0	0.357794	
0.751316	0.00524822	0	0.00086084	0.570553	0	0	0	0.354061	
0.749109	0.0053213	0	0.000872827	0.567324	0	0	0	0.350369	
0.746909	0.00539432	0	0.000884804	0.564114	0	0	0	0.346718	
0.744716	0.00546728	0	0.000896771	0.560922	0	0	0	0.343106	
0.742529	0.00554017	0	0.000908727	0.55775	0	0	0	0.339533	
0.740348	0.00561298	0	0.000920669	0.554597	0	0	0	0.336	
0.738174	0.0056857	0	0.000932597	0.551463	0	0	0	0.332505	
0.736007	0.00575833	0	0.00094451	0.548347	0	0	0	0.329048	
0.733845	0.00583086	0	0.000956407	0.54525	0	0	0	0.325628	
0.731691	0.00590328	0	0.000968286	0.542172	0	0	0	0.322246	
0.729542	0.00597559	0	0.000980147	0.539111	0	0	0	0.318901	
0.7274	0.00604779	0	0.000991988	0.536069	0	0	0	0.315592	
0.725265	0.00611985	0	0.00100381	0.533045	0	0	0	0.31232	
0.723135	0.00619179	0	0.00101561	0.530039	0	0	0	0.309082	
0.721012	0.00626358	0	0.00102738	0.527051	0	0	0	0.30588	
0.718896	0.00633524	0	0.00103914	0.524081	0	0	0	0.302713	
0.716785	0.00640674	0	0.00105086	0.521128	0	0	0	0.299581	
0.714681	0.00647809	0	0.00106257	0.518193	0	0	0	0.296482	
0.712583	0.00654928	0	0.00107424	0.515275	0	0	0	0.293417	
0.710492	0.0066203	0	0.00108589	0.512374	0	0	0	0.290386	
0.708406	0.00669115	0	0.00109751	0.509491	0	0	0	0.287387	
0.706327	0.00676182	0	0.00110911	0.506624	0	0	0	0.284421	
0.704254	0.00683231	0	0.00112067	0.503775	0	0	0	0.281487	
0.702187	0.00690262	0	0.0011322	0.500942	0	0	0	0.278585	
0.700126	0.00697274	0	0.0011437	0.498126	0	0	0	0.275714	
0.698071	0.00704266	0	0.00115517	0.495327	0	0	0	0.272875	
0.696022	0.00711237	0	0.00116661	0.492544	0	0	0	0.270066	
0.69398	0.00718189	0	0.00117801	0.489778	0	0	0	0.267288	
0.691943	0.00725119	0	0.00118937	0.487028	0	0	0	0.26454	
0.689913	0.00732029	0	0.00120071	0.484294	0	0	0	0.261822	
0.687888	0.00738916	0	0.001212	0.481577	0	0	0	0.259133	
0.68587	0.00745781	0	0.00122326	0.478875	0	0	0	0.256473	
0.683857	0.00752624	0	0.00123449	0.476189	0	0	0	0.253842	
0.681851	0.00759443	0	0.00124567	0.47352	0	0	0	0.25124	
0.67985	0.0076624	0	0.00125682	0.470865	0	0	0	0.248666	
0.677855	0.00773012	0	0.00126793	0.468227	0	0	0	0.24612	
0.675866	0.00779761	0	0.001279	0.465604	0	0	0	0.243601	
0.673883	0.00786485	0	0.00129003	0.462996	0	0	0	0.241109	
0.671906	0.00793185	0	0.00130102	0.460404	0	0	0	0.238645	
0.669935	0.00799859	0	0.00131197	0.457826	0	0	0	0.236207	
0.66797	0.00806508	0	0.00132287	0.455264	0	0	0	0.233795	
0.66601	0.00813132	0	0.00133374	0.452717	0	0	0	0.23141	
0.664056	0.00819729	0	0.00134456	0.450185	0	0	0	0.22905	
0.662108	0.008263	0	0.00135533	0.447668	0	0	0	0.226716	
0.660166	0.00832845	0	0.00136607	0.445166	0	0	0	0.224407	
0.65823	0.00839362	0	0.00137676	0.442678	0	0	0	0.222122	
0.656299	0.00845853	0	0.00138741	0.440204	0	0	0	0.219863	
0.654374	0.00852316	0	0.00139801	0.437746	0	0	0	0.217628	
0.652455	0.00858751	0	0.00140856	0.435301	0	0	0	0.215417	
0.650541	0.00865159	0	0.00141907	0.432871	0	0	0	0.21323	
0.648633	0.00871539	0	0.00142954	0.430455	0	0	0	0.211066	
0.646731	0.0087789	0	0.00143995	0.428053	0	0	0	0.208926	
0.644834	0.00884212	0	0.00145032	0.425665	0	0	0	0.206809	
0.642943	0.00890506	0	0.00146065	0.423291	0	0	0	0.204715	
0.641057	0.00896771	0	0.00147092	0.420931	0	0	0	0.202643	
0.639177	0.00903006	0	0.00148115	0.418585	0	0	0	0.200593	
0.637303	0.00909213	0	0.00149133	0.416252	0	0	0	0.198566	
0.635434	0.00915389	0	0.00150146	0.413933	0	0	0	0.19656	
0.633571	0.00921536	0	0.00151154	0.411628	0	0	0	0.194576	
0.631713	0.00927653	0	0.00152158	0.409336	0	0	0	0.192614	
0.62986	0.0093374	0	0.00153156	0.407057	0	0	0	0.190672	
0.628014	0.00939796	0	0.00154149	0.404791	0	0	0	0.188752	
0.626172	0.00945822	0	0.00155138	0.402539	0	0	0	0.186852	
0.624336	0.00951818	0	0.00156121	0.4003	0	0	0	0.184972	
0.622506	0.00957783	0	0.001571	0.398073	0	0	0	0.183113	
0.62068	0.00963717	0	0.00158073	0.39586	0	0	0	0.181273	
0.618861	0.0096962	0	0.00159041	0.39366	0	0	0	0.179454	
0.617046	0.00975492	0	0.00160004	0.391472	0	0	0	0.177654	
0.615237	0.00981333	0	0.00160962	0.389297	0	0	0	0.175873	
0.613434	0.00987142	0	0.00161915	0.387135	0	0	0	0.174111	
0.611635	0.0099292	0	0.00162863	0.384985	0	0	0	0.172368	
0.609842	0.00998667	0	0.00163805	0.382847	0	0	0	0.170644	
0.608054	0.0100438	0	0.00164743	0.380722	0	0	0	0.168939	
0.606272	0.0101006	0	0.00165675	0.37861	0	0	0	0.167252	
0.604495	0.0101572	0	0.00166602	0.376509	0	0	0	0.165582	
0.602723	0.0102134	0	0.00167524	0.374421	0	0	0	0.163931	
0.600956	0.0102692	0	0.0016844	0.372345	0	0	0	0.162298	
0.599195	0.0103248	0	0.00169352	0.370281	0	0	0	0.160681	
0.597438	0.01038	0	0.00170258	0.368228	0	0	0	0.159083	
0.595687	0.0104349	0	0.00171158	0.366188	0	0	0	0.157501	
0.593941	0.0104895	0	0.00172054	0.364159	0	0	0	0.155936	
0.5922	0.0105438	0	0.00172944	0.362143	0	0	0	0.154388	
0.590465	0.0105978	0	0.00173829	0.360137	0	0	0	0.152857	
0.588734	0.0106514	0	0.00174709	0.358144	0	0	0	0.151342	
0.587009	0.0107047	0	0.00175583	0.356162	0	0	0	0.149843	
0.585288	0.0107577	0	0.00176452	0.354191	0	0	0	0.148361	
0.583573	0.0108104	0	0.00177316	0.352231	0	0	0	0.146894	
0.581863	0.0108627	0	0.00178174	0.350283	0	0	0	0.145443	
0.580158	0.0109147	0	0.00179028	0.348347	0	0	0	0.144007	
0.578458	0.0109664	0	0.00179875	0.346421	0	0	0	0.142587	
0.576762	0.0110178	0	0.00180718	0.344507	0	0	0	0.141182	
0.575072	0.0110688	0	0.00181555	0.342603	0	0	0	0.139792	
0.573387	0.0111196	0	0.00182387	0.340711	0	0	0	0.138416	
0.571707	0.01117	0	0.00183214	0.338829	0	0	0	0.137056	
0.570032	0.0112201	0	0.00184036	0.336958	0	0	0	0.13571	
0.568362	0.0112698	0	0.00184852	0.335098	0	0	0	0.134378	
0.566696	0.0113193	0	0.00185663	0.333249	0	0	0	0.133061	
0.565036	0.0113684	0	0.00186469	0.33141	0	0	0	0.131758	
0.56338	0.0114172	0	0.00187269	0.329582	0	0	0	0.130469	
0.56173	0.0114657	0	0.00188065	0.327765	0	0	0	0.129193	
0.560084	0.0115139	0	0.00188855	0.325957	0	0	0	0.127931	
0.558443	0.0115617	0	0.0018964	0.324161	0	0	0	0.126683	
0.556807	0.0116093	0	0.0019042	0.322374	0	0	0	0.125448	
0.555176	0.0116565	0	0.00191194	0.320598	0	0	0	0.124226	
