1	0	0	0	1	0	0	0	1	
0.999883	1.72544e-06	0	4.95733e-07	0.995951	0	0	0	0.977727	
0.999768	6.75735e-06	0	1.94245e-06	0.991951	0	0	0	0.956307	
0.999653	1.49055e-05	0	4.28453e-06	0.987973	0	0	0	0.935361	
0.999538	2.59857e-05	0	7.46899e-06	0.984015	0	0	0	0.91488	
0.999425	3.98292e-05	0	1.14474e-05	0.980077	0	0	0	0.894851	
0.999311	5.62816e-05	0	1.61754e-05	0.976159	0	0	0	0.875267	
0.999199	7.52005e-05	0	2.16121e-05	0.97226	0	0	0	0.856115	
0.999086	9.64545e-05	0	2.77197e-05	0.968381	0	0	0	0.837388	
0.998974	0.000119922	0	3.44632e-05	0.964521	0	0	0	0.819074	
0.998863	0.00014549	0	4.18103e-05	0.960679	0	0	0	0.801166	
0.998752	0.000173053	0	4.97305e-05	0.956856	0	0	0	0.783653	
0.998641	0.000202513	0	5.81957e-05	0.953051	0	0	0	0.766527	
0.998531	0.000233777	0	6.71794e-05	0.949264	0	0	0	0.749779	
0.998421	0.00026676	0	7.66569e-05	0.945495	0	0	0	0.733402	
0.998312	0.00030138	0	8.66047e-05	0.941744	0	0	0	0.717386	
0.998202	0.00033756	0	9.70009e-05	0.938011	0	0	0	0.701723	
0.998093	0.000375229	0	0.000107825	0.934294	0	0	0	0.686406	
0.997985	0.000414319	0	0.000119057	0.930595	0	0	0	0.671427	
0.997876	0.000454764	0	0.000130678	0.926912	0	0	0	0.656779	
0.997768	0.000496503	0	0.000142672	0.923247	0	0	0	0.642453	
0.997661	0.000539479	0	0.00015502	0.919598	0	0	0	0.628444	
0.997553	0.000583636	0	0.000167708	0.915965	0	0	0	0.614743	
0.997446	0.000628921	0	0.00018072	0.912349	0	0	0	0.601344	
0.997339	0.000675285	0	0.000194042	0.908749	0	0	0	0.588241	
0.997232	0.000722679	0	0.00020766	0.905166	0	0	0	0.575426	
0.997126	0.000771057	0	0.000221561	0.901598	0	0	0	0.562894	
0.99702	0.000820377	0	0.000235732	0.898046	0	0	0	0.550637	
0.996914	0.000870596	0	0.000250162	0.894509	0	0	0	0.538651	
0.996808	0.000921675	0	0.000264839	0.890988	0	0	0	0.526929	
0.996702	0.000973575	0	0.000279751	0.887483	0	0	0	0.515464	
0.996597	0.00102626	0	0.000294889	0.883993	0	0	0	0.504252	
0.996491	0.00107969	0	0.000310243	0.880518	0	0	0	0.493287	
0.996386	0.00113384	0	0.000325802	0.877058	0	0	0	0.482563	
0.996281	0.00118868	0	0.000341557	0.873613	0	0	0	0.472075	
0.996177	0.00124416	0	0.0003575	0.870183	0	0	0	0.461817	
0.996072	0.00130027	0	0.000373621	0.866768	0	0	0	0.451785	
0.995968	0.00135697	0	0.000389913	0.863367	0	0	0	0.441974	
0.995864	0.00141424	0	0.000406368	0.859981	0	0	0	0.432379	
0.99576	0.00147205	0	0.000422978	0.856609	0	0	0	0.422994	
0.995656	0.00153037	0	0.000439735	0.853252	0	0	0	0.413816	
0.995552	0.00158918	0	0.000456633	0.849909	0	0	0	0.404839	
0.995449	0.00164845	0	0.000473665	0.84658	0	0	0	0.39606	
0.995345	0.00170817	0	0.000490824	0.843265	0	0	0	0.387473	
0.995242	0.00176831	0	0.000508104	0.839965	0	0	0	0.379076	
0.995139	0.00182885	0	0.000525498	0.836678	0	0	0	0.370862	
0.995036	0.00188977	0	0.000543002	0.833405	0	0	0	0.362829	
0.994933	0.00195104	0	0.000560608	0.830145	0	0	0	0.354973	
0.99483	0.00201266	0	0.000578313	0.8269	0	0	0	0.347288	
0.994727	0.0020746	0	0.000596109	0.823668	0	0	0	0.339773	
0.994625	0.00213684	0	0.000613993	0.820449	0	0	0	0.332422	
0.994522	0.00219937	0	0.00063196	0.817244	0	0	0	0.325233	
0.99442	0.00226217	0	0.000650004	0.814052	0	0	0	0.318202	
0.994318	0.00232522	0	0.000668121	0.810873	0	0	0	0.311324	
0.994215	0.00238851	0	0.000686307	0.807708	0	0	0	0.304598	
0.994113	0.00245203	0	0.000704557	0.804555	0	0	0	0.298019	
0.994012	0.00251576	0	0.000722867	0.801416	0	0	0	0.291584	
0.99391	0.00257968	0	0.000741234	0.798289	0	0	0	0.285291	
0.993808	0.00264378	0	0.000759653	0.795176	0	0	0	0.279135	
0.993706	0.00270806	0	0.000778121	0.792075	0	0	0	0.273114	
0.993605	0.00277249	0	0.000796633	0.788987	0	0	0	0.267225	
0.993503	0.00283706	0	0.000815188	0.785911	0	0	0	0.261466	
0.993402	0.00290177	0	0.00083378	0.782848	0	0	0	0.255832	
0.993301	0.0029666	0	0.000852408	0.779798	0	0	0	0.250322	
0.993199	0.00303154	0	0.000871067	0.77676	0	0	0	0.244932	
0.993098	0.00309658	0	0.000889755	0.773735	0	0	0	0.239661	
0.992997	0.00316171	0	0.000908469	0.770722	0	0	0	0.234505	
0.992896	0.00322692	0	0.000927205	0.767721	0	0	0	0.229461	
0.992795	0.0032922	0	0.000945962	0.764732	0	0	0	0.224529	
0.992695	0.00335754	0	0.000964737	0.761755	0	0	0	0.219704	
0.992594	0.00342294	0	0.000983526	0.758791	0	0	0	0.214984	
0.992493	0.00348837	0	0.00100233	0.755838	0	0	0	0.210368	
0.992393	0.00355384	0	0.00102114	0.752898	0	0	0	0.205853	
0.992292	0.00361934	0	0.00103996	0.749969	0	0	0	0.201437	
0.992191	0.00368486	0	0.00105879	0.747052	0	0	0	0.197117	
0.992091	0.00375039	0	0.00107761	0.744147	0	0	0	0.192891	
0.991991	0.00381593	0	0.00109644	0.741254	0	0	0	0.188758	
0.99189	0.00388146	0	0.00111527	0.738372	0	0	0	0.184716	
0.99179	0.00394698	0	0.0011341	0.735502	0	0	0	0.180761	
0.99169	0.00401249	0	0.00115292	0.732643	0	0	0	0.176893	
0.99159	0.00407797	0	0.00117174	0.729796	0	0	0	0.17311	
0.99149	0.00414342	0	0.00119054	0.72696	0	0	0	0.169409	
0.99139	0.00420884	0	0.00120934	0.724136	0	0	0	0.165789	
0.99129	0.00427422	0	0.00122812	0.721323	0	0	0	0.162248	
0.99119	0.00433955	0	0.0012469	0.718521	0	0	0	0.158784	
0.99109	0.00440483	0	0.00126565	0.715731	0	0	0	0.155396	
0.99099	0.00447005	0	0.00128439	0.712951	0	0	0	0.152082	
0.99089	0.00453521	0	0.00130311	0.710183	0	0	0	0.14884	
0.990791	0.00460031	0	0.00132182	0.707426	0	0	0	0.145669	
0.990691	0.00466533	0	0.0013405	0.704679	0	0	0	0.142567	
0.990591	0.00473027	0	0.00135916	0.701944	0	0	0	0.139532	
0.990492	0.00479514	0	0.0013778	0.69922	0	0	0	0.136564	
0.990392	0.00485992	0	0.00139641	0.696506	0	0	0	0.13366	
0.990293	0.00492461	0	0.001415	0.693803	0	0	0	0.13082	
0.990193	0.00498921	0	0.00143356	0.691111	0	0	0	0.128042	
0.990094	0.00505371	0	0.00145209	0.68843	0	0	0	0.125324	
0.989995	0.00511811	0	0.0014706	0.685759	0	0	0	0.122665	
0.989895	0.0051824	0	0.00148907	0.683099	0	0	0	0.120065	
0.989796	0.00524659	0	0.00150751	0.680449	0	0	0	0.11752	
0.989697	0.00531066	0	0.00152592	0.67781	0	0	0	0.115032	
0.989598	0.00537463	0	0.0015443	0.675182	0	0	0	0.112597	
0.989499	0.00543847	0	0.00156265	0.672563	0	0	0	0.110215	
0.989399	0.00550219	0	0.00158095	0.669956	0	0	0	0.107886	
0.9893	0.00556579	0	0.00159923	0.667358	0	0	0	0.105606	
0.989201	0.00562927	0	0.00161747	0.664771	0	0	0	0.103377	
0.989102	0.00569261	0	0.00163567	0.662194	0	0	0	0.101196	
0.989003	0.00575582	0	0.00165383	0.659627	0	0	0	0.0990621	
0.988904	0.0058189	0	0.00167195	0.65707	0	0	0	0.0969748	
0.988805	0.00588184	0	0.00169004	0.654524	0	0	0	0.0949328	
0.988707	0.00594465	0	0.00170808	0.651987	0	0	0	0.0929352	
0.988608	0.00600731	0	0.00172609	0.64946	0	0	0	0.0909809	
0.988509	0.00606983	0	0.00174405	0.646944	0	0	0	0.0890691	
0.98841	0.0061322	0	0.00176197	0.644437	0	0	0	0.0871988	
0.988311	0.00619442	0	0.00177985	0.64194	0	0	0	0.0853691	
0.988213	0.0062565	0	0.00179769	0.639453	0	0	0	0.0835791	
0.988114	0.00631842	0	0.00181548	0.636976	0	0	0	0.0818279	
0.988015	0.0063802	0	0.00183323	0.634508	0	0	0	0.0801148	
0.987917	0.00644181	0	0.00185093	0.632051	0	0	0	0.0784387	
0.987818	0.00650327	0	0.00186859	0.629602	0	0	0	0.076799	
0.98772	0.00656457	0	0.00188621	0.627164	0	0	0	0.0751948	
0.987621	0.00662572	0	0.00190377	0.624735	0	0	0	0.0736254	
0.987522	0.0066867	0	0.00192129	0.622316	0	0	0	0.07209	
0.987424	0.00674751	0	0.00193877	0.619906	0	0	0	0.0705878	
0.987326	0.00680817	0	0.0019562	0.617505	0	0	0	0.0691182	
0.987227	0.00686866	0	0.00197358	0.615114	0	0	0	0.0676803	
0.987129	0.00692898	0	0.00199091	0.612733	0	0	0	0.0662736	
0.98703	0.00698914	0	0.00200819	0.61036	0	0	0	0.0648973	
0.986932	0.00704912	0	0.00202543	0.607997	0	0	0	0.0635508	
0.986834	0.00710894	0	0.00204262	0.605644	0	0	0	0.0622334	
0.986735	0.00716858	0	0.00205975	0.603299	0	0	0	0.0609445	
0.986637	0.00722806	0	0.00207684	0.600964	0	0	0	0.0596834	
0.986539	0.00728736	0	0.00209388	0.598638	0	0	0	0.0584496	
0.98644	0.00734649	0	0.00211087	0.59632	0	0	0	0.0572424	
0.986342	0.00740544	0	0.00212781	0.594012	0	0	0	0.0560613	
0.986244	0.00746422	0	0.0021447	0.591713	0	0	0	0.0549057	
0.986146	0.00752282	0	0.00216153	0.589423	0	0	0	0.0537751	
0.986048	0.00758124	0	0.00217832	0.587142	0	0	0	0.0526688	
0.98595	0.00763949	0	0.00219506	0.58487	0	0	0	0.0515864	
0.985852	0.00769756	0	0.00221174	0.582607	0	0	0	0.0505273	
0.985753	0.00775545	0	0.00222838	0.580353	0	0	0	0.0494911	
0.985655	0.00781316	0	0.00224496	0.578107	0	0	0	0.0484772	
0.985557	0.00787069	0	0.00226149	0.57587	0	0	0	0.0474851	
0.985459	0.00792804	0	0.00227797	0.573642	0	0	0	0.0465144	
0.985361	0.00798521	0	0.00229439	0.571423	0	0	0	0.0455646	
0.985263	0.0080422	0	0.00231077	0.569212	0	0	0	0.0446353	
0.985165	0.00809901	0	0.00232709	0.56701	0	0	0	0.0437259	
0.985067	0.00815563	0	0.00234336	0.564816	0	0	0	0.0428361	
0.98497	0.00821207	0	0.00235958	0.562631	0	0	0	0.0419654	
0.984872	0.00826833	0	0.00237574	0.560455	0	0	0	0.0411135	
0.984774	0.00832441	0	0.00239185	0.558287	0	0	0	0.0402798	
0.984676	0.0083803	0	0.00240791	0.556127	0	0	0	0.0394641	
0.984578	0.00843601	0	0.00242392	0.553976	0	0	0	0.0386659	
0.98448	0.00849153	0	0.00243987	0.551834	0	0	0	0.0378848	
0.984382	0.00854687	0	0.00245577	0.549699	0	0	0	0.0371204	
0.984285	0.00860203	0	0.00247162	0.547573	0	0	0	0.0363725	
0.984187	0.008657	0	0.00248742	0.545455	0	0	0	0.0356406	
0.984089	0.00871179	0	0.00250316	0.543346	0	0	0	0.0349244	
0.983991	0.00876639	0	0.00251885	0.541245	0	0	0	0.0342235	
0.983894	0.00882081	0	0.00253448	0.539152	0	0	0	0.0335377	
0.983796	0.00887504	0	0.00255006	0.537067	0	0	0	0.0328665	
0.983698	0.00892909	0	0.00256559	0.53499	0	0	0	0.0322097	
0.983601	0.00898295	0	0.00258107	0.532921	0	0	0	0.031567	
0.983503	0.00903663	0	0.00259649	0.53086	0	0	0	0.030938	
0.983405	0.00909012	0	0.00261186	0.528808	0	0	0	0.0303224	
0.983308	0.00914343	0	0.00262718	0.526763	0	0	0	0.02972	
0.98321	0.00919656	0	0.00264244	0.524726	0	0	0	0.0291305	
0.983113	0.00924949	0	0.00265765	0.522697	0	0	0	0.0285535	
0.983015	0.00930225	0	0.00267281	0.520676	0	0	0	0.0279889	
0.982918	0.00935482	0	0.00268792	0.518663	0	0	0	0.0274363	
0.98282	0.0094072	0	0.00270297	0.516658	0	0	0	0.0268955	
0.982723	0.0094594	0	0.00271797	0.514661	0	0	0	0.0263662	
0.982625	0.00951141	0	0.00273291	0.512671	0	0	0	0.0258482	
0.982528	0.00956324	0	0.0027478	0.510689	0	0	0	0.0253413	
0.98243	0.00961489	0	0.00276264	0.508715	0	0	0	0.0248451	
0.982333	0.00966635	0	0.00277743	0.506748	0	0	0	0.0243595	
0.982235	0.00971763	0	0.00279216	0.504789	0	0	0	0.0238842	
0.982138	0.00976873	0	0.00280684	0.502838	0	0	0	0.023419	
0.982041	0.00981964	0	0.00282147	0.500894	0	0	0	0.0229637	
0.981943	0.00987037	0	0.00283605	0.498958	0	0	0	0.0225181	
0.981846	0.00992092	0	0.00285057	0.497029	0	0	0	0.0220819	
0.981748	0.00997128	0	0.00286504	0.495108	0	0	0	0.021655	
0.981651	0.0100215	0	0.00287946	0.493194	0	0	0	0.0212371	
0.981554	0.0100715	0	0.00289383	0.491288	0	0	0	0.0208281	
0.981456	0.0101213	0	0.00290814	0.489389	0	0	0	0.0204278	
0.981359	0.0101709	0	0.0029224	0.487498	0	0	0	0.0200359	
0.981262	0.0102204	0	0.00293661	0.485614	0	0	0	0.0196523	
0.981165	0.0102696	0	0.00295077	0.483737	0	0	0	0.0192769	
0.981067	0.0103187	0	0.00296488	0.481867	0	0	0	0.0189093	
0.98097	0.0103676	0	0.00297893	0.480005	0	0	0	0.0185496	
0.980873	0.0104164	0	0.00299293	0.47815	0	0	0	0.0181974	
0.980776	0.0104649	0	0.00300688	0.476302	0	0	0	0.0178527	
0.980679	0.0105133	0	0.00302078	0.474461	0	0	0	0.0175152	
0.980581	0.0105615	0	0.00303463	0.472627	0	0	0	0.0171849	
0.980484	0.0106095	0	0.00304842	0.470801	0	0	0	0.0168615	
0.980387	0.0106573	0	0.00306217	0.468982	0	0	0	0.0165449	
0.98029	0.010705	0	0.00307586	0.467169	0	0	0	0.016235	
0.980193	0.0107525	0	0.0030895	0.465364	0	0	0	0.0159316	
0.980096	0.0107998	0	0.0031031	0.463566	0	0	0	0.0156346	
0.979999	0.0108469	0	0.00311664	0.461774	0	0	0	0.0153438	
0.979902	0.0108939	0	0.00313013	0.45999	0	0	0	0.0150592	
0.979805	0.0109406	0	0.00314357	0.458212	0	0	0	0.0147805	
0.979707	0.0109872	0	0.00315695	0.456442	0	0	0	0.0145076	
0.97961	0.0110337	0	0.00317029	0.454678	0	0	0	0.0142405	
0.979513	0.0110799	0	0.00318358	0.452921	0	0	0	0.0139789	
0.979416	0.011126	0	0.00319682	0.451171	0	0	0	0.0137229	
0.979319	0.0111719	0	0.00321001	0.449428	0	0	0	0.0134722	
0.979222	0.0112176	0	0.00322315	0.447691	0	0	0	0.0132267	
0.979126	0.0112632	0	0.00323623	0.445962	0	0	0	0.0129863	
0.979029	0.0113085	0	0.00324927	0.444239	0	0	0	0.012751	
0.978932	0.0113537	0	0.00326226	0.442522	0	0	0	0.0125206	
0.978835	0.0113988	0	0.0032752	0.440812	0	0	0	0.012295	
0.978738	0.0114436	0	0.00328809	0.439109	0	0	0	0.012074	
0.978641	0.0114883	0	0.00330093	0.437413	0	0	0	0.0118577	
0.978544	0.0115329	0	0.00331373	0.435723	0	0	0	0.0116459	
0.978447	0.0115772	0	0.00332647	0.434039	0	0	0	0.0114384	
0.97835	0.0116214	0	0.00333916	0.432363	0	0	0	0.0112353	
0.978253	0.0116654	0	0.00335181	0.430692	0	0	0	0.0110364	
0.978157	0.0117093	0	0.00336441	0.429028	0	0	0	0.0108416	
0.97806	0.0117529	0	0.00337696	0.427371	0	0	0	0.0106509	
0.977963	0.0117964	0	0.00338946	0.42572	0	0	0	0.0104641	
0.977866	0.0118398	0	0.00340191	0.424075	0	0	0	0.0102811	
0.977769	0.0118829	0	0.00341432	0.422437	0	0	0	0.010102	
0.977673	0.011926	0	0.00342667	0.420805	0	0	0	0.00992653	
0.977576	0.0119688	0	0.00343898	0.419179	0	0	0	0.00975469	
0.977479	0.0120115	0	0.00345124	0.41756	0	0	0	0.0095864	
0.977382	0.012054	0	0.00346346	0.415947	0	0	0	0.00942157	
0.977286	0.0120963	0	0.00347562	0.41434	0	0	0	0.00926013	
0.977189	0.0121385	0	0.00348774	0.412739	0	0	0	0.00910201	
0.977092	0.0121805	0	0.00349982	0.411145	0	0	0	0.00894713	
0.976996	0.0122224	0	0.00351184	0.409557	0	0	0	0.00879544	
0.976899	0.0122641	0	0.00352382	0.407975	0	0	0	0.00864686	
0.976802	0.0123056	0	0.00353576	0.406399	0	0	0	0.00850132	
0.976706	0.012347	0	0.00354764	0.404829	0	0	0	0.00835875	
0.976609	0.0123882	0	0.00355948	0.403265	0	0	0	0.0082191	
0.976512	0.0124292	0	0.00357127	0.401708	0	0	0	0.00808231	
0.976416	0.0124701	0	0.00358302	0.400156	0	0	0	0.0079483	
0.976319	0.0125108	0	0.00359472	0.39861	0	0	0	0.00781703	
0.976223	0.0125514	0	0.00360638	0.397071	0	0	0	0.00768843	
0.976126	0.0125918	0	0.00361799	0.395537	0	0	0	0.00756245	
0.976029	0.0126321	0	0.00362956	0.394009	0	0	0	0.00743903	
0.975933	0.0126722	0	0.00364108	0.392487	0	0	0	0.00731811	
0.975836	0.0127121	0	0.00365255	0.390971	0	0	0	0.00719964	
0.97574	0.0127519	0	0.00366398	0.389461	0	0	0	0.00708358	
0.975643	0.0127915	0	0.00367536	0.387957	0	0	0	0.00696986	
0.975547	0.012831	0	0.0036867	0.386458	0	0	0	0.00685844	
0.97545	0.0128703	0	0.003698	0.384966	0	0	0	0.00674928	
0.975354	0.0129094	0	0.00370925	0.383479	0	0	0	0.00664231	
0.975257	0.0129484	0	0.00372046	0.381998	0	0	0	0.0065375	
0.975161	0.0129873	0	0.00373162	0.380522	0	0	0	0.0064348	
0.975064	0.013026	0	0.00374274	0.379053	0	0	0	0.00633416	
0.974968	0.0130645	0	0.00375381	0.377589	0	0	0	0.00623554	
0.974872	0.0131029	0	0.00376484	0.37613	0	0	0	0.0061389	
0.974775	0.0131411	0	0.00377583	0.374678	0	0	0	0.0060442	
0.974679	0.0131792	0	0.00378677	0.373231	0	0	0	0.00595139	
0.974582	0.0132172	0	0.00379767	0.371789	0	0	0	0.00586043	
0.974486	0.013255	0	0.00380853	0.370353	0	0	0	0.00577129	
0.97439	0.0132926	0	0.00381934	0.368923	0	0	0	0.00568393	
0.974293	0.0133301	0	0.00383011	0.367498	0	0	0	0.00559831	
0.974197	0.0133674	0	0.00384084	0.366079	0	0	0	0.00551438	
0.974101	0.0134046	0	0.00385153	0.364665	0	0	0	0.00543213	
0.974004	0.0134416	0	0.00386217	0.363257	0	0	0	0.0053515	
0.973908	0.0134785	0	0.00387277	0.361854	0	0	0	0.00527247	
0.973812	0.0135153	0	0.00388333	0.360456	0	0	0	0.00519501	
0.973715	0.0135519	0	0.00389385	0.359064	0	0	0	0.00511907	
0.973619	0.0135883	0	0.00390432	0.357678	0	0	0	0.00504463	
0.973523	0.0136247	0	0.00391475	0.356296	0	0	0	0.00497165	
0.973427	0.0136608	0	0.00392515	0.35492	0	0	0	0.00490011	
0.97333	0.0136968	0	0.0039355	0.35355	0	0	0	0.00482998	
0.973234	0.0137327	0	0.0039458	0.352184	0	0	0	0.00476122	
0.973138	0.0137685	0	0.00395607	0.350824	0	0	0	0.00469381	
0.973042	0.0138041	0	0.0039663	0.34947	0	0	0	0.00462771	
0.972946	0.0138395	0	0.00397648	0.34812	0	0	0	0.00456291	
0.972849	0.0138748	0	0.00398663	0.346776	0	0	0	0.00449936	
0.972753	0.01391	0	0.00399673	0.345437	0	0	0	0.00443706	
0.972657	0.013945	0	0.0040068	0.344103	0	0	0	0.00437596	
0.972561	0.0139799	0	0.00401682	0.342774	0	0	0	0.00431605	
0.972465	0.0140146	0	0.0040268	0.34145	0	0	0	0.0042573	
0.972369	0.0140492	0	0.00403675	0.340132	0	0	0	0.00419968	
0.972273	0.0140837	0	0.00404665	0.338818	0	0	0	0.00414318	
0.972177	0.014118	0	0.00405651	0.33751	0	0	0	0.00408777	
0.97208	0.0141522	0	0.00406634	0.336207	0	0	0	0.00403342	
0.971984	0.0141863	0	0.00407612	0.334908	0	0	0	0.00398012	
0.971888	0.0142202	0	0.00408587	0.333615	0	0	0	0.00392784	
0.971792	0.014254	0	0.00409557	0.332327	0	0	0	0.00387655	
0.971696	0.0142876	0	0.00410524	0.331044	0	0	0	0.00382625	
0.9716	0.0143211	0	0.00411487	0.329765	0	0	0	0.00377691	
0.971504	0.0143545	0	0.00412446	0.328492	0	0	0	0.00372851	
0.971408	0.0143877	0	0.00413401	0.327224	0	0	0	0.00368103	
0.971312	0.0144208	0	0.00414352	0.32596	0	0	0	0.00363445	
0.971216	0.0144538	0	0.00415299	0.324701	0	0	0	0.00358875	
0.97112	0.0144867	0	0.00416243	0.323448	0	0	0	0.00354391	
0.971024	0.0145194	0	0.00417183	0.322199	0	0	0	0.00349992	
0.970928	0.0145519	0	0.00418118	0.320955	0	0	0	0.00345676	
0.970832	0.0145844	0	0.00419051	0.319715	0	0	0	0.00341441	
0.970736	0.0146167	0	0.00419979	0.318481	0	0	0	0.00337285	
0.97064	0.0146489	0	0.00420904	0.317251	0	0	0	0.00333207	
0.970545	0.0146809	0	0.00421824	0.316026	0	0	0	0.00329206	
0.970449	0.0147128	0	0.00422742	0.314806	0	0	0	0.00325279	
0.970353	0.0147446	0	0.00423655	0.313591	0	0	0	0.00321425	
0.970257	0.0147763	0	0.00424565	0.31238	0	0	0	0.00317642	
0.970161	0.0148078	0	0.00425471	0.311174	0	0	0	0.0031393	
0.970065	0.0148392	0	0.00426373	0.309972	0	0	0	0.00310286	
0.969969	0.0148705	0	0.00427272	0.308775	0	0	0	0.0030671	
0.969874	0.0149017	0	0.00428167	0.307583	0	0	0	0.00303199	
0.969778	0.0149327	0	0.00429058	0.306396	0	0	0	0.00299753	
0.969682	0.0149636	0	0.00429946	0.305213	0	0	0	0.0029637	
0.969586	0.0149943	0	0.0043083	0.304034	0	0	0	0.00293049	
0.96949	0.015025	0	0.00431711	0.30286	0	0	0	0.00289789	
0.969395	0.0150555	0	0.00432588	0.301691	0	0	0	0.00286588	
0.969299	0.0150859	0	0.00433461	0.300526	0	0	0	0.00283445	
0.969203	0.0151162	0	0.00434331	0.299366	0	0	0	0.00280359	
0.969107	0.0151463	0	0.00435197	0.29821	0	0	0	0.00277329	
0.969012	0.0151764	0	0.0043606	0.297059	0	0	0	0.00274353	
0.968916	0.0152063	0	0.00436919	0.295912	0	0	0	0.00271432	
0.96882	0.0152361	0	0.00437775	0.294769	0	0	0	0.00268562	
0.968724	0.0152657	0	0.00438627	0.293631	0	0	0	0.00265744	
0.968629	0.0152953	0	0.00439476	0.292498	0	0	0	0.00262977	
0.968533	0.0153247	0	0.00440321	0.291369	0	0	0	0.00260258	
0.968437	0.015354	0	0.00441163	0.290244	0	0	0	0.00257588	
0.968342	0.0153832	0	0.00442002	0.289123	0	0	0	0.00254966	
0.968246	0.0154122	0	0.00442837	0.288007	0	0	0	0.0025239	
0.96815	0.0154412	0	0.00443668	0.286895	0	0	0	0.00249859	
0.968055	0.01547	0	0.00444497	0.285787	0	0	0	0.00247373	
0.967959	0.0154987	0	0.00445321	0.284684	0	0	0	0.0024493	
0.967864	0.0155273	0	0.00446143	0.283585	0	0	0	0.00242531	
0.967768	0.0155558	0	0.00446961	0.28249	0	0	0	0.00240173	
0.967672	0.0155841	0	0.00447775	0.2814	0	0	0	0.00237856	
0.967577	0.0156123	0	0.00448587	0.280313	0	0	0	0.0023558	
0.967481	0.0156405	0	0.00449395	0.279231	0	0	0	0.00233343	
0.967386	0.0156685	0	0.004502	0.278153	0	0	0	0.00231144	
0.96729	0.0156964	0	0.00451001	0.277079	0	0	0	0.00228984	
0.967195	0.0157241	0	0.00451799	0.27601	0	0	0	0.00226861	
0.967099	0.0157518	0	0.00452594	0.274944	0	0	0	0.00224774	
0.967004	0.0157794	0	0.00453385	0.273883	0	0	0	0.00222723	
0.966908	0.0158068	0	0.00454174	0.272825	0	0	0	0.00220706	
0.966813	0.0158341	0	0.00454959	0.271772	0	0	0	0.00218724	
0.966717	0.0158613	0	0.00455741	0.270723	0	0	0	0.00216776	
0.966622	0.0158884	0	0.00456519	0.269678	0	0	0	0.0021486	
0.966526	0.0159154	0	0.00457295	0.268637	0	0	0	0.00212977	
0.966431	0.0159423	0	0.00458067	0.2676	0	0	0	0.00211125	
0.966335	0.015969	0	0.00458836	0.266567	0	0	0	0.00209305	
0.96624	0.0159957	0	0.00459602	0.265538	0	0	0	0.00207515	
0.966145	0.0160222	0	0.00460364	0.264513	0	0	0	0.00205754	
0.966049	0.0160487	0	0.00461124	0.263492	0	0	0	0.00204023	
0.965954	0.016075	0	0.0046188	0.262475	0	0	0	0.00202321	
0.965858	0.0161012	0	0.00462634	0.261461	0	0	0	0.00200646	
0.965763	0.0161273	0	0.00463384	0.260452	0	0	0	0.00198999	
0.965668	0.0161533	0	0.00464131	0.259447	0	0	0	0.00197379	
0.965572	0.0161792	0	0.00464875	0.258445	0	0	0	0.00195786	
0.965477	0.016205	0	0.00465616	0.257448	0	0	0	0.00194219	
0.965382	0.0162307	0	0.00466354	0.256454	0	0	0	0.00192677	
0.965286	0.0162563	0	0.00467088	0.255464	0	0	0	0.00191159	
0.965191	0.0162817	0	0.0046782	0.254478	0	0	0	0.00189667	
0.965096	0.0163071	0	0.00468549	0.253495	0	0	0	0.00188198	
0.965	0.0163323	0	0.00469274	0.252517	0	0	0	0.00186753	
0.964905	0.0163575	0	0.00469997	0.251542	0	0	0	0.00185331	
0.96481	0.0163825	0	0.00470717	0.250571	0	0	0	0.00183932	
0.964715	0.0164075	0	0.00471434	0.249604	0	0	0	0.00182555	
0.964619	0.0164323	0	0.00472147	0.248641	0	0	0	0.001812	
0.964524	0.0164571	0	0.00472858	0.247681	0	0	0	0.00179866	
0.964429	0.0164817	0	0.00473566	0.246725	0	0	0	0.00178553	
0.964334	0.0165062	0	0.00474271	0.245773	0	0	0	0.00177261	
0.964238	0.0165307	0	0.00474973	0.244824	0	0	0	0.00175989	
0.964143	0.016555	0	0.00475672	0.243879	0	0	0	0.00174736	
0.964048	0.0165792	0	0.00476368	0.242938	0	0	0	0.00173503	
0.963953	0.0166033	0	0.00477061	0.242	0	0	0	0.00172289	
0.963858	0.0166274	0	0.00477751	0.241066	0	0	0	0.00171094	
0.963763	0.0166513	0	0.00478439	0.240135	0	0	0	0.00169917	
0.963667	0.0166751	0	0.00479123	0.239208	0	0	0	0.00168758	
0.963572	0.0166988	0	0.00479805	0.238285	0	0	0	0.00167617	
0.963477	0.0167225	0	0.00480484	0.237365	0	0	0	0.00166493	
0.963382	0.016746	0	0.0048116	0.236449	0	0	0	0.00165386	
0.963287	0.0167694	0	0.00481833	0.235537	0	0	0	0.00164296	
0.963192	0.0167928	0	0.00482504	0.234628	0	0	0	0.00163222	
0.963097	0.016816	0	0.00483171	0.233722	0	0	0	0.00162165	
0.963002	0.0168391	0	0.00483836	0.23282	0	0	0	0.00161123	
0.962907	0.0168622	0	0.00484498	0.231921	0	0	0	0.00160096	
0.962812	0.0168851	0	0.00485157	0.231026	0	0	0	0.00159085	
0.962717	0.016908	0	0.00485814	0.230134	0	0	0	0.00158089	
0.962622	0.0169307	0	0.00486468	0.229246	0	0	0	0.00157107	
0.962527	0.0169534	0	0.00487119	0.228361	0	0	0	0.0015614	
0.962432	0.016976	0	0.00487767	0.22748	0	0	0	0.00155187	
0.962337	0.0169984	0	0.00488412	0.226602	0	0	0	0.00154247	
0.962242	0.0170208	0	0.00489055	0.225728	0	0	0	0.00153321	
0.962147	0.0170431	0	0.00489696	0.224856	0	0	0	0.00152409	
0.962052	0.0170653	0	0.00490333	0.223989	0	0	0	0.0015151	
0.961957	0.0170874	0	0.00490968	0.223124	0	0	0	0.00150624	
0.961862	0.0171094	0	0.004916	0.222263	0	0	0	0.0014975	
0.961767	0.0171313	0	0.0049223	0.221405	0	0	0	0.00148889	
0.961672	0.0171531	0	0.00492856	0.220551	0	0	0	0.0014804	
0.961577	0.0171748	0	0.00493481	0.219699	0	0	0	0.00147203	
0.961482	0.0171964	0	0.00494102	0.218852	0	0	0	0.00146377	
0.961387	0.017218	0	0.00494721	0.218007	0	0	0	0.00145564	
0.961292	0.0172394	0	0.00495338	0.217166	0	0	0	0.00144761	
0.961198	0.0172608	0	0.00495951	0.216327	0	0	0	0.0014397	
0.961103	0.0172821	0	0.00496563	0.215493	0	0	0	0.0014319	
0.961008	0.0173033	0	0.00497171	0.214661	0	0	0	0.00142421	
0.960913	0.0173243	0	0.00497777	0.213833	0	0	0	0.00141662	
0.960818	0.0173454	0	0.00498381	0.213007	0	0	0	0.00140913	
0.960723	0.0173663	0	0.00498982	0.212185	0	0	0	0.00140175	
0.960629	0.0173871	0	0.0049958	0.211366	0	0	0	0.00139447	
0.960534	0.0174078	0	0.00500176	0.210551	0	0	0	0.00138729	
0.960439	0.0174285	0	0.00500769	0.209738	0	0	0	0.0013802	
0.960344	0.017449	0	0.0050136	0.208929	0	0	0	0.00137321	
0.960249	0.0174695	0	0.00501949	0.208122	0	0	0	0.00136631	
0.960155	0.0174899	0	0.00502534	0.207319	0	0	0	0.00135951	
0.96006	0.0175102	0	0.00503118	0.206519	0	0	0	0.00135279	
0.959965	0.0175304	0	0.00503699	0.205722	0	0	0	0.00134617	
0.95987	0.0175506	0	0.00504277	0.204928	0	0	0	0.00133963	
0.959776	0.0175706	0	0.00504853	0.204138	0	0	0	0.00133318	
0.959681	0.0175906	0	0.00505427	0.20335	0	0	0	0.00132682	
0.959586	0.0176105	0	0.00505998	0.202565	0	0	0	0.00132053	
0.959492	0.0176303	0	0.00506567	0.201783	0	0	0	0.00131433	
0.959397	0.01765	0	0.00507133	0.201005	0	0	0	0.00130821	
0.959302	0.0176696	0	0.00507697	0.200229	0	0	0	0.00130217	
0.959208	0.0176891	0	0.00508258	0.199456	0	0	0	0.0012962	
0.959113	0.0177086	0	0.00508817	0.198687	0	0	0	0.00129032	
0.959018	0.017728	0	0.00509374	0.19792	0	0	0	0.00128451	
0.958924	0.0177473	0	0.00509929	0.197156	0	0	0	0.00127877	
0.958829	0.0177665	0	0.00510481	0.196395	0	0	0	0.0012731	
0.958734	0.0177856	0	0.0051103	0.195638	0	0	0	0.00126751	
0.95864	0.0178046	0	0.00511578	0.194883	0	0	0	0.00126199	
0.958545	0.0178236	0	0.00512123	0.194131	0	0	0	0.00125653	
0.958451	0.0178425	0	0.00512665	0.193382	0	0	0	0.00125115	
0.958356	0.0178613	0	0.00513206	0.192635	0	0	0	0.00124583	
0.958262	0.01788	0	0.00513744	0.191892	0	0	0	0.00124058	
0.958167	0.0178987	0	0.00514279	0.191152	0	0	0	0.0012354	
0.958073	0.0179172	0	0.00514813	0.190414	0	0	0	0.00123027	
0.957978	0.0179357	0	0.00515344	0.189679	0	0	0	0.00122522	
0.957884	0.0179541	0	0.00515873	0.188947	0	0	0	0.00122022	
0.957789	0.0179725	0	0.005164	0.188218	0	0	0	0.00121529	
0.957695	0.0179907	0	0.00516924	0.187492	0	0	0	0.00121041	
0.9576	0.0180089	0	0.00517446	0.186769	0	0	0	0.0012056	
0.957506	0.018027	0	0.00517966	0.186048	0	0	0	0.00120084	
0.957411	0.018045	0	0.00518484	0.18533	0	0	0	0.00119614	
0.957317	0.0180629	0	0.00518999	0.184615	0	0	0	0.0011915	
0.957222	0.0180808	0	0.00519512	0.183903	0	0	0	0.00118691	
0.957128	0.0180986	0	0.00520023	0.183193	0	0	0	0.00118238	
0.957033	0.0181163	0	0.00520532	0.182486	0	0	0	0.0011779	
0.956939	0.0181339	0	0.00521039	0.181782	0	0	0	0.00117348	
0.956845	0.0181515	0	0.00521544	0.181081	0	0	0	0.00116911	
0.95675	0.018169	0	0.00522046	0.180382	0	0	0	0.00116479	
0.956656	0.0181864	0	0.00522546	0.179686	0	0	0	0.00116052	
0.956561	0.0182037	0	0.00523044	0.178993	0	0	0	0.0011563	
0.956467	0.018221	0	0.0052354	0.178302	0	0	0	0.00115213	
0.956373	0.0182382	0	0.00524034	0.177614	0	0	0	0.00114801	
0.956278	0.0182553	0	0.00524525	0.176929	0	0	0	0.00114394	
0.956184	0.0182723	0	0.00525015	0.176246	0	0	0	0.00113992	
0.95609	0.0182893	0	0.00525502	0.175566	0	0	0	0.00113594	
0.955995	0.0183062	0	0.00525987	0.174889	0	0	0	0.00113201	
0.955901	0.018323	0	0.00526471	0.174214	0	0	0	0.00112813	
0.955807	0.0183397	0	0.00526952	0.173542	0	0	0	0.00112429	
0.955713	0.0183564	0	0.00527431	0.172873	0	0	0	0.00112049	
0.955618	0.018373	0	0.00527908	0.172206	0	0	0	0.00111674	
0.955524	0.0183895	0	0.00528383	0.171541	0	0	0	0.00111303	
0.95543	0.018406	0	0.00528856	0.170879	0	0	0	0.00110937	
0.955336	0.0184224	0	0.00529326	0.17022	0	0	0	0.00110574	
0.955241	0.0184387	0	0.00529795	0.169563	0	0	0	0.00110216	
0.955147	0.0184549	0	0.00530262	0.168909	0	0	0	0.00109862	
0.955053	0.0184711	0	0.00530727	0.168258	0	0	0	0.00109512	
0.954959	0.0184872	0	0.00531189	0.167608	0	0	0	0.00109166	
0.954864	0.0185032	0	0.0053165	0.166962	0	0	0	0.00108824	
0.95477	0.0185192	0	0.00532109	0.166318	0	0	0	0.00108485	
0.954676	0.0185351	0	0.00532565	0.165676	0	0	0	0.00108151	
0.954582	0.0185509	0	0.0053302	0.165037	0	0	0	0.0010782	
0.954488	0.0185667	0	0.00533473	0.1644	0	0	0	0.00107493	
0.954394	0.0185824	0	0.00533923	0.163766	0	0	0	0.0010717	
0.9543	0.018598	0	0.00534372	0.163134	0	0	0	0.00106851	
0.954205	0.0186135	0	0.00534819	0.162505	0	0	0	0.00106535	
0.954111	0.018629	0	0.00535264	0.161878	0	0	0	0.00106222	
0.954017	0.0186444	0	0.00535707	0.161253	0	0	0	0.00105913	
0.953923	0.0186598	0	0.00536148	0.160631	0	0	0	0.00105608	
0.953829	0.0186751	0	0.00536587	0.160012	0	0	0	0.00105306	
0.953735	0.0186903	0	0.00537024	0.159394	0	0	0	0.00105007	
0.953641	0.0187054	0	0.0053746	0.15878	0	0	0	0.00104712	
0.953547	0.0187205	0	0.00537893	0.158167	0	0	0	0.0010442	
0.953453	0.0187355	0	0.00538324	0.157557	0	0	0	0.00104131	
0.953359	0.0187505	0	0.00538754	0.156949	0	0	0	0.00103846	
0.953265	0.0187654	0	0.00539182	0.156344	0	0	0	0.00103563	
0.953171	0.0187802	0	0.00539608	0.155741	0	0	0	0.00103284	
0.953077	0.018795	0	0.00540032	0.15514	0	0	0	0.00103008	
0.952983	0.0188096	0	0.00540454	0.154541	0	0	0	0.00102735	
0.952889	0.0188243	0	0.00540874	0.153945	0	0	0	0.00102465	
0.952795	0.0188388	0	0.00541292	0.153351	0	0	0	0.00102199	
0.952701	0.0188533	0	0.00541709	0.15276	0	0	0	0.00101935	
0.952607	0.0188678	0	0.00542124	0.152171	0	0	0	0.00101674	
0.952513	0.0188821	0	0.00542537	0.151584	0	0	0	0.00101416	
0.952419	0.0188964	0	0.00542948	0.150999	0	0	0	0.00101161	
0.952325	0.0189107	0	0.00543357	0.150416	0	0	0	0.00100909	
0.952231	0.0189249	0	0.00543765	0.149836	0	0	0	0.00100659	
0.952137	0.018939	0	0.0054417	0.149258	0	0	0	0.00100413	
0.952043	0.0189531	0	0.00544574	0.148683	0	0	0	0.00100169	
0.95195	0.0189671	0	0.00544976	0.148109	0	0	0	0.000999282	
0.951856	0.018981	0	0.00545377	0.147538	0	0	0	0.000996899	
0.951762	0.0189949	0	0.00545775	0.146969	0	0	0	0.000994544	
0.951668	0.0190087	0	0.00546172	0.146402	0	0	0	0.000992215	
0.951574	0.0190224	0	0.00546567	0.145837	0	0	0	0.000989913	
0.95148	0.0190361	0	0.00546961	0.145275	0	0	0	0.000987637	
0.951386	0.0190497	0	0.00547352	0.144714	0	0	0	0.000985387	
0.951293	0.0190633	0	0.00547742	0.144156	0	0	0	0.000983163	
0.951199	0.0190768	0	0.0054813	0.1436	0	0	0	0.000980964	
0.951105	0.0190903	0	0.00548517	0.143046	0	0	0	0.000978791	
0.951011	0.0191037	0	0.00548901	0.142495	0	0	0	0.000976643	
0.950917	0.019117	0	0.00549284	0.141945	0	0	0	0.000974519	
0.950824	0.0191303	0	0.00549666	0.141397	0	0	0	0.000972421	
0.95073	0.0191435	0	0.00550045	0.140852	0	0	0	0.000970347	
0.950636	0.0191566	0	0.00550423	0.140309	0	0	0	0.000968297	
0.950542	0.0191697	0	0.00550799	0.139768	0	0	0	0.000966271	
0.950449	0.0191827	0	0.00551174	0.139229	0	0	0	0.000964269	
0.950355	0.0191957	0	0.00551547	0.138692	0	0	0	0.00096229	
0.950261	0.0192086	0	0.00551918	0.138157	0	0	0	0.000960335	
0.950168	0.0192215	0	0.00552288	0.137624	0	0	0	0.000958404	
0.950074	0.0192343	0	0.00552656	0.137093	0	0	0	0.000956495	
0.94998	0.0192471	0	0.00553022	0.136564	0	0	0	0.00095461	
0.949887	0.0192598	0	0.00553387	0.136038	0	0	0	0.000952747	
0.949793	0.0192724	0	0.0055375	0.135513	0	0	0	0.000950907	
0.949699	0.019285	0	0.00554111	0.134991	0	0	0	0.000949089	
0.949606	0.0192975	0	0.00554471	0.13447	0	0	0	0.000947293	
0.949512	0.01931	0	0.00554829	0.133951	0	0	0	0.00094552	
0.949418	0.0193224	0	0.00555186	0.133435	0	0	0	0.000943769	
0.949325	0.0193347	0	0.00555541	0.13292	0	0	0	0.000942039	
0.949231	0.019347	0	0.00555894	0.132408	0	0	0	0.000940331	
0.949138	0.0193593	0	0.00556246	0.131897	0	0	0	0.000938645	
0.949044	0.0193715	0	0.00556596	0.131388	0	0	0	0.00093698	
0.948951	0.0193836	0	0.00556945	0.130882	0	0	0	0.000935337	
0.948857	0.0193957	0	0.00557292	0.130377	0	0	0	0.000933714	
0.948763	0.0194077	0	0.00557637	0.129874	0	0	0	0.000932113	
0.94867	0.0194197	0	0.00557981	0.129373	0	0	0	0.000930532	
0.948576	0.0194316	0	0.00558324	0.128874	0	0	0	0.000928972	
0.948483	0.0194434	0	0.00558664	0.128377	0	0	0	0.000927433	
0.948389	0.0194553	0	0.00559004	0.127882	0	0	0	0.000925915	
0.948296	0.019467	0	0.00559342	0.127389	0	0	0	0.000924417	
0.948202	0.0194787	0	0.00559678	0.126898	0	0	0	0.000922939	
0.948109	0.0194904	0	0.00560013	0.126409	0	0	0	0.000921481	
0.948015	0.019502	0	0.00560346	0.125921	0	0	0	0.000920044	
0.947922	0.0195135	0	0.00560678	0.125436	0	0	0	0.000918627	
0.947829	0.019525	0	0.00561008	0.124952	0	0	0	0.000917229	
0.947735	0.0195364	0	0.00561337	0.12447	0	0	0	0.000915852	
0.947642	0.0195478	0	0.00561664	0.12399	0	0	0	0.000914494	
0.947548	0.0195592	0	0.0056199	0.123512	0	0	0	0.000913156	
0.947455	0.0195705	0	0.00562314	0.123036	0	0	0	0.000911837	
0.947361	0.0195817	0	0.00562637	0.122561	0	0	0	0.000910538	
0.947268	0.0195929	0	0.00562958	0.122089	0	0	0	0.000909259	
0.947175	0.019604	0	0.00563278	0.121618	0	0	0	0.000907998	
0.947081	0.0196151	0	0.00563596	0.121149	0	0	0	0.000906757	
0.946988	0.0196261	0	0.00563913	0.120682	0	0	0	0.000905536	
0.946895	0.0196371	0	0.00564229	0.120217	0	0	0	0.000904333	
0.946801	0.019648	0	0.00564543	0.119753	0	0	0	0.00090315	
0.946708	0.0196589	0	0.00564856	0.119291	0	0	0	0.000901986	
0.946615	0.0196698	0	0.00565167	0.118831	0	0	0	0.00090084	
0.946521	0.0196805	0	0.00565477	0.118373	0	0	0	0.000899714	
0.946428	0.0196913	0	0.00565785	0.117917	0	0	0	0.000898606	
0.946335	0.019702	0	0.00566092	0.117462	0	0	0	0.000897518	
0.946241	0.0197126	0	0.00566398	0.117009	0	0	0	0.000896448	
0.946148	0.0197232	0	0.00566702	0.116558	0	0	0	0.000895397	
0.946055	0.0197337	0	0.00567005	0.116109	0	0	0	0.000894365	
0.945962	0.0197442	0	0.00567306	0.115661	0	0	0	0.000893351	
0.945868	0.0197547	0	0.00567606	0.115215	0	0	0	0.000892356	
0.945775	0.019765	0	0.00567905	0.114771	0	0	0	0.00089138	
0.945682	0.0197754	0	0.00568202	0.114329	0	0	0	0.000890422	
0.945589	0.0197857	0	0.00568498	0.113888	0	0	0	0.000889483	
0.945495	0.0197959	0	0.00568793	0.113449	0	0	0	0.000888562	
0.945402	0.0198062	0	0.00569086	0.113011	0	0	0	0.00088766	
0.945309	0.0198163	0	0.00569378	0.112576	0	0	0	0.000886777	
0.945216	0.0198264	0	0.00569668	0.112142	0	0	0	0.000885911	
0.945123	0.0198365	0	0.00569957	0.111709	0	0	0	0.000885065	
0.94503	0.0198465	0	0.00570245	0.111279	0	0	0	0.000884237	
0.944936	0.0198565	0	0.00570532	0.11085	0	0	0	0.000883427	
0.944843	0.0198664	0	0.00570817	0.110422	0	0	0	0.000882636	
0.94475	0.0198763	0	0.00571101	0.109997	0	0	0	0.000881864	
0.944657	0.0198861	0	0.00571383	0.109573	0	0	0	0.00088111	
0.944564	0.0198959	0	0.00571664	0.10915	0	0	0	0.000880374	
0.944471	0.0199056	0	0.00571944	0.10873	0	0	0	0.000879657	
0.944378	0.0199153	0	0.00572223	0.10831	0	0	0	0.000878958	
0.944285	0.019925	0	0.005725	0.107893	0	0	0	0.000878278	
0.944192	0.0199346	0	0.00572776	0.107477	0	0	0	0.000877617	
0.944099	0.0199442	0	0.00573051	0.107063	0	0	0	0.000876974	
0.944006	0.0199537	0	0.00573325	0.10665	0	0	0	0.000876349	
0.943913	0.0199631	0	0.00573597	0.106239	0	0	0	0.000875744	
0.943819	0.0199726	0	0.00573868	0.105829	0	0	0	0.000875157	
0.943726	0.019982	0	0.00574137	0.105421	0	0	0	0.000874588	
0.943633	0.0199913	0	0.00574406	0.105015	0	0	0	0.000874039	
0.94354	0.0200006	0	0.00574673	0.10461	0	0	0	0.000873508	
0.943447	0.0200099	0	0.00574939	0.104207	0	0	0	0.000872996	
0.943354	0.0200191	0	0.00575204	0.103805	0	0	0	0.000872503	
0.943262	0.0200282	0	0.00575467	0.103405	0	0	0	0.000872029	
0.943169	0.0200374	0	0.00575729	0.103007	0	0	0	0.000871574	
0.943076	0.0200464	0	0.0057599	0.10261	0	0	0	0.000871138	
0.942983	0.0200555	0	0.0057625	0.102214	0	0	0	0.00087072	
0.94289	0.0200645	0	0.00576508	0.10182	0	0	0	0.000870323	
0.942797	0.0200734	0	0.00576766	0.101428	0	0	0	0.000869944	
0.942704	0.0200823	0	0.00577022	0.101037	0	0	0	0.000869584	
0.942611	0.0200912	0	0.00577277	0.100647	0	0	0	0.000869244	
0.942518	0.0201	0	0.0057753	0.10026	0	0	0	0.000868924	
0.942425	0.0201088	0	0.00577783	0.0998731	0	0	0	0.000868623	
0.942332	0.0201176	0	0.00578034	0.0994882	0	0	0	0.000868342	
0.942239	0.0201263	0	0.00578284	0.0991048	0	0	0	0.00086808	
0.942147	0.020135	0	0.00578533	0.0987228	0	0	0	0.000867838	
0.942054	0.0201436	0	0.00578781	0.0983423	0	0	0	0.000867616	
0.941961	0.0201522	0	0.00579028	0.0979633	0	0	0	0.000867414	
0.941868	0.0201607	0	0.00579273	0.0975858	0	0	0	0.000867233	
0.941775	0.0201692	0	0.00579517	0.0972097	0	0	0	0.000867071	
0.941682	0.0201777	0	0.0057976	0.0968351	0	0	0	0.00086693	
0.94159	0.0201861	0	0.00580002	0.0964619	0	0	0	0.000866809	
0.941497	0.0201945	0	0.00580243	0.0960901	0	0	0	0.000866709	
0.941404	0.0202028	0	0.00580483	0.0957198	0	0	0	0.00086663	
0.941311	0.0202111	0	0.00580721	0.095351	0	0	0	0.000866572	
0.941219	0.0202194	0	0.00580959	0.0949835	0	0	0	0.000866535	
0.941126	0.0202276	0	0.00581195	0.0946175	0	0	0	0.000866518	
0.941033	0.0202358	0	0.0058143	0.0942529	0	0	0	0.000866524	
0.94094	0.0202439	0	0.00581664	0.0938897	0	0	0	0.00086655	
0.940848	0.020252	0	0.00581897	0.0935279	0	0	0	0.000866599	
0.940755	0.0202601	0	0.00582129	0.0931675	0	0	0	0.000866669	
0.940662	0.0202681	0	0.00582359	0.0928085	0	0	0	0.000866761	
0.94057	0.0202761	0	0.00582589	0.0924508	0	0	0	0.000866876	
0.940477	0.0202841	0	0.00582817	0.0920946	0	0	0	0.000867013	
0.940384	0.020292	0	0.00583045	0.0917397	0	0	0	0.000867172	
0.940292	0.0202998	0	0.00583271	0.0913862	0	0	0	0.000867354	
0.940199	0.0203077	0	0.00583496	0.0910341	0	0	0	0.000867559	
0.940106	0.0203155	0	0.0058372	0.0906833	0	0	0	0.000867788	
0.940014	0.0203232	0	0.00583943	0.0903339	0	0	0	0.00086804	
0.939921	0.020331	0	0.00584165	0.0899859	0	0	0	0.000868315	
0.939828	0.0203387	0	0.00584386	0.0896392	0	0	0	0.000868615	
0.939736	0.0203463	0	0.00584606	0.0892938	0	0	0	0.000868938	
0.939643	0.0203539	0	0.00584825	0.0889497	0	0	0	0.000869287	
0.939551	0.0203615	0	0.00585042	0.088607	0	0	0	0.000869659	
0.939458	0.020369	0	0.00585259	0.0882656	0	0	0	0.000870057	
0.939365	0.0203765	0	0.00585474	0.0879256	0	0	0	0.00087048	
0.939273	0.020384	0	0.00585689	0.0875868	0	0	0	0.000870929	
0.93918	0.0203914	0	0.00585903	0.0872494	0	0	0	0.000871403	
0.939088	0.0203988	0	0.00586115	0.0869132	0	0	0	0.000871904	
0.938995	0.0204062	0	0.00586326	0.0865784	0	0	0	0.000872431	
0.938903	0.0204135	0	0.00586537	0.0862448	0	0	0	0.000872986	
0.93881	0.0204208	0	0.00586746	0.0859126	0	0	0	0.000873567	
0.938718	0.0204281	0	0.00586955	0.0855816	0	0	0	0.000874176	
0.938625	0.0204353	0	0.00587162	0.0852519	0	0	0	0.000874813	
0.938533	0.0204425	0	0.00587368	0.0849235	0	0	0	0.000875478	
0.93844	0.0204496	0	0.00587574	0.0845963	0	0	0	0.000876172	
0.938348	0.0204567	0	0.00587778	0.0842705	0	0	0	0.000876895	
0.938255	0.0204638	0	0.00587981	0.0839458	0	0	0	0.000877648	
0.938163	0.0204708	0	0.00588184	0.0836225	0	0	0	0.000878431	
0.938071	0.0204778	0	0.00588385	0.0833003	0	0	0	0.000879244	
0.937978	0.0204848	0	0.00588586	0.0829795	0	0	0	0.000880088	
0.937886	0.0204918	0	0.00588785	0.0826598	0	0	0	0.000880964	
0.937793	0.0204987	0	0.00588983	0.0823414	0	0	0	0.000881872	
0.937701	0.0205055	0	0.00589181	0.0820242	0	0	0	0.000882813	
0.937609	0.0205124	0	0.00589377	0.0817083	0	0	0	0.000883787	
0.937516	0.0205192	0	0.00589573	0.0813936	0	0	0	0.000884794	
0.937424	0.0205259	0	0.00589767	0.0810801	0	0	0	0.000885836	
0.937331	0.0205327	0	0.00589961	0.0807678	0	0	0	0.000886913	
0.937239	0.0205394	0	0.00590154	0.0804567	0	0	0	0.000888025	
0.937147	0.0205461	0	0.00590345	0.0801468	0	0	0	0.000889174	
0.937054	0.0205527	0	0.00590536	0.0798381	0	0	0	0.00089036	
0.936962	0.0205593	0	0.00590726	0.0795306	0	0	0	0.000891584	
0.93687	0.0205659	0	0.00590915	0.0792243	0	0	0	0.000892846	
0.936778	0.0205724	0	0.00591103	0.0789192	0	0	0	0.000894148	
0.936685	0.0205789	0	0.0059129	0.0786152	0	0	0	0.000895489	
0.936593	0.0205854	0	0.00591476	0.0783125	0	0	0	0.000896872	
0.936501	0.0205919	0	0.00591661	0.0780109	0	0	0	0.000898298	
0.936408	0.0205983	0	0.00591845	0.0777104	0	0	0	0.000899766	
0.936316	0.0206047	0	0.00592029	0.0774112	0	0	0	0.000901278	
0.936224	0.020611	0	0.00592211	0.077113	0	0	0	0.000902835	
0.936132	0.0206173	0	0.00592393	0.0768161	0	0	0	0.000904438	
0.93604	0.0206236	0	0.00592573	0.0765203	0	0	0	0.000906089	
0.935947	0.0206299	0	0.00592753	0.0762256	0	0	0	0.000907788	
0.935855	0.0206361	0	0.00592932	0.0759321	0	0	0	0.000909538	
0.935763	0.0206423	0	0.0059311	0.0756397	0	0	0	0.000911338	
0.935671	0.0206484	0	0.00593287	0.0753484	0	0	0	0.000913191	
0.935579	0.0206546	0	0.00593463	0.0750583	0	0	0	0.000915098	
0.935486	0.0206607	0	0.00593639	0.0747693	0	0	0	0.000917061	
0.935394	0.0206667	0	0.00593813	0.0744814	0	0	0	0.000919082	
0.935302	0.0206728	0	0.00593987	0.0741946	0	0	0	0.000921161	
0.93521	0.0206788	0	0.00594159	0.0739089	0	0	0	0.000923302	
0.935118	0.0206848	0	0.00594331	0.0736243	0	0	0	0.000925506	
0.935026	0.0206907	0	0.00594502	0.0733408	0	0	0	0.000927775	
0.934934	0.0206967	0	0.00594672	0.0730585	0	0	0	0.000930111	
0.934842	0.0207025	0	0.00594842	0.0727772	0	0	0	0.000932517	
0.934749	0.0207084	0	0.0059501	0.072497	0	0	0	0.000934995	
0.934657	0.0207142	0	0.00595178	0.0722179	0	0	0	0.000937549	
0.934565	0.02072	0	0.00595344	0.0719399	0	0	0	0.000940181	
0.934473	0.0207258	0	0.0059551	0.0716629	0	0	0	0.000942894	
0.934381	0.0207316	0	0.00595675	0.071387	0	0	0	0.000945691	
0.934289	0.0207373	0	0.0059584	0.0711122	0	0	0	0.000948576	
0.934197	0.020743	0	0.00596003	0.0708384	0	0	0	0.000951554	
0.934105	0.0207486	0	0.00596166	0.0705657	0	0	0	0.000954627	
0.934013	0.0207543	0	0.00596328	0.0702941	0	0	0	0.000957802	
0.933921	0.0207599	0	0.00596489	0.0700235	0	0	0	0.000961082	
0.933829	0.0207654	0	0.00596649	0.069754	0	0	0	0.000964474	
0.933737	0.020771	0	0.00596808	0.0694855	0	0	0	0.000967982	
0.933645	0.0207765	0	0.00596967	0.069218	0	0	0	0.000971614	
0.933553	0.020782	0	0.00597125	0.0689516	0	0	0	0.000975377	
0.933461	0.0207875	0	0.00597282	0.0686862	0	0	0	0.000979278	
0.933369	0.0207929	0	0.00597438	0.0684218	0	0	0	0.000983325	
0.933277	0.0207983	0	0.00597594	0.0681585	0	0	0	0.000987529	
0.933186	0.0208037	0	0.00597748	0.0678962	0	0	0	0.000991898	
0.933094	0.0208091	0	0.00597902	0.0676349	0	0	0	0.000996446	
0.933002	0.0208144	0	0.00598056	0.0673746	0	0	0	0.00100118	
0.93291	0.0208197	0	0.00598208	0.0671153	0	0	0	0.00100613	
0.932818	0.020825	0	0.0059836	0.066857	0	0	0	0.00101129	
0.932726	0.0208302	0	0.00598511	0.0665997	0	0	0	0.0010167	
0.932634	0.0208355	0	0.00598661	0.0663434	0	0	0	0.00102236	
