1	0	0	0	1	0	0	0	1	
0.999968	0	0	0	0.994517	0	0	0	0.982283	
0.999936	0	0	0	0.989107	0	0	0	0.965121	
0.999905	0	0	0	0.983726	0	0	0	0.948259	
0.999873	0	0	0	0.978374	0	0	0	0.931692	
0.999841	0	0	0	0.973051	0	0	0	0.915414	
0.99981	0	0	0	0.967757	0	0	0	0.89942	
0.999778	0	0	0	0.962493	0	0	0	0.883706	
0.999746	0	0	0	0.957256	0	0	0	0.868267	
0.999714	0	0	0	0.952049	0	0	0	0.853097	
0.999683	0	0	0	0.946869	0	0	0	0.838192	
0.999651	0	0	0	0.941718	0	0	0	0.823547	
0.999619	0	0	0	0.936595	0	0	0	0.809159	
0.999588	0	0	0	0.931499	0	0	0	0.795022	
0.999556	0	0	0	0.926432	0	0	0	0.781132	
0.999524	0	0	0	0.921392	0	0	0	0.767484	
0.999492	0	0	0	0.916379	0	0	0	0.754075	
0.999461	0	0	0	0.911394	0	0	0	0.7409	
0.999429	0	0	0	0.906436	0	0	0	0.727956	
0.999397	0	0	0	0.901504	0	0	0	0.715237	
0.999366	0	0	0	0.8966	0	0	0	0.702741	
0.999334	0	0	0	0.891722	0	0	0	0.690463	
0.999302	0	0	0	0.886871	0	0	0	0.6784	
0.99927	0	0	0	0.882046	0	0	0	0.666547	
0.999239	0	0	0	0.877247	0	0	0	0.654902	
0.999207	0	0	0	0.872475	0	0	0	0.643459	
0.999175	0	0	0	0.867728	0	0	0	0.632217	
0.999144	0	0	0	0.863008	0	0	0	0.621172	
0.999112	0	0	0	0.858313	0	0	0	0.610319	
0.99908	0	0	0	0.853643	0	0	0	0.599656	
0.999049	0	0	0	0.848999	0	0	0	0.589179	
0.999017	0	0	0	0.84438	0	0	0	0.578885	
0.998985	0	0	0	0.839787	0	0	0	0.568771	
0.998954	0	0	0	0.835218	0	0	0	0.558834	
0.998922	0	0	0	0.830674	0	0	0	0.54907	
0.99889	0	0	0	0.826155	0	0	0	0.539477	
0.998858	0	0	0	0.821661	0	0	0	0.530052	
0.998827	0	0	0	0.817191	0	0	0	0.520791	
0.998795	0	0	0	0.812745	0	0	0	0.511692	
0.998763	0	0	0	0.808323	0	0	0	0.502752	
0.998732	0	0	0	0.803926	0	0	0	0.493968	
0.9987	0	0	0	0.799552	0	0	0	0.485338	
0.998668	0	0	0	0.795202	0	0	0	0.476858	
0.998637	0	0	0	0.790876	0	0	0	0.468527	
0.998605	0	0	0	0.786574	0	0	0	0.460341	
0.998573	0	0	0	0.782294	0	0	0	0.452298	
0.998542	0	0	0	0.778039	0	0	0	0.444396	
0.99851	0	0	0	0.773806	0	0	0	0.436632	
0.998478	0	0	0	0.769596	0	0	0	0.429003	
0.998447	0	0	0	0.765409	0	0	0	0.421508	
0.998415	0	0	0	0.761245	0	0	0	0.414143	
0.998383	0	0	0	0.757104	0	0	0	0.406908	
0.998352	0	0	0	0.752985	0	0	0	0.399799	
0.99832	0	0	0	0.748889	0	0	0	0.392813	
0.998288	0	0	0	0.744814	0	0	0	0.38595	
0.998257	0	0	0	0.740762	0	0	0	0.379207	
0.998225	0	0	0	0.736732	0	0	0	0.372582	
0.998193	0	0	0	0.732724	0	0	0	0.366072	
0.998162	0	0	0	0.728738	0	0	0	0.359677	
0.99813	0	0	0	0.724774	0	0	0	0.353393	
0.998098	0	0	0	0.720831	0	0	0	0.347218	
0.998067	0	0	0	0.716909	0	0	0	0.341152	
0.998035	0	0	0	0.713009	0	0	0	0.335192	
0.998003	0	0	0	0.70913	0	0	0	0.329335	
0.997972	0	0	0	0.705272	0	0	0	0.323581	
0.99794	0	0	0	0.701435	0	0	0	0.317928	
0.997908	0	0	0	0.697619	0	0	0	0.312373	
0.997877	0	0	0	0.693824	0	0	0	0.306916	
0.997845	0	0	0	0.690049	0	0	0	0.301553	
0.997813	0	0	0	0.686295	0	0	0	0.296285	
0.997782	0	0	0	0.682562	0	0	0	0.291108	
0.99775	0	0	0	0.678848	0	0	0	0.286022	
0.997718	0	0	0	0.675155	0	0	0	0.281025	
0.997687	0	0	0	0.671482	0	0	0	0.276115	
0.997655	0	0	0	0.667829	0	0	0	0.271291	
0.997623	0	0	0	0.664196	0	0	0	0.266551	
0.997592	0	0	0	0.660583	0	0	0	0.261894	
0.99756	0	0	0	0.656989	0	0	0	0.257318	
0.997528	0	0	0	0.653415	0	0	0	0.252823	
0.997497	0	0	0	0.64986	0	0	0	0.248405	
0.997465	0	0	0	0.646324	0	0	0	0.244065	
0.997434	0	0	0	0.642808	0	0	0	0.239801	
0.997402	0	0	0	0.639311	0	0	0	0.235612	
0.99737	0	0	0	0.635833	0	0	0	0.231495	
0.997339	0	0	0	0.632374	0	0	0	0.227451	
0.997307	0	0	0	0.628934	0	0	0	0.223477	
0.997275	0	0	0	0.625512	0	0	0	0.219572	
0.997244	0	0	0	0.622109	0	0	0	0.215736	
0.997212	0	0	0	0.618725	0	0	0	0.211967	
0.99718	0	0	0	0.615359	0	0	0	0.208263	
0.997149	0	0	0	0.612011	0	0	0	0.204625	
0.997117	0	0	0	0.608681	0	0	0	0.20105	
0.997086	0	0	0	0.60537	0	0	0	0.197537	
0.997054	0	0	0	0.602077	0	0	0	0.194086	
0.997022	0	0	0	0.598801	0	0	0	0.190695	
0.996991	0	0	0	0.595544	0	0	0	0.187363	
0.996959	0	0	0	0.592304	0	0	0	0.18409	
0.996927	0	0	0	0.589081	0	0	0	0.180873	
0.996896	0	0	0	0.585877	0	0	0	0.177713	
0.996864	0	0	0	0.582689	0	0	0	0.174608	
0.996832	0	0	0	0.579519	0	0	0	0.171558	
0.996801	0	0	0	0.576366	0	0	0	0.16856	
0.996769	0	0	0	0.573231	0	0	0	0.165615	
0.996738	0	0	0	0.570112	0	0	0	0.162722	
0.996706	0	0	0	0.567011	0	0	0	0.159879	
0.996674	0	0	0	0.563926	0	0	0	0.157085	
0.996643	0	0	0	0.560858	0	0	0	0.154341	
0.996611	0	0	0	0.557807	0	0	0	0.151644	
0.99658	0	0	0	0.554772	0	0	0	0.148995	
0.996548	0	0	0	0.551754	0	0	0	0.146392	
0.996516	0	0	0	0.548752	0	0	0	0.143834	
0.996485	0	0	0	0.545767	0	0	0	0.141321	
0.996453	0	0	0	0.542798	0	0	0	0.138852	
0.996421	0	0	0	0.539845	0	0	0	0.136426	
0.99639	0	0	0	0.536908	0	0	0	0.134043	
0.996358	0	0	0	0.533987	0	0	0	0.131701	
0.996327	0	0	0	0.531082	0	0	0	0.1294	
0.996295	0	0	0	0.528193	0	0	0	0.127139	
0.996263	0	0	0	0.525319	0	0	0	0.124918	
0.996232	0	0	0	0.522461	0	0	0	0.122735	
0.9962	0	0	0	0.519619	0	0	0	0.120591	
0.996169	0	0	0	0.516792	0	0	0	0.118484	
0.996137	0	0	0	0.513981	0	0	0	0.116414	
0.996105	0	0	0	0.511185	0	0	0	0.11438	
0.996074	0	0	0	0.508404	0	0	0	0.112381	
0.996042	0	0	0	0.505638	0	0	0	0.110418	
0.996011	0	0	0	0.502887	0	0	0	0.108489	
0.995979	0	0	0	0.500151	0	0	0	0.106593	
0.995947	0	0	0	0.49743	0	0	0	0.104731	
0.995916	0	0	0	0.494724	0	0	0	0.102901	
0.995884	0	0	0	0.492032	0	0	0	0.101103	
0.995853	0	0	0	0.489356	0	0	0	0.0993369	
0.995821	0	0	0	0.486693	0	0	0	0.0976014	
0.995789	0	0	0	0.484046	0	0	0	0.0958961	
0.995758	0	0	0	0.481412	0	0	0	0.0942207	
0.995726	0	0	0	0.478793	0	0	0	0.0925745	
0.995695	0	0	0	0.476189	0	0	0	0.0909571	
0.995663	0	0	0	0.473598	0	0	0	0.089368	
0.995632	0	0	0	0.471021	0	0	0	0.0878066	
0.9956	0	0	0	0.468459	0	0	0	0.0862725	
0.995568	0	0	0	0.46591	0	0	0	0.0847652	
0.995537	0	0	0	0.463376	0	0	0	0.0832842	
0.995505	0	0	0	0.460855	0	0	0	0.0818291	
0.995474	0	0	0	0.458348	0	0	0	0.0803994	
0.995442	0	0	0	0.455854	0	0	0	0.0789947	
0.99541	0	0	0	0.453374	0	0	0	0.0776146	
0.995379	0	0	0	0.450908	0	0	0	0.0762585	
0.995347	0	0	0	0.448455	0	0	0	0.0749262	
0.995316	0	0	0	0.446015	0	0	0	0.0736171	
0.995284	0	0	0	0.443588	0	0	0	0.0723309	
0.995253	0	0	0	0.441175	0	0	0	0.0710672	
0.995221	0	0	0	0.438775	0	0	0	0.0698256	
0.995189	0	0	0	0.436388	0	0	0	0.0686056	
0.995158	0	0	0	0.434014	0	0	0	0.067407	
0.995126	0	0	0	0.431653	0	0	0	0.0662293	
0.995095	0	0	0	0.429304	0	0	0	0.0650721	
0.995063	0	0	0	0.426969	0	0	0	0.0639352	
0.995032	0	0	0	0.424646	0	0	0	0.0628182	
0.995	0	0	0	0.422336	0	0	0	0.0617207	
0.994968	0	0	0	0.420038	0	0	0	0.0606423	
0.994937	0	0	0	0.417753	0	0	0	0.0595828	
0.994905	0	0	0	0.41548	0	0	0	0.0585418	
0.994874	0	0	0	0.41322	0	0	0	0.057519	
0.994842	0	0	0	0.410972	0	0	0	0.0565141	
0.994811	0	0	0	0.408736	0	0	0	0.0555267	
0.994779	0	0	0	0.406513	0	0	0	0.0545566	
0.994748	0	0	0	0.404301	0	0	0	0.0536034	
0.994716	0	0	0	0.402102	0	0	0	0.0526669	
0.994684	0	0	0	0.399914	0	0	0	0.0517467	
0.994653	0	0	0	0.397738	0	0	0	0.0508426	
0.994621	0	0	0	0.395575	0	0	0	0.0499543	
0.99459	0	0	0	0.393423	0	0	0	0.0490815	
0.994558	0	0	0	0.391282	0	0	0	0.048224	
0.994527	0	0	0	0.389153	0	0	0	0.0473815	
0.994495	0	0	0	0.387036	0	0	0	0.0465536	
0.994464	0	0	0	0.384931	0	0	0	0.0457403	
0.994432	0	0	0	0.382837	0	0	0	0.0449411	
0.9944	0	0	0	0.380754	0	0	0	0.0441559	
0.994369	0	0	0	0.378683	0	0	0	0.0433845	
0.994337	0	0	0	0.376622	0	0	0	0.0426265	
0.994306	0	0	0	0.374573	0	0	0	0.0418817	
0.994274	0	0	0	0.372536	0	0	0	0.04115	
0.994243	0	0	0	0.370509	0	0	0	0.0404311	
0.994211	0	0	0	0.368493	0	0	0	0.0397247	
0.99418	0	0	0	0.366489	0	0	0	0.0390306	
0.994148	0	0	0	0.364495	0	0	0	0.0383487	
0.994117	0	0	0	0.362512	0	0	0	0.0376787	
0.994085	0	0	0	0.36054	0	0	0	0.0370204	
0.994054	0	0	0	0.358578	0	0	0	0.0363736	
0.994022	0	0	0	0.356627	0	0	0	0.0357381	
0.99399	0	0	0	0.354687	0	0	0	0.0351137	
0.993959	0	0	0	0.352758	0	0	0	0.0345002	
0.993927	0	0	0	0.350839	0	0	0	0.0338974	
0.993896	0	0	0	0.34893	0	0	0	0.0333052	
0.993864	0	0	0	0.347032	0	0	0	0.0327233	
0.993833	0	0	0	0.345144	0	0	0	0.0321516	
0.993801	0	0	0	0.343266	0	0	0	0.0315899	
0.99377	0	0	0	0.341399	0	0	0	0.0310379	
0.993738	0	0	0	0.339541	0	0	0	0.0304957	
0.993707	0	0	0	0.337694	0	0	0	0.0299629	
0.993675	0	0	0	0.335857	0	0	0	0.0294394	
0.993644	0	0	0	0.33403	0	0	0	0.028925	
0.993612	0	0	0	0.332213	0	0	0	0.0284197	
0.993581	0	0	0	0.330405	0	0	0	0.0279231	
0.993549	0	0	0	0.328608	0	0	0	0.0274353	
0.993518	0	0	0	0.32682	0	0	0	0.0269559	
0.993486	0	0	0	0.325042	0	0	0	0.026485	
0.993455	0	0	0	0.323274	0	0	0	0.0260222	
0.993423	0	0	0	0.321515	0	0	0	0.0255676	
0.993391	0	0	0	0.319766	0	0	0	0.0251209	
0.99336	0	0	0	0.318026	0	0	0	0.024682	
0.993328	0	0	0	0.316296	0	0	0	0.0242508	
0.993297	0	0	0	0.314575	0	0	0	0.0238271	
0.993265	0	0	0	0.312864	0	0	0	0.0234108	
0.993234	0	0	0	0.311162	0	0	0	0.0230018	
0.993202	0	0	0	0.309469	0	0	0	0.0225999	
0.993171	0	0	0	0.307785	0	0	0	0.022205	
0.993139	0	0	0	0.306111	0	0	0	0.0218171	
0.993108	0	0	0	0.304446	0	0	0	0.0214359	
0.993076	0	0	0	0.302789	0	0	0	0.0210614	
0.993045	0	0	0	0.301142	0	0	0	0.0206934	
0.993013	0	0	0	0.299504	0	0	0	0.0203319	
0.992982	0	0	0	0.297874	0	0	0	0.0199766	
0.99295	0	0	0	0.296254	0	0	0	0.0196276	
0.992919	0	0	0	0.294642	0	0	0	0.0192847	
0.992887	0	0	0	0.293039	0	0	0	0.0189478	
0.992856	0	0	0	0.291445	0	0	0	0.0186167	
0.992824	0	0	0	0.28986	0	0	0	0.0182915	
0.992793	0	0	0	0.288283	0	0	0	0.0179719	
0.992761	0	0	0	0.286714	0	0	0	0.0176579	
0.99273	0	0	0	0.285154	0	0	0	0.0173494	
0.992698	0	0	0	0.283603	0	0	0	0.0170463	
0.992667	0	0	0	0.28206	0	0	0	0.0167484	
0.992635	0	0	0	0.280526	0	0	0	0.0164558	
0.992604	0	0	0	0.279	0	0	0	0.0161683	
0.992572	0	0	0	0.277482	0	0	0	0.0158858	
0.992541	0	0	0	0.275972	0	0	0	0.0156083	
0.992509	0	0	0	0.274471	0	0	0	0.0153356	
0.992478	0	0	0	0.272978	0	0	0	0.0150676	
0.992447	0	0	0	0.271493	0	0	0	0.0148044	
0.992415	0	0	0	0.270016	0	0	0	0.0145457	
0.992384	0	0	0	0.268547	0	0	0	0.0142916	
0.992352	0	0	0	0.267086	0	0	0	0.0140419	
0.992321	0	0	0	0.265633	0	0	0	0.0137966	
0.992289	0	0	0	0.264188	0	0	0	0.0135555	
0.992258	0	0	0	0.26275	0	0	0	0.0133187	
0.992226	0	0	0	0.261321	0	0	0	0.013086	
0.992195	0	0	0	0.259899	0	0	0	0.0128574	
0.992163	0	0	0	0.258485	0	0	0	0.0126327	
0.992132	0	0	0	0.257079	0	0	0	0.012412	
0.9921	0	0	0	0.25568	0	0	0	0.0121952	
0.992069	0	0	0	0.254289	0	0	0	0.0119821	
0.992037	0	0	0	0.252906	0	0	0	0.0117728	
0.992006	0	0	0	0.25153	0	0	0	0.0115671	
0.991974	0	0	0	0.250162	0	0	0	0.011365	
0.991943	0	0	0	0.248801	0	0	0	0.0111664	
0.991911	0	0	0	0.247447	0	0	0	0.0109713	
0.99188	0	0	0	0.246101	0	0	0	0.0107796	
0.991849	0	0	0	0.244762	0	0	0	0.0105913	
0.991817	0	0	0	0.243431	0	0	0	0.0104063	
0.991786	0	0	0	0.242106	0	0	0	0.0102244	
0.991754	0	0	0	0.240789	0	0	0	0.0100458	
0.991723	0	0	0	0.239479	0	0	0	0.00987029	
0.991691	0	0	0	0.238176	0	0	0	0.00969784	
0.99166	0	0	0	0.236881	0	0	0	0.00952841	
0.991628	0	0	0	0.235592	0	0	0	0.00936193	
0.991597	0	0	0	0.23431	0	0	0	0.00919836	
0.991565	0	0	0	0.233036	0	0	0	0.00903766	
0.991534	0	0	0	0.231768	0	0	0	0.00887975	
0.991502	0	0	0	0.230507	0	0	0	0.00872461	
0.991471	0	0	0	0.229253	0	0	0	0.00857218	
0.99144	0	0	0	0.228006	0	0	0	0.00842241	
0.991408	0	0	0	0.226765	0	0	0	0.00827526	
0.991377	0	0	0	0.225532	0	0	0	0.00813068	
0.991345	0	0	0	0.224305	0	0	0	0.00798863	
0.991314	0	0	0	0.223084	0	0	0	0.00784905	
0.991282	0	0	0	0.221871	0	0	0	0.00771192	
0.991251	0	0	0	0.220664	0	0	0	0.00757718	
0.991219	0	0	0	0.219463	0	0	0	0.0074448	
0.991188	0	0	0	0.218269	0	0	0	0.00731472	
0.991157	0	0	0	0.217082	0	0	0	0.00718693	
0.991125	0	0	0	0.215901	0	0	0	0.00706136	
0.991094	0	0	0	0.214726	0	0	0	0.00693799	
0.991062	0	0	0	0.213558	0	0	0	0.00681677	
0.991031	0	0	0	0.212396	0	0	0	0.00669767	
0.990999	0	0	0	0.211241	0	0	0	0.00658065	
0.990968	0	0	0	0.210092	0	0	0	0.00646568	
0.990936	0	0	0	0.208949	0	0	0	0.00635272	
0.990905	0	0	0	0.207812	0	0	0	0.00624173	
0.990874	0	0	0	0.206681	0	0	0	0.00613267	
0.990842	0	0	0	0.205557	0	0	0	0.00602553	
0.990811	0	0	0	0.204439	0	0	0	0.00592025	
0.990779	0	0	0	0.203326	0	0	0	0.00581682	
0.990748	0	0	0	0.20222	0	0	0	0.00571519	
0.990716	0	0	0	0.20112	0	0	0	0.00561534	
0.990685	0	0	0	0.200026	0	0	0	0.00551723	
0.990654	0	0	0	0.198938	0	0	0	0.00542083	
0.990622	0	0	0	0.197856	0	0	0	0.00532612	
0.990591	0	0	0	0.196779	0	0	0	0.00523307	
0.990559	0	0	0	0.195709	0	0	0	0.00514164	
0.990528	0	0	0	0.194644	0	0	0	0.00505181	
0.990496	0	0	0	0.193585	0	0	0	0.00496355	
0.990465	0	0	0	0.192532	0	0	0	0.00487683	
0.990434	0	0	0	0.191484	0	0	0	0.00479162	
0.990402	0	0	0	0.190443	0	0	0	0.0047079	
0.990371	0	0	0	0.189407	0	0	0	0.00462565	
0.990339	0	0	0	0.188376	0	0	0	0.00454483	
0.990308	0	0	0	0.187351	0	0	0	0.00446543	
0.990276	0	0	0	0.186332	0	0	0	0.00438741	
0.990245	0	0	0	0.185318	0	0	0	0.00431076	
0.990214	0	0	0	0.18431	0	0	0	0.00423544	
0.990182	0	0	0	0.183308	0	0	0	0.00416144	
0.990151	0	0	0	0.18231	0	0	0	0.00408874	
0.990119	0	0	0	0.181318	0	0	0	0.0040173	
0.990088	0	0	0	0.180332	0	0	0	0.00394711	
0.990057	0	0	0	0.179351	0	0	0	0.00387815	
0.990025	0	0	0	0.178375	0	0	0	0.00381039	
0.989994	0	0	0	0.177405	0	0	0	0.00374382	
0.989962	0	0	0	0.17644	0	0	0	0.00367841	
0.989931	0	0	0	0.17548	0	0	0	0.00361414	
0.9899	0	0	0	0.174525	0	0	0	0.003551	
0.989868	0	0	0	0.173576	0	0	0	0.00348896	
0.989837	0	0	0	0.172631	0	0	0	0.003428	
0.989805	0	0	0	0.171692	0	0	0	0.00336811	
0.989774	0	0	0	0.170758	0	0	0	0.00330926	
0.989743	0	0	0	0.169829	0	0	0	0.00325145	
0.989711	0	0	0	0.168905	0	0	0	0.00319464	
0.98968	0	0	0	0.167986	0	0	0	0.00313882	
0.989648	0	0	0	0.167072	0	0	0	0.00308398	
0.989617	0	0	0	0.166164	0	0	0	0.0030301	
0.989586	0	0	0	0.16526	0	0	0	0.00297716	
0.989554	0	0	0	0.164361	0	0	0	0.00292515	
0.989523	0	0	0	0.163466	0	0	0	0.00287404	
0.989491	0	0	0	0.162577	0	0	0	0.00282383	
0.98946	0	0	0	0.161693	0	0	0	0.00277449	
0.989429	0	0	0	0.160813	0	0	0	0.00272602	
0.989397	0	0	0	0.159938	0	0	0	0.00267839	
0.989366	0	0	0	0.159068	0	0	0	0.00263159	
0.989334	0	0	0	0.158203	0	0	0	0.00258561	
0.989303	0	0	0	0.157342	0	0	0	0.00254044	
0.989272	0	0	0	0.156486	0	0	0	0.00249606	
0.98924	0	0	0	0.155635	0	0	0	0.00245245	
0.989209	0	0	0	0.154788	0	0	0	0.0024096	
0.989178	0	0	0	0.153946	0	0	0	0.0023675	
0.989146	0	0	0	0.153108	0	0	0	0.00232614	
0.989115	0	0	0	0.152275	0	0	0	0.00228549	
0.989083	0	0	0	0.151447	0	0	0	0.00224556	
0.989052	0	0	0	0.150623	0	0	0	0.00220633	
0.989021	0	0	0	0.149804	0	0	0	0.00216778	
0.988989	0	0	0	0.148989	0	0	0	0.00212991	
0.988958	0	0	0	0.148178	0	0	0	0.0020927	
0.988927	0	0	0	0.147372	0	0	0	0.00205613	
0.988895	0	0	0	0.14657	0	0	0	0.00202021	
0.988864	0	0	0	0.145773	0	0	0	0.00198491	
0.988832	0	0	0	0.14498	0	0	0	0.00195023	
0.988801	0	0	0	0.144191	0	0	0	0.00191616	
0.98877	0	0	0	0.143407	0	0	0	0.00188268	
0.988738	0	0	0	0.142626	0	0	0	0.00184979	
0.988707	0	0	0	0.141851	0	0	0	0.00181747	
0.988676	0	0	0	0.141079	0	0	0	0.00178572	
0.988644	0	0	0	0.140311	0	0	0	0.00175452	
0.988613	0	0	0	0.139548	0	0	0	0.00172386	
0.988582	0	0	0	0.138789	0	0	0	0.00169375	
0.98855	0	0	0	0.138034	0	0	0	0.00166415	
0.988519	0	0	0	0.137283	0	0	0	0.00163508	
0.988487	0	0	0	0.136536	0	0	0	0.00160651	
0.988456	0	0	0	0.135793	0	0	0	0.00157844	
0.988425	0	0	0	0.135054	0	0	0	0.00155087	
0.988393	0	0	0	0.13432	0	0	0	0.00152377	
0.988362	0	0	0	0.133589	0	0	0	0.00149715	
0.988331	0	0	0	0.132862	0	0	0	0.00147099	
0.988299	0	0	0	0.132139	0	0	0	0.00144529	
0.988268	0	0	0	0.13142	0	0	0	0.00142004	
0.988237	0	0	0	0.130705	0	0	0	0.00139523	
0.988205	0	0	0	0.129994	0	0	0	0.00137085	
0.988174	0	0	0	0.129287	0	0	0	0.0013469	
0.988143	0	0	0	0.128584	0	0	0	0.00132337	
0.988111	0	0	0	0.127884	0	0	0	0.00130025	
0.98808	0	0	0	0.127189	0	0	0	0.00127753	
0.988049	0	0	0	0.126497	0	0	0	0.00125521	
0.988017	0	0	0	0.125808	0	0	0	0.00123328	
0.987986	0	0	0	0.125124	0	0	0	0.00121173	
0.987954	0	0	0	0.124443	0	0	0	0.00119056	
0.987923	0	0	0	0.123766	0	0	0	0.00116976	
0.987892	0	0	0	0.123093	0	0	0	0.00114932	
0.98786	0	0	0	0.122423	0	0	0	0.00112924	
0.987829	0	0	0	0.121757	0	0	0	0.00110951	
0.987798	0	0	0	0.121095	0	0	0	0.00109013	
0.987766	0	0	0	0.120436	0	0	0	0.00107108	
0.987735	0	0	0	0.119781	0	0	0	0.00105237	
0.987704	0	0	0	0.119129	0	0	0	0.00103398	
0.987672	0	0	0	0.118481	0	0	0	0.00101592	
0.987641	0	0	0	0.117837	0	0	0	0.000998168	
0.98761	0	0	0	0.117196	0	0	0	0.000980729	
0.987578	0	0	0	0.116558	0	0	0	0.000963594	
0.987547	0	0	0	0.115924	0	0	0	0.000946759	
0.987516	0	0	0	0.115293	0	0	0	0.000930218	
0.987484	0	0	0	0.114666	0	0	0	0.000913965	
0.987453	0	0	0	0.114042	0	0	0	0.000897997	
0.987422	0	0	0	0.113422	0	0	0	0.000882308	
0.98739	0	0	0	0.112805	0	0	0	0.000866893	
0.987359	0	0	0	0.112191	0	0	0	0.000851747	
0.987328	0	0	0	0.111581	0	0	0	0.000836865	
0.987297	0	0	0	0.110974	0	0	0	0.000822244	
0.987265	0	0	0	0.11037	0	0	0	0.000807878	
0.987234	0	0	0	0.109769	0	0	0	0.000793764	
0.987203	0	0	0	0.109172	0	0	0	0.000779895	
0.987171	0	0	0	0.108578	0	0	0	0.00076627	
0.98714	0	0	0	0.107988	0	0	0	0.000752882	
0.987109	0	0	0	0.1074	0	0	0	0.000739728	
0.987077	0	0	0	0.106816	0	0	0	0.000726804	
0.987046	0	0	0	0.106235	0	0	0	0.000714105	
0.987015	0	0	0	0.105657	0	0	0	0.000701629	
0.986983	0	0	0	0.105082	0	0	0	0.00068937	
0.986952	0	0	0	0.10451	0	0	0	0.000677326	
0.986921	0	0	0	0.103942	0	0	0	0.000665492	
0.986889	0	0	0	0.103376	0	0	0	0.000653865	
0.986858	0	0	0	0.102814	0	0	0	0.000642441	
0.986827	0	0	0	0.102255	0	0	0	0.000631217	
0.986796	0	0	0	0.101698	0	0	0	0.000620189	
0.986764	0	0	0	0.101145	0	0	0	0.000609353	
0.986733	0	0	0	0.100595	0	0	0	0.000598707	
0.986702	0	0	0	0.100047	0	0	0	0.000588246	
0.98667	0	0	0	0.0995032	0	0	0	0.000577969	
0.986639	0	0	0	0.0989619	0	0	0	0.000567871	
0.986608	0	0	0	0.0984235	0	0	0	0.000557949	
0.986576	0	0	0	0.0978881	0	0	0	0.000548201	
0.986545	0	0	0	0.0973555	0	0	0	0.000538623	
0.986514	0	0	0	0.0968259	0	0	0	0.000529213	
0.986483	0	0	0	0.0962991	0	0	0	0.000519967	
0.986451	0	0	0	0.0957752	0	0	0	0.000510882	
0.98642	0	0	0	0.0952542	0	0	0	0.000501956	
0.986389	0	0	0	0.094736	0	0	0	0.000493186	
0.986357	0	0	0	0.0942206	0	0	0	0.00048457	
0.986326	0	0	0	0.093708	0	0	0	0.000476104	
0.986295	0	0	0	0.0931982	0	0	0	0.000467785	
0.986263	0	0	0	0.0926912	0	0	0	0.000459613	
0.986232	0	0	0	0.0921869	0	0	0	0.000451582	
0.986201	0	0	0	0.0916854	0	0	0	0.000443693	
0.98617	0	0	0	0.0911866	0	0	0	0.000435941	
0.986138	0	0	0	0.0906905	0	0	0	0.000428324	
0.986107	0	0	0	0.0901971	0	0	0	0.000420841	
0.986076	0	0	0	0.0897064	0	0	0	0.000413488	
0.986044	0	0	0	0.0892184	0	0	0	0.000406264	
0.986013	0	0	0	0.088733	0	0	0	0.000399166	
0.985982	0	0	0	0.0882503	0	0	0	0.000392192	
0.985951	0	0	0	0.0877702	0	0	0	0.00038534	
0.985919	0	0	0	0.0872927	0	0	0	0.000378607	
0.985888	0	0	0	0.0868178	0	0	0	0.000371992	
0.985857	0	0	0	0.0863455	0	0	0	0.000365493	
0.985826	0	0	0	0.0858757	0	0	0	0.000359108	
0.985794	0	0	0	0.0854085	0	0	0	0.000352833	
0.985763	0	0	0	0.0849439	0	0	0	0.000346669	
0.985732	0	0	0	0.0844818	0	0	0	0.000340612	
0.9857	0	0	0	0.0840222	0	0	0	0.000334661	
0.985669	0	0	0	0.0835651	0	0	0	0.000328814	
0.985638	0	0	0	0.0831104	0	0	0	0.000323069	
0.985607	0	0	0	0.0826583	0	0	0	0.000317425	
0.985575	0	0	0	0.0822086	0	0	0	0.000311879	
0.985544	0	0	0	0.0817614	0	0	0	0.00030643	
0.985513	0	0	0	0.0813166	0	0	0	0.000301076	
0.985482	0	0	0	0.0808742	0	0	0	0.000295816	
0.98545	0	0	0	0.0804342	0	0	0	0.000290648	
0.985419	0	0	0	0.0799966	0	0	0	0.00028557	
0.985388	0	0	0	0.0795614	0	0	0	0.00028058	
0.985357	0	0	0	0.0791286	0	0	0	0.000275678	
0.985325	0	0	0	0.0786981	0	0	0	0.000270862	
0.985294	0	0	0	0.07827	0	0	0	0.000266129	
0.985263	0	0	0	0.0778442	0	0	0	0.00026148	
0.985232	0	0	0	0.0774207	0	0	0	0.000256911	
0.9852	0	0	0	0.0769995	0	0	0	0.000252423	
0.985169	0	0	0	0.0765806	0	0	0	0.000248012	
0.985138	0	0	0	0.0761639	0	0	0	0.000243679	
0.985107	0	0	0	0.0757496	0	0	0	0.000239422	
0.985075	0	0	0	0.0753375	0	0	0	0.000235239	
0.985044	0	0	0	0.0749276	0	0	0	0.000231129	
0.985013	0	0	0	0.07452	0	0	0	0.000227091	
0.984982	0	0	0	0.0741146	0	0	0	0.000223123	
0.98495	0	0	0	0.0737114	0	0	0	0.000219225	
0.984919	0	0	0	0.0733104	0	0	0	0.000215395	
0.984888	0	0	0	0.0729116	0	0	0	0.000211631	
0.984857	0	0	0	0.0725149	0	0	0	0.000207934	
0.984825	0	0	0	0.0721204	0	0	0	0.000204301	
0.984794	0	0	0	0.071728	0	0	0	0.000200732	
0.984763	0	0	0	0.0713378	0	0	0	0.000197224	
0.984732	0	0	0	0.0709497	0	0	0	0.000193779	
0.9847	0	0	0	0.0705637	0	0	0	0.000190393	
0.984669	0	0	0	0.0701798	0	0	0	0.000187067	
0.984638	0	0	0	0.0697981	0	0	0	0.000183798	
0.984607	0	0	0	0.0694183	0	0	0	0.000180587	
0.984575	0	0	0	0.0690407	0	0	0	0.000177432	
0.984544	0	0	0	0.0686651	0	0	0	0.000174332	
0.984513	0	0	0	0.0682915	0	0	0	0.000171286	
0.984482	0	0	0	0.06792	0	0	0	0.000168294	
0.98445	0	0	0	0.0675505	0	0	0	0.000165353	
0.984419	0	0	0	0.067183	0	0	0	0.000162464	
0.984388	0	0	0	0.0668175	0	0	0	0.000159626	
0.984357	0	0	0	0.066454	0	0	0	0.000156837	
0.984326	0	0	0	0.0660925	0	0	0	0.000154097	
0.984294	0	0	0	0.0657329	0	0	0	0.000151404	
0.984263	0	0	0	0.0653753	0	0	0	0.000148759	
0.984232	0	0	0	0.0650196	0	0	0	0.00014616	
0.984201	0	0	0	0.0646659	0	0	0	0.000143606	
0.984169	0	0	0	0.0643141	0	0	0	0.000141097	
0.984138	0	0	0	0.0639642	0	0	0	0.000138632	
0.984107	0	0	0	0.0636162	0	0	0	0.00013621	
0.984076	0	0	0	0.0632701	0	0	0	0.00013383	
0.984045	0	0	0	0.0629259	0	0	0	0.000131492	
0.984013	0	0	0	0.0625836	0	0	0	0.000129195	
0.983982	0	0	0	0.0622431	0	0	0	0.000126938	
0.983951	0	0	0	0.0619045	0	0	0	0.00012472	
0.98392	0	0	0	0.0615677	0	0	0	0.000122541	
0.983888	0	0	0	0.0612328	0	0	0	0.0001204	
0.983857	0	0	0	0.0608997	0	0	0	0.000118296	
0.983826	0	0	0	0.0605684	0	0	0	0.000116229	
0.983795	0	0	0	0.0602388	0	0	0	0.000114199	
0.983764	0	0	0	0.0599111	0	0	0	0.000112204	
0.983732	0	0	0	0.0595852	0	0	0	0.000110243	
0.983701	0	0	0	0.059261	0	0	0	0.000108317	
0.98367	0	0	0	0.0589386	0	0	0	0.000106425	
0.983639	0	0	0	0.058618	0	0	0	0.000104565	
0.983608	0	0	0	0.0582991	0	0	0	0.000102738	
0.983576	0	0	0	0.0579819	0	0	0	0.000100943	
0.983545	0	0	0	0.0576665	0	0	0	9.91797e-05	
0.983514	0	0	0	0.0573528	0	0	0	9.74469e-05	
0.983483	0	0	0	0.0570408	0	0	0	9.57444e-05	
0.983452	0	0	0	0.0567304	0	0	0	9.40716e-05	
0.98342	0	0	0	0.0564218	0	0	0	9.2428e-05	
0.983389	0	0	0	0.0561149	0	0	0	9.08132e-05	
0.983358	0	0	0	0.0558096	0	0	0	8.92265e-05	
0.983327	0	0	0	0.055506	0	0	0	8.76676e-05	
0.983296	0	0	0	0.055204	0	0	0	8.61359e-05	
0.983264	0	0	0	0.0549037	0	0	0	8.4631e-05	
0.983233	0	0	0	0.054605	0	0	0	8.31524e-05	
0.983202	0	0	0	0.0543079	0	0	0	8.16996e-05	
0.983171	0	0	0	0.0540125	0	0	0	8.02722e-05	
0.98314	0	0	0	0.0537186	0	0	0	7.88697e-05	
0.983108	0	0	0	0.0534264	0	0	0	7.74918e-05	
0.983077	0	0	0	0.0531357	0	0	0	7.61379e-05	
0.983046	0	0	0	0.0528466	0	0	0	7.48076e-05	
0.983015	0	0	0	0.0525591	0	0	0	7.35006e-05	
0.982984	0	0	0	0.0522732	0	0	0	7.22165e-05	
0.982953	0	0	0	0.0519888	0	0	0	7.09547e-05	
0.982921	0	0	0	0.051706	0	0	0	6.97151e-05	
0.98289	0	0	0	0.0514247	0	0	0	6.8497e-05	
0.982859	0	0	0	0.0511449	0	0	0	6.73003e-05	
0.982828	0	0	0	0.0508667	0	0	0	6.61245e-05	
0.982797	0	0	0	0.05059	0	0	0	6.49692e-05	
0.982765	0	0	0	0.0503147	0	0	0	6.38341e-05	
0.982734	0	0	0	0.050041	0	0	0	6.27188e-05	
0.982703	0	0	0	0.0497688	0	0	0	6.1623e-05	
0.982672	0	0	0	0.049498	0	0	0	6.05464e-05	
0.982641	0	0	0	0.0492287	0	0	0	5.94885e-05	
0.98261	0	0	0	0.0489609	0	0	0	5.84492e-05	
0.982578	0	0	0	0.0486946	0	0	0	5.7428e-05	
0.982547	0	0	0	0.0484296	0	0	0	5.64246e-05	
0.982516	0	0	0	0.0481662	0	0	0	5.54388e-05	
0.982485	0	0	0	0.0479041	0	0	0	5.44702e-05	
0.982454	0	0	0	0.0476435	0	0	0	5.35186e-05	
0.982423	0	0	0	0.0473843	0	0	0	5.25835e-05	
0.982391	0	0	0	0.0471265	0	0	0	5.16648e-05	
0.98236	0	0	0	0.0468702	0	0	0	5.07621e-05	
0.982329	0	0	0	0.0466152	0	0	0	4.98753e-05	
0.982298	0	0	0	0.0463616	0	0	0	4.90039e-05	
0.982267	0	0	0	0.0461094	0	0	0	4.81477e-05	
0.982236	0	0	0	0.0458585	0	0	0	4.73065e-05	
0.982204	0	0	0	0.045609	0	0	0	4.648e-05	
0.982173	0	0	0	0.0453609	0	0	0	4.56679e-05	
0.982142	0	0	0	0.0451141	0	0	0	4.487e-05	
0.982111	0	0	0	0.0448687	0	0	0	4.40861e-05	
0.98208	0	0	0	0.0446246	0	0	0	4.33158e-05	
0.982049	0	0	0	0.0443818	0	0	0	4.2559e-05	
0.982017	0	0	0	0.0441404	0	0	0	4.18155e-05	
0.981986	0	0	0	0.0439002	0	0	0	4.10849e-05	
0.981955	0	0	0	0.0436614	0	0	0	4.03671e-05	
0.981924	0	0	0	0.0434239	0	0	0	3.96618e-05	
0.981893	0	0	0	0.0431876	0	0	0	3.89689e-05	
0.981862	0	0	0	0.0429527	0	0	0	3.8288e-05	
0.981831	0	0	0	0.042719	0	0	0	3.76191e-05	
0.981799	0	0	0	0.0424866	0	0	0	3.69618e-05	
0.981768	0	0	0	0.0422555	0	0	0	3.6316e-05	
0.981737	0	0	0	0.0420256	0	0	0	3.56815e-05	
0.981706	0	0	0	0.0417969	0	0	0	3.50581e-05	
0.981675	0	0	0	0.0415696	0	0	0	3.44456e-05	
0.981644	0	0	0	0.0413434	0	0	0	3.38438e-05	
0.981613	0	0	0	0.0411185	0	0	0	3.32525e-05	
0.981581	0	0	0	0.0408948	0	0	0	3.26715e-05	
0.98155	0	0	0	0.0406723	0	0	0	3.21007e-05	
0.981519	0	0	0	0.040451	0	0	0	3.15399e-05	
0.981488	0	0	0	0.040231	0	0	0	3.09888e-05	
0.981457	0	0	0	0.0400121	0	0	0	3.04474e-05	
0.981426	0	0	0	0.0397944	0	0	0	2.99154e-05	
0.981395	0	0	0	0.0395779	0	0	0	2.93928e-05	
0.981363	0	0	0	0.0393626	0	0	0	2.88792e-05	
0.981332	0	0	0	0.0391485	0	0	0	2.83747e-05	
0.981301	0	0	0	0.0389355	0	0	0	2.78789e-05	
0.98127	0	0	0	0.0387237	0	0	0	2.73919e-05	
0.981239	0	0	0	0.038513	0	0	0	2.69133e-05	
0.981208	0	0	0	0.0383035	0	0	0	2.64431e-05	
0.981177	0	0	0	0.0380951	0	0	0	2.59811e-05	
0.981146	0	0	0	0.0378879	0	0	0	2.55271e-05	
0.981114	0	0	0	0.0376817	0	0	0	2.50811e-05	
0.981083	0	0	0	0.0374767	0	0	0	2.46429e-05	
0.981052	0	0	0	0.0372729	0	0	0	2.42124e-05	
0.981021	0	0	0	0.0370701	0	0	0	2.37894e-05	
0.98099	0	0	0	0.0368684	0	0	0	2.33737e-05	
0.980959	0	0	0	0.0366678	0	0	0	2.29654e-05	
0.980928	0	0	0	0.0364684	0	0	0	2.25641e-05	
0.980897	0	0	0	0.03627	0	0	0	2.21699e-05	
0.980865	0	0	0	0.0360726	0	0	0	2.17826e-05	
0.980834	0	0	0	0.0358764	0	0	0	2.1402e-05	
0.980803	0	0	0	0.0356812	0	0	0	2.10281e-05	
0.980772	0	0	0	0.0354871	0	0	0	2.06607e-05	
0.980741	0	0	0	0.035294	0	0	0	2.02997e-05	
0.98071	0	0	0	0.035102	0	0	0	1.9945e-05	
0.980679	0	0	0	0.0349111	0	0	0	1.95966e-05	
0.980648	0	0	0	0.0347211	0	0	0	1.92542e-05	
0.980617	0	0	0	0.0345322	0	0	0	1.89178e-05	
0.980585	0	0	0	0.0343444	0	0	0	1.85873e-05	
0.980554	0	0	0	0.0341575	0	0	0	1.82625e-05	
0.980523	0	0	0	0.0339717	0	0	0	1.79434e-05	
0.980492	0	0	0	0.0337869	0	0	0	1.76299e-05	
0.980461	0	0	0	0.0336031	0	0	0	1.73219e-05	
0.98043	0	0	0	0.0334203	0	0	0	1.70193e-05	
0.980399	0	0	0	0.0332385	0	0	0	1.67219e-05	
0.980368	0	0	0	0.0330576	0	0	0	1.64298e-05	
0.980337	0	0	0	0.0328778	0	0	0	1.61427e-05	
0.980306	0	0	0	0.0326989	0	0	0	1.58607e-05	
0.980274	0	0	0	0.032521	0	0	0	1.55836e-05	
0.980243	0	0	0	0.0323441	0	0	0	1.53113e-05	
0.980212	0	0	0	0.0321681	0	0	0	1.50438e-05	
0.980181	0	0	0	0.0319931	0	0	0	1.4781e-05	
0.98015	0	0	0	0.0318191	0	0	0	1.45227e-05	
0.980119	0	0	0	0.031646	0	0	0	1.4269e-05	
0.980088	0	0	0	0.0314738	0	0	0	1.40197e-05	
0.980057	0	0	0	0.0313026	0	0	0	1.37747e-05	
0.980026	0	0	0	0.0311323	0	0	0	1.35341e-05	
0.979995	0	0	0	0.0309629	0	0	0	1.32976e-05	
0.979964	0	0	0	0.0307945	0	0	0	1.30653e-05	
0.979932	0	0	0	0.030627	0	0	0	1.2837e-05	
0.979901	0	0	0	0.0304603	0	0	0	1.26127e-05	
0.97987	0	0	0	0.0302946	0	0	0	1.23924e-05	
0.979839	0	0	0	0.0301298	0	0	0	1.21759e-05	
0.979808	0	0	0	0.0299659	0	0	0	1.19631e-05	
0.979777	0	0	0	0.0298029	0	0	0	1.17541e-05	
0.979746	0	0	0	0.0296407	0	0	0	1.15488e-05	
0.979715	0	0	0	0.0294795	0	0	0	1.1347e-05	
0.979684	0	0	0	0.0293191	0	0	0	1.11487e-05	
0.979653	0	0	0	0.0291596	0	0	0	1.0954e-05	
0.979622	0	0	0	0.029001	0	0	0	1.07626e-05	
0.979591	0	0	0	0.0288432	0	0	0	1.05745e-05	
0.979559	0	0	0	0.0286863	0	0	0	1.03898e-05	
0.979528	0	0	0	0.0285302	0	0	0	1.02083e-05	
0.979497	0	0	0	0.028375	0	0	0	1.00299e-05	
0.979466	0	0	0	0.0282206	0	0	0	9.85467e-06	
0.979435	0	0	0	0.0280671	0	0	0	9.68249e-06	
0.979404	0	0	0	0.0279144	0	0	0	9.51333e-06	
0.979373	0	0	0	0.0277626	0	0	0	9.34712e-06	
0.979342	0	0	0	0.0276115	0	0	0	9.18381e-06	
0.979311	0	0	0	0.0274613	0	0	0	9.02335e-06	
0.97928	0	0	0	0.0273119	0	0	0	8.8657e-06	
0.979249	0	0	0	0.0271633	0	0	0	8.71081e-06	
0.979218	0	0	0	0.0270155	0	0	0	8.55862e-06	
0.979187	0	0	0	0.0268686	0	0	0	8.40908e-06	
0.979156	0	0	0	0.0267224	0	0	0	8.26217e-06	
0.979124	0	0	0	0.026577	0	0	0	8.11781e-06	
0.979093	0	0	0	0.0264324	0	0	0	7.97598e-06	
0.979062	0	0	0	0.0262886	0	0	0	7.83663e-06	
0.979031	0	0	0	0.0261456	0	0	0	7.69971e-06	
0.979	0	0	0	0.0260034	0	0	0	7.56519e-06	
0.978969	0	0	0	0.0258619	0	0	0	7.43302e-06	
0.978938	0	0	0	0.0257212	0	0	0	7.30315e-06	
0.978907	0	0	0	0.0255813	0	0	0	7.17555e-06	
0.978876	0	0	0	0.0254421	0	0	0	7.05019e-06	
0.978845	0	0	0	0.0253037	0	0	0	6.92701e-06	
0.978814	0	0	0	0.025166	0	0	0	6.80598e-06	
0.978783	0	0	0	0.0250291	0	0	0	6.68707e-06	
0.978752	0	0	0	0.024893	0	0	0	6.57024e-06	
0.978721	0	0	0	0.0247575	0	0	0	6.45545e-06	
0.97869	0	0	0	0.0246229	0	0	0	6.34266e-06	
0.978659	0	0	0	0.0244889	0	0	0	6.23185e-06	
0.978628	0	0	0	0.0243557	0	0	0	6.12297e-06	
0.978597	0	0	0	0.0242232	0	0	0	6.01599e-06	
0.978566	0	0	0	0.0240914	0	0	0	5.91088e-06	
0.978534	0	0	0	0.0239603	0	0	0	5.80761e-06	
0.978503	0	0	0	0.02383	0	0	0	5.70614e-06	
0.978472	0	0	0	0.0237003	0	0	0	5.60645e-06	
0.978441	0	0	0	0.0235714	0	0	0	5.5085e-06	
0.97841	0	0	0	0.0234432	0	0	0	5.41226e-06	
0.978379	0	0	0	0.0233156	0	0	0	5.3177e-06	
0.978348	0	0	0	0.0231888	0	0	0	5.22479e-06	
0.978317	0	0	0	0.0230626	0	0	0	5.1335e-06	
0.978286	0	0	0	0.0229372	0	0	0	5.04381e-06	
0.978255	0	0	0	0.0228124	0	0	0	4.95569e-06	
0.978224	0	0	0	0.0226883	0	0	0	4.86911e-06	
0.978193	0	0	0	0.0225648	0	0	0	4.78404e-06	
0.978162	0	0	0	0.0224421	0	0	0	4.70045e-06	
0.978131	0	0	0	0.02232	0	0	0	4.61833e-06	
0.9781	0	0	0	0.0221986	0	0	0	4.53764e-06	
0.978069	0	0	0	0.0220778	0	0	0	4.45836e-06	
0.978038	0	0	0	0.0219577	0	0	0	4.38047e-06	
