1	0	0	0	1	0	0	0	1	
0.997104	1.01806e-06	0	0	0.992093	0	0	0	0.992093	
0.994227	4.0288e-06	0	0	0.984302	0	0	0	0.984302	
0.991359	8.99782e-06	0	0	0.976575	0	0	0	0.976575	
0.988499	1.5885e-05	0	0	0.968912	0	0	0	0.968912	
0.985647	2.46508e-05	0	0	0.961312	0	0	0	0.961312	
0.982804	3.52567e-05	0	0	0.953775	0	0	0	0.953775	
0.979968	4.76646e-05	0	0	0.946299	0	0	0	0.946299	
0.977141	6.18371e-05	0	0	0.938886	0	0	0	0.938886	
0.974322	7.77376e-05	0	0	0.931533	0	0	0	0.931533	
0.971511	9.53301e-05	0	0	0.924241	0	0	0	0.924241	
0.968708	0.000114579	0	0	0.917009	0	0	0	0.917009	
0.965914	0.00013545	0	0	0.909837	0	0	0	0.909837	
0.963127	0.000157908	0	0	0.902723	0	0	0	0.902723	
0.960349	0.00018192	0	0	0.895668	0	0	0	0.895668	
0.957578	0.000207453	0	0	0.88867	0	0	0	0.88867	
0.954816	0.000234474	0	0	0.88173	0	0	0	0.88173	
0.952061	0.000262951	0	0	0.874847	0	0	0	0.874847	
0.949314	0.000292852	0	0	0.868021	0	0	0	0.868021	
0.946576	0.000324148	0	0	0.86125	0	0	0	0.86125	
0.943845	0.000356806	0	0	0.854535	0	0	0	0.854535	
0.941122	0.000390798	0	0	0.847875	0	0	0	0.847875	
0.938407	0.000426094	0	0	0.84127	0	0	0	0.84127	
0.9357	0.000462664	0	0	0.834718	0	0	0	0.834718	
0.933	0.00050048	0	0	0.82822	0	0	0	0.82822	
0.930308	0.000539515	0	0	0.821776	0	0	0	0.821776	
0.927625	0.000579739	0	0	0.815384	0	0	0	0.815384	
0.924948	0.000621127	0	0	0.809044	0	0	0	0.809044	
0.92228	0.000663651	0	0	0.802756	0	0	0	0.802756	
0.919619	0.000707284	0	0	0.796519	0	0	0	0.796519	
0.916966	0.000752002	0	0	0.790333	0	0	0	0.790333	
0.914321	0.000797777	0	0	0.784198	0	0	0	0.784198	
0.911683	0.000844586	0	0	0.778113	0	0	0	0.778113	
0.909053	0.000892403	0	0	0.772077	0	0	0	0.772077	
0.90643	0.000941203	0	0	0.766091	0	0	0	0.766091	
0.903815	0.000990964	0	0	0.760153	0	0	0	0.760153	
0.901208	0.00104166	0	0	0.754264	0	0	0	0.754264	
0.898608	0.00109327	0	0	0.748422	0	0	0	0.748422	
0.896016	0.00114577	0	0	0.742628	0	0	0	0.742628	
0.893431	0.00119914	0	0	0.736882	0	0	0	0.736882	
0.890853	0.00125335	0	0	0.731182	0	0	0	0.731182	
0.888283	0.00130838	0	0	0.725528	0	0	0	0.725528	
0.88572	0.00136422	0	0	0.71992	0	0	0	0.71992	
0.883165	0.00142083	0	0	0.714358	0	0	0	0.714358	
0.880617	0.00147821	0	0	0.708841	0	0	0	0.708841	
0.878077	0.00153632	0	0	0.703368	0	0	0	0.703368	
0.875544	0.00159516	0	0	0.69794	0	0	0	0.69794	
0.873018	0.00165469	0	0	0.692556	0	0	0	0.692556	
0.870499	0.0017149	0	0	0.687216	0	0	0	0.687216	
0.867988	0.00177577	0	0	0.681919	0	0	0	0.681919	
0.865484	0.00183728	0	0	0.676665	0	0	0	0.676665	
0.862987	0.00189941	0	0	0.671454	0	0	0	0.671454	
0.860497	0.00196215	0	0	0.666284	0	0	0	0.666284	
0.858015	0.00202547	0	0	0.661157	0	0	0	0.661157	
0.855539	0.00208936	0	0	0.65607	0	0	0	0.65607	
0.853071	0.0021538	0	0	0.651025	0	0	0	0.651025	
0.85061	0.00221877	0	0	0.646021	0	0	0	0.646021	
0.848156	0.00228425	0	0	0.641057	0	0	0	0.641057	
0.845709	0.00235023	0	0	0.636134	0	0	0	0.636134	
0.84327	0.0024167	0	0	0.63125	0	0	0	0.63125	
0.840837	0.00248363	0	0	0.626405	0	0	0	0.626405	
0.838411	0.00255101	0	0	0.6216	0	0	0	0.6216	
0.835992	0.00261883	0	0	0.616833	0	0	0	0.616833	
0.83358	0.00268706	0	0	0.612105	0	0	0	0.612105	
0.831176	0.0027557	0	0	0.607414	0	0	0	0.607414	
0.828778	0.00282472	0	0	0.602762	0	0	0	0.602762	
0.826387	0.00289412	0	0	0.598147	0	0	0	0.598147	
0.824003	0.00296387	0	0	0.593569	0	0	0	0.593569	
0.821625	0.00303397	0	0	0.589028	0	0	0	0.589028	
0.819255	0.0031044	0	0	0.584524	0	0	0	0.584524	
0.816892	0.00317515	0	0	0.580055	0	0	0	0.580055	
0.814535	0.0032462	0	0	0.575623	0	0	0	0.575623	
0.812185	0.00331754	0	0	0.571226	0	0	0	0.571226	
0.809842	0.00338915	0	0	0.566865	0	0	0	0.566865	
0.807506	0.00346103	0	0	0.562538	0	0	0	0.562538	
0.805176	0.00353315	0	0	0.558246	0	0	0	0.558246	
0.802853	0.00360552	0	0	0.553989	0	0	0	0.553989	
0.800537	0.00367811	0	0	0.549766	0	0	0	0.549766	
0.798227	0.00375091	0	0	0.545577	0	0	0	0.545577	
0.795925	0.00382391	0	0	0.541421	0	0	0	0.541421	
0.793628	0.00389711	0	0	0.537298	0	0	0	0.537298	
0.791339	0.00397048	0	0	0.533209	0	0	0	0.533209	
0.789056	0.00404401	0	0	0.529152	0	0	0	0.529152	
0.78678	0.0041177	0	0	0.525128	0	0	0	0.525128	
0.78451	0.00419154	0	0	0.521135	0	0	0	0.521135	
0.782246	0.00426551	0	0	0.517175	0	0	0	0.517175	
0.77999	0.0043396	0	0	0.513247	0	0	0	0.513247	
0.77774	0.0044138	0	0	0.509349	0	0	0	0.509349	
0.775496	0.0044881	0	0	0.505483	0	0	0	0.505483	
0.773259	0.0045625	0	0	0.501648	0	0	0	0.501648	
0.771028	0.00463697	0	0	0.497844	0	0	0	0.497844	
0.768803	0.00471152	0	0	0.494069	0	0	0	0.494069	
0.766585	0.00478613	0	0	0.490325	0	0	0	0.490325	
0.764374	0.00486079	0	0	0.486611	0	0	0	0.486611	
0.762169	0.0049355	0	0	0.482926	0	0	0	0.482926	
0.75997	0.00501024	0	0	0.479271	0	0	0	0.479271	
0.757777	0.005085	0	0	0.475644	0	0	0	0.475644	
0.755591	0.00515979	0	0	0.472047	0	0	0	0.472047	
0.753411	0.00523458	0	0	0.468478	0	0	0	0.468478	
0.751238	0.00530936	0	0	0.464937	0	0	0	0.464937	
0.749071	0.00538414	0	0	0.461425	0	0	0	0.461425	
0.74691	0.0054589	0	0	0.457941	0	0	0	0.457941	
0.744755	0.00553364	0	0	0.454484	0	0	0	0.454484	
0.742606	0.00560834	0	0	0.451055	0	0	0	0.451055	
0.740464	0.005683	0	0	0.447653	0	0	0	0.447653	
0.738328	0.00575762	0	0	0.444278	0	0	0	0.444278	
0.736198	0.00583217	0	0	0.440929	0	0	0	0.440929	
0.734074	0.00590666	0	0	0.437608	0	0	0	0.437608	
0.731956	0.00598109	0	0	0.434312	0	0	0	0.434312	
0.729844	0.00605543	0	0	0.431043	0	0	0	0.431043	
0.727739	0.00612969	0	0	0.4278	0	0	0	0.4278	
0.725639	0.00620385	0	0	0.424582	0	0	0	0.424582	
0.723546	0.00627792	0	0	0.42139	0	0	0	0.42139	
0.721459	0.00635188	0	0	0.418223	0	0	0	0.418223	
0.719377	0.00642573	0	0	0.415081	0	0	0	0.415081	
0.717302	0.00649946	0	0	0.411963	0	0	0	0.411963	
0.715232	0.00657307	0	0	0.408871	0	0	0	0.408871	
0.713169	0.00664655	0	0	0.405803	0	0	0	0.405803	
0.711112	0.00671989	0	0	0.402759	0	0	0	0.402759	
0.70906	0.00679309	0	0	0.399739	0	0	0	0.399739	
0.707014	0.00686614	0	0	0.396743	0	0	0	0.396743	
0.704975	0.00693904	0	0	0.393771	0	0	0	0.393771	
0.702941	0.00701177	0	0	0.390822	0	0	0	0.390822	
0.700913	0.00708435	0	0	0.387896	0	0	0	0.387896	
0.698891	0.00715675	0	0	0.384994	0	0	0	0.384994	
0.696875	0.00722898	0	0	0.382114	0	0	0	0.382114	
0.694864	0.00730103	0	0	0.379257	0	0	0	0.379257	
0.69286	0.00737289	0	0	0.376422	0	0	0	0.376422	
0.690861	0.00744457	0	0	0.37361	0	0	0	0.37361	
0.688868	0.00751604	0	0	0.37082	0	0	0	0.37082	
0.68688	0.00758732	0	0	0.368052	0	0	0	0.368052	
0.684899	0.0076584	0	0	0.365305	0	0	0	0.365305	
0.682923	0.00772926	0	0	0.36258	0	0	0	0.36258	
0.680953	0.00779992	0	0	0.359877	0	0	0	0.359877	
0.678988	0.00787035	0	0	0.357194	0	0	0	0.357194	
0.677029	0.00794057	0	0	0.354533	0	0	0	0.354533	
0.675076	0.00801055	0	0	0.351893	0	0	0	0.351893	
0.673129	0.00808031	0	0	0.349273	0	0	0	0.349273	
0.671187	0.00814984	0	0	0.346674	0	0	0	0.346674	
0.66925	0.00821913	0	0	0.344095	0	0	0	0.344095	
0.66732	0.00828817	0	0	0.341537	0	0	0	0.341537	
0.665394	0.00835698	0	0	0.338998	0	0	0	0.338998	
0.663475	0.00842553	0	0	0.33648	0	0	0	0.33648	
0.661561	0.00849383	0	0	0.333981	0	0	0	0.333981	
0.659652	0.00856188	0	0	0.331501	0	0	0	0.331501	
0.657749	0.00862967	0	0	0.329041	0	0	0	0.329041	
0.655852	0.00869719	0	0	0.3266	0	0	0	0.3266	
0.653959	0.00876445	0	0	0.324179	0	0	0	0.324179	
0.652073	0.00883145	0	0	0.321776	0	0	0	0.321776	
0.650192	0.00889817	0	0	0.319392	0	0	0	0.319392	
0.648316	0.00896462	0	0	0.317026	0	0	0	0.317026	
0.646445	0.00903079	0	0	0.314679	0	0	0	0.314679	
0.644581	0.00909668	0	0	0.312351	0	0	0	0.312351	
0.642721	0.00916228	0	0	0.31004	0	0	0	0.31004	
0.640867	0.00922761	0	0	0.307748	0	0	0	0.307748	
0.639018	0.00929264	0	0	0.305473	0	0	0	0.305473	
0.637174	0.00935739	0	0	0.303216	0	0	0	0.303216	
0.635336	0.00942184	0	0	0.300977	0	0	0	0.300977	
0.633503	0.009486	0	0	0.298755	0	0	0	0.298755	
0.631676	0.00954986	0	0	0.29655	0	0	0	0.29655	
0.629853	0.00961342	0	0	0.294363	0	0	0	0.294363	
0.628036	0.00967668	0	0	0.292192	0	0	0	0.292192	
0.626224	0.00973964	0	0	0.290038	0	0	0	0.290038	
0.624418	0.00980229	0	0	0.287901	0	0	0	0.287901	
0.622616	0.00986463	0	0	0.285781	0	0	0	0.285781	
0.62082	0.00992666	0	0	0.283677	0	0	0	0.283677	
0.619029	0.00998838	0	0	0.28159	0	0	0	0.28159	
0.617243	0.0100498	0	0	0.279518	0	0	0	0.279518	
0.615463	0.0101109	0	0	0.277463	0	0	0	0.277463	
0.613687	0.0101717	0	0	0.275424	0	0	0	0.275424	
0.611917	0.0102321	0	0	0.2734	0	0	0	0.2734	
0.610151	0.0102923	0	0	0.271392	0	0	0	0.271392	
0.608391	0.0103521	0	0	0.2694	0	0	0	0.2694	
0.606636	0.0104116	0	0	0.267423	0	0	0	0.267423	
0.604886	0.0104707	0	0	0.265461	0	0	0	0.265461	
0.603141	0.0105296	0	0	0.263515	0	0	0	0.263515	
0.601401	0.0105881	0	0	0.261583	0	0	0	0.261583	
0.599666	0.0106463	0	0	0.259667	0	0	0	0.259667	
0.597936	0.0107042	0	0	0.257765	0	0	0	0.257765	
0.596211	0.0107617	0	0	0.255878	0	0	0	0.255878	
0.594491	0.0108189	0	0	0.254006	0	0	0	0.254006	
0.592775	0.0108758	0	0	0.252148	0	0	0	0.252148	
0.591065	0.0109323	0	0	0.250304	0	0	0	0.250304	
0.58936	0.0109885	0	0	0.248475	0	0	0	0.248475	
0.58766	0.0110444	0	0	0.24666	0	0	0	0.24666	
0.585965	0.0110999	0	0	0.244858	0	0	0	0.244858	
0.584274	0.0111551	0	0	0.243071	0	0	0	0.243071	
0.582588	0.01121	0	0	0.241297	0	0	0	0.241297	
0.580908	0.0112645	0	0	0.239537	0	0	0	0.239537	
0.579232	0.0113187	0	0	0.237791	0	0	0	0.237791	
0.577561	0.0113725	0	0	0.236058	0	0	0	0.236058	
0.575895	0.0114261	0	0	0.234338	0	0	0	0.234338	
0.574233	0.0114792	0	0	0.232632	0	0	0	0.232632	
0.572577	0.0115321	0	0	0.230938	0	0	0	0.230938	
0.570925	0.0115846	0	0	0.229258	0	0	0	0.229258	
0.569278	0.0116367	0	0	0.22759	0	0	0	0.22759	
0.567635	0.0116885	0	0	0.225936	0	0	0	0.225936	
0.565998	0.01174	0	0	0.224294	0	0	0	0.224294	
0.564365	0.0117912	0	0	0.222665	0	0	0	0.222665	
0.562737	0.011842	0	0	0.221048	0	0	0	0.221048	
0.561113	0.0118924	0	0	0.219443	0	0	0	0.219443	
