1	0	0	0	1	0	0	0	1	
0.999932	1.70212e-06	0	3.86395e-07	0.995043	0	0	0	0.9808	
0.999865	6.66734e-06	0	1.51451e-06	0.990154	0	0	0	0.962248	
0.999798	1.47154e-05	0	3.34247e-06	0.985293	0	0	0	0.944053	
0.999731	2.567e-05	0	5.83027e-06	0.98046	0	0	0	0.926207	
0.999665	3.93699e-05	0	8.94129e-06	0.975655	0	0	0	0.908703	
0.9996	5.56668e-05	0	1.26419e-05	0.970878	0	0	0	0.891534	
0.999534	7.4424e-05	0	1.6901e-05	0.966129	0	0	0	0.874695	
0.999469	9.55153e-05	0	2.16899e-05	0.961406	0	0	0	0.858178	
0.999405	0.000118823	0	2.69821e-05	0.95671	0	0	0	0.841977	
0.999341	0.000144239	0	3.27528e-05	0.95204	0	0	0	0.826087	
0.999277	0.00017166	0	3.89788e-05	0.947396	0	0	0	0.8105	
0.999213	0.000200992	0	4.56386e-05	0.942779	0	0	0	0.795212	
0.99915	0.000232146	0	5.27118e-05	0.938186	0	0	0	0.780215	
0.999087	0.000265037	0	6.01795e-05	0.933619	0	0	0	0.765506	
0.999024	0.000299586	0	6.80237e-05	0.929077	0	0	0	0.751077	
0.998962	0.00033572	0	7.62274e-05	0.92456	0	0	0	0.736924	
0.9989	0.000373367	0	8.47748e-05	0.920067	0	0	0	0.723041	
0.998838	0.00041246	0	9.36505e-05	0.915599	0	0	0	0.709423	
0.998776	0.000452937	0	0.00010284	0.911155	0	0	0	0.696065	
0.998715	0.000494738	0	0.000112331	0.906734	0	0	0	0.682962	
0.998653	0.000537804	0	0.000122108	0.902338	0	0	0	0.670109	
0.998592	0.000582082	0	0.000132161	0.897964	0	0	0	0.657501	
0.998532	0.00062752	0	0.000142477	0.893615	0	0	0	0.645133	
0.998471	0.000674067	0	0.000153045	0.889288	0	0	0	0.633001	
0.99841	0.000721678	0	0.000163854	0.884984	0	0	0	0.6211	
0.99835	0.000770305	0	0.000174894	0.880703	0	0	0	0.609426	
0.99829	0.000819907	0	0.000186155	0.876445	0	0	0	0.597975	
0.99823	0.000870441	0	0.000197628	0.872209	0	0	0	0.586741	
0.998171	0.000921867	0	0.000209303	0.867995	0	0	0	0.575721	
0.998111	0.000974147	0	0.000221173	0.863803	0	0	0	0.564911	
0.998052	0.00102724	0	0.000233228	0.859633	0	0	0	0.554307	
0.997992	0.00108112	0	0.00024546	0.855485	0	0	0	0.543905	
0.997933	0.00113575	0	0.000257862	0.851358	0	0	0	0.5337	
0.997874	0.0011911	0	0.000270427	0.847253	0	0	0	0.52369	
0.997816	0.00124712	0	0.000283147	0.843169	0	0	0	0.513869	
0.997757	0.0013038	0	0.000296015	0.839107	0	0	0	0.504236	
0.997699	0.00136111	0	0.000309025	0.835065	0	0	0	0.494786	
0.99764	0.00141901	0	0.00032217	0.831044	0	0	0	0.485515	
0.997582	0.00147748	0	0.000335445	0.827043	0	0	0	0.476421	
0.997524	0.0015365	0	0.000348843	0.823064	0	0	0	0.467499	
0.997466	0.00159603	0	0.000362359	0.819104	0	0	0	0.458746	
0.997408	0.00165605	0	0.000375986	0.815165	0	0	0	0.45016	
0.99735	0.00171655	0	0.000389721	0.811246	0	0	0	0.441737	
0.997293	0.00177749	0	0.000403557	0.807347	0	0	0	0.433474	
0.997235	0.00183886	0	0.000417489	0.803468	0	0	0	0.425368	
0.997178	0.00190064	0	0.000431513	0.799608	0	0	0	0.417416	
0.99712	0.00196279	0	0.000445625	0.795768	0	0	0	0.409614	
0.997063	0.00202531	0	0.000459819	0.791948	0	0	0	0.40196	
0.997006	0.00208818	0	0.000474091	0.788147	0	0	0	0.394452	
0.996949	0.00215137	0	0.000488438	0.784365	0	0	0	0.387086	
0.996892	0.00221487	0	0.000502854	0.780602	0	0	0	0.37986	
0.996835	0.00227867	0	0.000517337	0.776858	0	0	0	0.372771	
0.996779	0.00234273	0	0.000531882	0.773133	0	0	0	0.365816	
0.996722	0.00240706	0	0.000546486	0.769427	0	0	0	0.358992	
0.996665	0.00247163	0	0.000561144	0.765739	0	0	0	0.352299	
0.996609	0.00253642	0	0.000575855	0.76207	0	0	0	0.345732	
0.996553	0.00260143	0	0.000590613	0.758419	0	0	0	0.339289	
0.996496	0.00266663	0	0.000605417	0.754787	0	0	0	0.332968	
0.99644	0.00273203	0	0.000620262	0.751173	0	0	0	0.326767	
0.996384	0.00279759	0	0.000635147	0.747576	0	0	0	0.320684	
0.996328	0.00286331	0	0.000650067	0.743998	0	0	0	0.314715	
0.996272	0.00292917	0	0.00066502	0.740438	0	0	0	0.30886	
0.996216	0.00299517	0	0.000680004	0.736895	0	0	0	0.303115	
0.99616	0.0030613	0	0.000695016	0.73337	0	0	0	0.297479	
0.996104	0.00312753	0	0.000710052	0.729862	0	0	0	0.29195	
0.996049	0.00319386	0	0.000725111	0.726372	0	0	0	0.286525	
0.995993	0.00326028	0	0.000740191	0.7229	0	0	0	0.281203	
0.995937	0.00332678	0	0.000755288	0.719444	0	0	0	0.275981	
0.995882	0.00339335	0	0.000770401	0.716006	0	0	0	0.270858	
0.995826	0.00345998	0	0.000785527	0.712584	0	0	0	0.265832	
0.995771	0.00352665	0	0.000800664	0.70918	0	0	0	0.260901	
0.995716	0.00359337	0	0.000815811	0.705792	0	0	0	0.256063	
0.99566	0.00366012	0	0.000830964	0.702421	0	0	0	0.251317	
0.995605	0.00372689	0	0.000846123	0.699067	0	0	0	0.24666	
0.99555	0.00379368	0	0.000861285	0.695729	0	0	0	0.242091	
0.995495	0.00386047	0	0.000876449	0.692408	0	0	0	0.237608	
0.99544	0.00392726	0	0.000891612	0.689103	0	0	0	0.23321	
0.995385	0.00399404	0	0.000906773	0.685814	0	0	0	0.228895	
0.99533	0.0040608	0	0.00092193	0.682541	0	0	0	0.224661	
0.995275	0.00412755	0	0.000937083	0.679285	0	0	0	0.220507	
0.99522	0.00419426	0	0.000952228	0.676044	0	0	0	0.216432	
0.995165	0.00426093	0	0.000967365	0.67282	0	0	0	0.212433	
0.99511	0.00432757	0	0.000982492	0.669611	0	0	0	0.20851	
0.995056	0.00439415	0	0.000997608	0.666418	0	0	0	0.20466	
0.995001	0.00446068	0	0.00101271	0.663241	0	0	0	0.200884	
0.994946	0.00452714	0	0.0010278	0.660079	0	0	0	0.197178	
0.994892	0.00459354	0	0.00104287	0.656932	0	0	0	0.193542	
0.994837	0.00465986	0	0.00105793	0.653801	0	0	0	0.189975	
0.994782	0.00472611	0	0.00107297	0.650686	0	0	0	0.186475	
0.994728	0.00479228	0	0.00108799	0.647585	0	0	0	0.183041	
0.994674	0.00485835	0	0.00110299	0.6445	0	0	0	0.179672	
0.994619	0.00492433	0	0.00111797	0.641429	0	0	0	0.176365	
0.994565	0.00499022	0	0.00113293	0.638374	0	0	0	0.173122	
0.99451	0.005056	0	0.00114787	0.635334	0	0	0	0.169939	
0.994456	0.00512168	0	0.00116278	0.632308	0	0	0	0.166816	
0.994402	0.00518725	0	0.00117766	0.629297	0	0	0	0.163752	
0.994348	0.0052527	0	0.00119252	0.626301	0	0	0	0.160745	
0.994293	0.00531803	0	0.00120735	0.623319	0	0	0	0.157795	
0.994239	0.00538324	0	0.00122216	0.620352	0	0	0	0.154901	
0.994185	0.00544832	0	0.00123693	0.617399	0	0	0	0.15206	
0.994131	0.00551327	0	0.00125168	0.614461	0	0	0	0.149274	
0.994077	0.00557809	0	0.00126639	0.611536	0	0	0	0.146539	
0.994023	0.00564277	0	0.00128108	0.608626	0	0	0	0.143856	
0.993969	0.00570732	0	0.00129573	0.60573	0	0	0	0.141223	
0.993915	0.00577171	0	0.00131035	0.602849	0	0	0	0.13864	
0.993861	0.00583597	0	0.00132494	0.599981	0	0	0	0.136105	
0.993807	0.00590007	0	0.00133949	0.597127	0	0	0	0.133618	
0.993753	0.00596402	0	0.00135401	0.594287	0	0	0	0.131178	
0.993699	0.00602782	0	0.00136849	0.59146	0	0	0	0.128783	
0.993645	0.00609145	0	0.00138294	0.588647	0	0	0	0.126433	
0.993592	0.00615493	0	0.00139735	0.585848	0	0	0	0.124127	
0.993538	0.00621825	0	0.00141173	0.583063	0	0	0	0.121865	
0.993484	0.0062814	0	0.00142606	0.580291	0	0	0	0.119645	
0.99343	0.00634438	0	0.00144036	0.577532	0	0	0	0.117466	
0.993377	0.0064072	0	0.00145462	0.574786	0	0	0	0.115328	
0.993323	0.00646984	0	0.00146884	0.572054	0	0	0	0.113231	
0.993269	0.00653231	0	0.00148303	0.569335	0	0	0	0.111172	
0.993216	0.00659461	0	0.00149717	0.566629	0	0	0	0.109153	
0.993162	0.00665672	0	0.00151127	0.563937	0	0	0	0.107171	
0.993108	0.00671866	0	0.00152533	0.561257	0	0	0	0.105226	
0.993055	0.00678042	0	0.00153935	0.55859	0	0	0	0.103317	
0.993001	0.00684199	0	0.00155333	0.555936	0	0	0	0.101444	
0.992948	0.00690339	0	0.00156727	0.553295	0	0	0	0.0996066	
0.992894	0.00696459	0	0.00158116	0.550666	0	0	0	0.0978032	
0.992841	0.00702561	0	0.00159502	0.54805	0	0	0	0.0960334	
0.992787	0.00708644	0	0.00160883	0.545447	0	0	0	0.0942968	
0.992734	0.00714708	0	0.00162259	0.542856	0	0	0	0.0925926	
0.99268	0.00720753	0	0.00163632	0.540278	0	0	0	0.0909203	
0.992627	0.00726778	0	0.00165	0.537712	0	0	0	0.0892791	
0.992573	0.00732784	0	0.00166363	0.535158	0	0	0	0.0876687	
0.99252	0.00738771	0	0.00167722	0.532617	0	0	0	0.0860883	
0.992467	0.00744738	0	0.00169077	0.530088	0	0	0	0.0845373	
0.992413	0.00750686	0	0.00170427	0.527571	0	0	0	0.0830154	
0.99236	0.00756614	0	0.00171773	0.525066	0	0	0	0.0815218	
0.992307	0.00762521	0	0.00173114	0.522573	0	0	0	0.080056	
0.992253	0.00768409	0	0.00174451	0.520092	0	0	0	0.0786176	
0.9922	0.00774277	0	0.00175783	0.517624	0	0	0	0.077206	
0.992147	0.00780125	0	0.00177111	0.515166	0	0	0	0.0758207	
0.992094	0.00785952	0	0.00178434	0.512721	0	0	0	0.0744613	
0.99204	0.00791759	0	0.00179752	0.510288	0	0	0	0.0731271	
0.991987	0.00797546	0	0.00181066	0.507866	0	0	0	0.0718178	
0.991934	0.00803313	0	0.00182375	0.505455	0	0	0	0.0705328	
0.991881	0.00809059	0	0.00183679	0.503057	0	0	0	0.0692718	
0.991828	0.00814784	0	0.00184979	0.50067	0	0	0	0.0680342	
0.991775	0.00820489	0	0.00186274	0.498294	0	0	0	0.0668197	
0.991721	0.00826174	0	0.00187565	0.495929	0	0	0	0.0656277	
0.991668	0.00831837	0	0.00188851	0.493576	0	0	0	0.0644579	
0.991615	0.0083748	0	0.00190132	0.491234	0	0	0	0.0633098	
0.991562	0.00843102	0	0.00191408	0.488904	0	0	0	0.0621831	
0.991509	0.00848704	0	0.0019268	0.486584	0	0	0	0.0610773	
0.991456	0.00854284	0	0.00193947	0.484276	0	0	0	0.059992	
0.991403	0.00859844	0	0.00195209	0.481979	0	0	0	0.0589269	
0.99135	0.00865383	0	0.00196466	0.479693	0	0	0	0.0578815	
0.991297	0.00870901	0	0.00197719	0.477417	0	0	0	0.0568556	
0.991244	0.00876398	0	0.00198967	0.475153	0	0	0	0.0558486	
0.991191	0.00881874	0	0.0020021	0.472899	0	0	0	0.0548603	
0.991138	0.0088733	0	0.00201449	0.470656	0	0	0	0.0538904	
0.991085	0.00892764	0	0.00202682	0.468424	0	0	0	0.0529384	
0.991032	0.00898177	0	0.00203911	0.466203	0	0	0	0.0520041	
0.990979	0.0090357	0	0.00205136	0.463992	0	0	0	0.051087	
0.990926	0.00908941	0	0.00206355	0.461791	0	0	0	0.050187	
0.990873	0.00914292	0	0.0020757	0.459602	0	0	0	0.0493036	
0.99082	0.00919621	0	0.0020878	0.457422	0	0	0	0.0484365	
0.990767	0.0092493	0	0.00209985	0.455253	0	0	0	0.0475855	
0.990714	0.00930217	0	0.00211185	0.453095	0	0	0	0.0467502	
0.990662	0.00935484	0	0.00212381	0.450947	0	0	0	0.0459304	
0.990609	0.00940729	0	0.00213572	0.448809	0	0	0	0.0451257	
0.990556	0.00945954	0	0.00214758	0.446681	0	0	0	0.0443358	
0.990503	0.00951158	0	0.00215939	0.444563	0	0	0	0.0435606	
0.99045	0.00956341	0	0.00217116	0.442456	0	0	0	0.0427996	
0.990397	0.00961503	0	0.00218288	0.440358	0	0	0	0.0420527	
0.990344	0.00966644	0	0.00219455	0.438271	0	0	0	0.0413196	
0.990292	0.00971764	0	0.00220617	0.436193	0	0	0	0.0406	
0.990239	0.00976863	0	0.00221775	0.434126	0	0	0	0.0398937	
0.990186	0.00981942	0	0.00222928	0.432068	0	0	0	0.0392004	
0.990133	0.00987	0	0.00224076	0.43002	0	0	0	0.0385198	
0.990081	0.00992037	0	0.0022522	0.427982	0	0	0	0.0378518	
0.990028	0.00997053	0	0.00226359	0.425954	0	0	0	0.0371961	
0.989975	0.0100205	0	0.00227493	0.423935	0	0	0	0.0365524	
0.989922	0.0100702	0	0.00228622	0.421926	0	0	0	0.0359206	
0.98987	0.0101198	0	0.00229747	0.419926	0	0	0	0.0353004	
0.989817	0.0101691	0	0.00230867	0.417936	0	0	0	0.0346916	
0.989764	0.0102182	0	0.00231982	0.415956	0	0	0	0.034094	
0.989711	0.0102672	0	0.00233093	0.413985	0	0	0	0.0335073	
0.989659	0.0103159	0	0.00234199	0.412023	0	0	0	0.0329315	
0.989606	0.0103644	0	0.002353	0.410071	0	0	0	0.0323662	
0.989553	0.0104127	0	0.00236397	0.408128	0	0	0	0.0318112	
0.989501	0.0104608	0	0.00237489	0.406194	0	0	0	0.0312665	
0.989448	0.0105087	0	0.00238577	0.404269	0	0	0	0.0307317	
0.989395	0.0105564	0	0.0023966	0.402354	0	0	0	0.0302067	
0.989343	0.0106039	0	0.00240738	0.400447	0	0	0	0.0296914	
0.98929	0.0106512	0	0.00241811	0.39855	0	0	0	0.0291855	
0.989238	0.0106983	0	0.00242881	0.396662	0	0	0	0.0286888	
0.989185	0.0107452	0	0.00243945	0.394783	0	0	0	0.0282012	
0.989132	0.0107919	0	0.00245005	0.392913	0	0	0	0.0277225	
0.98908	0.0108384	0	0.0024606	0.391051	0	0	0	0.0272526	
0.989027	0.0108846	0	0.00247111	0.389199	0	0	0	0.0267913	
0.988975	0.0109307	0	0.00248158	0.387355	0	0	0	0.0263384	
0.988922	0.0109766	0	0.00249199	0.38552	0	0	0	0.0258937	
0.988869	0.0110223	0	0.00250237	0.383694	0	0	0	0.0254572	
0.988817	0.0110678	0	0.00251269	0.381876	0	0	0	0.0250286	
0.988764	0.0111131	0	0.00252298	0.380068	0	0	0	0.0246079	
0.988712	0.0111582	0	0.00253321	0.378267	0	0	0	0.0241948	
0.988659	0.0112031	0	0.00254341	0.376476	0	0	0	0.0237892	
0.988607	0.0112478	0	0.00255356	0.374693	0	0	0	0.023391	
0.988554	0.0112923	0	0.00256366	0.372918	0	0	0	0.0230001	
0.988502	0.0113366	0	0.00257372	0.371152	0	0	0	0.0226163	
0.988449	0.0113807	0	0.00258374	0.369394	0	0	0	0.0222394	
0.988397	0.0114247	0	0.00259371	0.367644	0	0	0	0.0218694	
0.988344	0.0114684	0	0.00260364	0.365903	0	0	0	0.0215061	
0.988292	0.0115119	0	0.00261352	0.36417	0	0	0	0.0211494	
0.988239	0.0115553	0	0.00262336	0.362446	0	0	0	0.0207992	
0.988187	0.0115984	0	0.00263316	0.360729	0	0	0	0.0204553	
0.988134	0.0116414	0	0.00264291	0.359021	0	0	0	0.0201177	
0.988082	0.0116842	0	0.00265262	0.357321	0	0	0	0.0197861	
0.988029	0.0117268	0	0.00266229	0.355629	0	0	0	0.0194606	
0.987977	0.0117691	0	0.00267192	0.353945	0	0	0	0.019141	
0.987924	0.0118114	0	0.0026815	0.352269	0	0	0	0.0188271	
0.987872	0.0118534	0	0.00269104	0.350601	0	0	0	0.0185189	
0.987819	0.0118952	0	0.00270053	0.34894	0	0	0	0.0182163	
0.987767	0.0119368	0	0.00270999	0.347288	0	0	0	0.0179192	
0.987715	0.0119783	0	0.0027194	0.345644	0	0	0	0.0176274	
0.987662	0.0120196	0	0.00272877	0.344007	0	0	0	0.0173408	
0.98761	0.0120606	0	0.00273809	0.342378	0	0	0	0.0170595	
0.987557	0.0121015	0	0.00274738	0.340757	0	0	0	0.0167832	
0.987505	0.0121423	0	0.00275662	0.339144	0	0	0	0.0165119	
0.987453	0.0121828	0	0.00276582	0.337538	0	0	0	0.0162454	
0.9874	0.0122231	0	0.00277498	0.33594	0	0	0	0.0159838	
0.987348	0.0122633	0	0.0027841	0.33435	0	0	0	0.0157268	
0.987295	0.0123033	0	0.00279318	0.332767	0	0	0	0.0154745	
0.987243	0.0123431	0	0.00280222	0.331191	0	0	0	0.0152267	
0.987191	0.0123827	0	0.00281121	0.329623	0	0	0	0.0149834	
0.987138	0.0124222	0	0.00282017	0.328063	0	0	0	0.0147444	
0.987086	0.0124614	0	0.00282908	0.32651	0	0	0	0.0145097	
0.987034	0.0125005	0	0.00283795	0.324964	0	0	0	0.0142792	
0.986981	0.0125394	0	0.00284679	0.323426	0	0	0	0.0140528	
0.986929	0.0125782	0	0.00285558	0.321894	0	0	0	0.0138305	
0.986877	0.0126167	0	0.00286433	0.320371	0	0	0	0.0136121	
0.986824	0.0126551	0	0.00287305	0.318854	0	0	0	0.0133977	
0.986772	0.0126933	0	0.00288172	0.317345	0	0	0	0.013187	
0.98672	0.0127313	0	0.00289035	0.315842	0	0	0	0.0129802	
0.986667	0.0127692	0	0.00289895	0.314347	0	0	0	0.012777	
0.986615	0.0128069	0	0.0029075	0.312859	0	0	0	0.0125774	
0.986563	0.0128444	0	0.00291602	0.311378	0	0	0	0.0123814	
0.986511	0.0128817	0	0.00292449	0.309905	0	0	0	0.0121889	
0.986458	0.0129189	0	0.00293293	0.308438	0	0	0	0.0119998	
0.986406	0.0129559	0	0.00294133	0.306978	0	0	0	0.0118141	
0.986354	0.0129927	0	0.00294969	0.305525	0	0	0	0.0116316	
0.986302	0.0130293	0	0.00295801	0.304079	0	0	0	0.0114524	
0.986249	0.0130658	0	0.0029663	0.302639	0	0	0	0.0112764	
0.986197	0.0131022	0	0.00297454	0.301207	0	0	0	0.0111035	
0.986145	0.0131383	0	0.00298275	0.299781	0	0	0	0.0109336	
0.986093	0.0131743	0	0.00299092	0.298362	0	0	0	0.0107668	
0.98604	0.0132101	0	0.00299905	0.29695	0	0	0	0.0106029	
0.985988	0.0132458	0	0.00300714	0.295545	0	0	0	0.0104419	
0.985936	0.0132812	0	0.0030152	0.294146	0	0	0	0.0102837	
0.985884	0.0133166	0	0.00302322	0.292754	0	0	0	0.0101284	
0.985831	0.0133517	0	0.0030312	0.291368	0	0	0	0.00997574	
0.985779	0.0133867	0	0.00303914	0.28999	0	0	0	0.0098258	
0.985727	0.0134215	0	0.00304705	0.288617	0	0	0	0.0096785	
0.985675	0.0134562	0	0.00305492	0.287251	0	0	0	0.00953378	
0.985623	0.0134907	0	0.00306276	0.285892	0	0	0	0.00939161	
0.98557	0.0135251	0	0.00307055	0.284539	0	0	0	0.00925193	
0.985518	0.0135593	0	0.00307832	0.283192	0	0	0	0.00911471	
0.985466	0.0135933	0	0.00308604	0.281852	0	0	0	0.00897989	
0.985414	0.0136272	0	0.00309373	0.280518	0	0	0	0.00884743	
0.985362	0.0136609	0	0.00310138	0.279191	0	0	0	0.00871728	
0.985309	0.0136944	0	0.003109	0.27787	0	0	0	0.00858941	
0.985257	0.0137278	0	0.00311658	0.276555	0	0	0	0.00846378	
0.985205	0.0137611	0	0.00312413	0.275246	0	0	0	0.00834033	
0.985153	0.0137942	0	0.00313164	0.273944	0	0	0	0.00821904	
0.985101	0.0138271	0	0.00313912	0.272647	0	0	0	0.00809987	
0.985049	0.0138599	0	0.00314656	0.271357	0	0	0	0.00798276	
0.984997	0.0138925	0	0.00315397	0.270073	0	0	0	0.00786769	
0.984944	0.013925	0	0.00316134	0.268795	0	0	0	0.00775463	
0.984892	0.0139573	0	0.00316867	0.267523	0	0	0	0.00764352	
0.98484	0.0139894	0	0.00317598	0.266257	0	0	0	0.00753434	
0.984788	0.0140215	0	0.00318325	0.264997	0	0	0	0.00742705	
0.984736	0.0140533	0	0.00319048	0.263744	0	0	0	0.00732162	
0.984684	0.014085	0	0.00319768	0.262496	0	0	0	0.00721801	
0.984632	0.0141166	0	0.00320485	0.261254	0	0	0	0.00711619	
0.98458	0.014148	0	0.00321198	0.260017	0	0	0	0.00701613	
0.984528	0.0141793	0	0.00321908	0.258787	0	0	0	0.0069178	
0.984475	0.0142104	0	0.00322614	0.257563	0	0	0	0.00682116	
0.984423	0.0142414	0	0.00323317	0.256344	0	0	0	0.00672618	
0.984371	0.0142722	0	0.00324017	0.255131	0	0	0	0.00663283	
0.984319	0.0143029	0	0.00324714	0.253924	0	0	0	0.00654109	
0.984267	0.0143334	0	0.00325407	0.252723	0	0	0	0.00645092	
0.984215	0.0143638	0	0.00326097	0.251527	0	0	0	0.00636229	
0.984163	0.0143941	0	0.00326784	0.250337	0	0	0	0.00627519	
0.984111	0.0144242	0	0.00327467	0.249153	0	0	0	0.00618957	
0.984059	0.0144542	0	0.00328148	0.247974	0	0	0	0.00610542	
0.984007	0.014484	0	0.00328825	0.246801	0	0	0	0.0060227	
0.983955	0.0145137	0	0.00329499	0.245633	0	0	0	0.00594139	
0.983903	0.0145432	0	0.00330169	0.244471	0	0	0	0.00586147	
0.983851	0.0145726	0	0.00330837	0.243314	0	0	0	0.0057829	
0.983799	0.0146019	0	0.00331501	0.242163	0	0	0	0.00570567	
0.983747	0.014631	0	0.00332162	0.241017	0	0	0	0.00562976	
0.983695	0.01466	0	0.0033282	0.239877	0	0	0	0.00555513	
0.983642	0.0146888	0	0.00333475	0.238742	0	0	0	0.00548176	
0.98359	0.0147175	0	0.00334127	0.237613	0	0	0	0.00540963	
0.983538	0.0147461	0	0.00334775	0.236489	0	0	0	0.00533872	
0.983486	0.0147745	0	0.00335421	0.23537	0	0	0	0.00526901	
0.983434	0.0148028	0	0.00336063	0.234257	0	0	0	0.00520048	
0.983382	0.014831	0	0.00336703	0.233148	0	0	0	0.0051331	
0.98333	0.014859	0	0.00337339	0.232046	0	0	0	0.00506685	
0.983278	0.0148869	0	0.00337972	0.230948	0	0	0	0.00500171	
0.983226	0.0149147	0	0.00338603	0.229855	0	0	0	0.00493767	
0.983174	0.0149423	0	0.0033923	0.228768	0	0	0	0.0048747	
0.983122	0.0149698	0	0.00339854	0.227686	0	0	0	0.00481278	
0.98307	0.0149972	0	0.00340476	0.226609	0	0	0	0.0047519	
0.983019	0.0150244	0	0.00341094	0.225537	0	0	0	0.00469204	
0.982967	0.0150515	0	0.00341709	0.22447	0	0	0	0.00463317	
0.982915	0.0150785	0	0.00342322	0.223408	0	0	0	0.00457528	
0.982863	0.0151053	0	0.00342931	0.222351	0	0	0	0.00451836	
0.982811	0.0151321	0	0.00343538	0.2213	0	0	0	0.00446238	
0.982759	0.0151587	0	0.00344142	0.220253	0	0	0	0.00440733	
0.982707	0.0151851	0	0.00344742	0.219211	0	0	0	0.00435319	
0.982655	0.0152115	0	0.0034534	0.218174	0	0	0	0.00429995	
0.982603	0.0152377	0	0.00345935	0.217142	0	0	0	0.00424758	
0.982551	0.0152638	0	0.00346528	0.216115	0	0	0	0.00419608	
0.982499	0.0152897	0	0.00347117	0.215093	0	0	0	0.00414543	
0.982447	0.0153156	0	0.00347704	0.214075	0	0	0	0.00409561	
0.982395	0.0153413	0	0.00348287	0.213063	0	0	0	0.00404661	
0.982343	0.0153669	0	0.00348868	0.212055	0	0	0	0.00399842	
0.982291	0.0153923	0	0.00349446	0.211052	0	0	0	0.00395101	
0.982239	0.0154177	0	0.00350022	0.210054	0	0	0	0.00390438	
0.982187	0.0154429	0	0.00350594	0.20906	0	0	0	0.00385851	
0.982136	0.015468	0	0.00351164	0.208071	0	0	0	0.00381339	
0.982084	0.015493	0	0.00351731	0.207087	0	0	0	0.00376901	
0.982032	0.0155178	0	0.00352295	0.206108	0	0	0	0.00372535	
0.98198	0.0155426	0	0.00352857	0.205133	0	0	0	0.00368239	
0.981928	0.0155672	0	0.00353416	0.204163	0	0	0	0.00364014	
0.981876	0.0155917	0	0.00353972	0.203197	0	0	0	0.00359856	
0.981824	0.0156161	0	0.00354526	0.202236	0	0	0	0.00355766	
0.981772	0.0156403	0	0.00355077	0.20128	0	0	0	0.00351742	
0.98172	0.0156645	0	0.00355625	0.200328	0	0	0	0.00347783	
0.981669	0.0156885	0	0.0035617	0.19938	0	0	0	0.00343888	
0.981617	0.0157124	0	0.00356713	0.198437	0	0	0	0.00340055	
0.981565	0.0157362	0	0.00357254	0.197499	0	0	0	0.00336284	
0.981513	0.0157599	0	0.00357791	0.196565	0	0	0	0.00332573	
0.981461	0.0157835	0	0.00358326	0.195635	0	0	0	0.00328921	
0.981409	0.0158069	0	0.00358859	0.19471	0	0	0	0.00325328	
0.981357	0.0158303	0	0.00359389	0.193789	0	0	0	0.00321792	
0.981306	0.0158535	0	0.00359916	0.192872	0	0	0	0.00318312	
0.981254	0.0158766	0	0.00360441	0.19196	0	0	0	0.00314888	
0.981202	0.0158996	0	0.00360963	0.191052	0	0	0	0.00311518	
0.98115	0.0159225	0	0.00361483	0.190149	0	0	0	0.00308201	
0.981098	0.0159453	0	0.00362	0.18925	0	0	0	0.00304937	
0.981046	0.015968	0	0.00362515	0.188355	0	0	0	0.00301725	
0.980995	0.0159905	0	0.00363027	0.187464	0	0	0	0.00298563	
0.980943	0.016013	0	0.00363537	0.186577	0	0	0	0.0029545	
0.980891	0.0160353	0	0.00364044	0.185695	0	0	0	0.00292387	
0.980839	0.0160576	0	0.00364549	0.184817	0	0	0	0.00289372	
0.980787	0.0160797	0	0.00365051	0.183943	0	0	0	0.00286404	
0.980736	0.0161017	0	0.00365551	0.183073	0	0	0	0.00283482	
0.980684	0.0161236	0	0.00366049	0.182207	0	0	0	0.00280606	
0.980632	0.0161454	0	0.00366544	0.181346	0	0	0	0.00277774	
0.98058	0.0161671	0	0.00367036	0.180488	0	0	0	0.00274987	
0.980528	0.0161887	0	0.00367526	0.179635	0	0	0	0.00272243	
0.980477	0.0162102	0	0.00368014	0.178785	0	0	0	0.00269541	
0.980425	0.0162316	0	0.003685	0.17794	0	0	0	0.00266882	
0.980373	0.0162529	0	0.00368983	0.177098	0	0	0	0.00264263	
0.980321	0.016274	0	0.00369464	0.176261	0	0	0	0.00261684	
0.98027	0.0162951	0	0.00369942	0.175427	0	0	0	0.00259146	
0.980218	0.0163161	0	0.00370418	0.174598	0	0	0	0.00256646	
0.980166	0.016337	0	0.00370892	0.173772	0	0	0	0.00254184	
0.980114	0.0163577	0	0.00371363	0.172951	0	0	0	0.0025176	
0.980062	0.0163784	0	0.00371832	0.172133	0	0	0	0.00249373	
0.980011	0.0163989	0	0.00372299	0.171319	0	0	0	0.00247023	
0.979959	0.0164194	0	0.00372764	0.170509	0	0	0	0.00244708	
0.979907	0.0164398	0	0.00373226	0.169703	0	0	0	0.00242428	
0.979855	0.01646	0	0.00373686	0.1689	0	0	0	0.00240183	
0.979804	0.0164802	0	0.00374144	0.168102	0	0	0	0.00237972	
0.979752	0.0165003	0	0.003746	0.167307	0	0	0	0.00235794	
0.9797	0.0165202	0	0.00375053	0.166516	0	0	0	0.00233649	
0.979649	0.0165401	0	0.00375504	0.165728	0	0	0	0.00231537	
0.979597	0.0165599	0	0.00375953	0.164945	0	0	0	0.00229455	
0.979545	0.0165796	0	0.003764	0.164165	0	0	0	0.00227406	
0.979493	0.0165991	0	0.00376844	0.163389	0	0	0	0.00225386	
0.979442	0.0166186	0	0.00377286	0.162616	0	0	0	0.00223397	
0.97939	0.016638	0	0.00377727	0.161847	0	0	0	0.00221437	
0.979338	0.0166573	0	0.00378165	0.161082	0	0	0	0.00219507	
0.979287	0.0166765	0	0.003786	0.16032	0	0	0	0.00217605	
0.979235	0.0166956	0	0.00379034	0.159562	0	0	0	0.00215731	
0.979183	0.0167146	0	0.00379466	0.158808	0	0	0	0.00213885	
0.979131	0.0167335	0	0.00379895	0.158057	0	0	0	0.00212066	
0.97908	0.0167524	0	0.00380323	0.15731	0	0	0	0.00210274	
0.979028	0.0167711	0	0.00380748	0.156566	0	0	0	0.00208508	
0.978976	0.0167897	0	0.00381171	0.155826	0	0	0	0.00206768	
0.978925	0.0168083	0	0.00381592	0.155089	0	0	0	0.00205054	
0.978873	0.0168267	0	0.00382011	0.154356	0	0	0	0.00203364	
0.978821	0.0168451	0	0.00382428	0.153626	0	0	0	0.00201699	
0.97877	0.0168634	0	0.00382843	0.1529	0	0	0	0.00200058	
0.978718	0.0168816	0	0.00383256	0.152177	0	0	0	0.00198441	
0.978666	0.0168997	0	0.00383667	0.151458	0	0	0	0.00196848	
0.978615	0.0169177	0	0.00384075	0.150742	0	0	0	0.00195277	
0.978563	0.0169356	0	0.00384482	0.150029	0	0	0	0.00193729	
0.978511	0.0169534	0	0.00384887	0.14932	0	0	0	0.00192203	
0.97846	0.0169712	0	0.0038529	0.148614	0	0	0	0.00190699	
0.978408	0.0169888	0	0.00385691	0.147911	0	0	0	0.00189217	
0.978357	0.0170064	0	0.00386089	0.147212	0	0	0	0.00187755	
0.978305	0.0170239	0	0.00386486	0.146516	0	0	0	0.00186315	
0.978253	0.0170413	0	0.00386881	0.145823	0	0	0	0.00184895	
0.978202	0.0170586	0	0.00387274	0.145134	0	0	0	0.00183495	
0.97815	0.0170758	0	0.00387665	0.144448	0	0	0	0.00182115	
0.978098	0.0170929	0	0.00388054	0.143765	0	0	0	0.00180755	
0.978047	0.01711	0	0.00388441	0.143085	0	0	0	0.00179413	
0.977995	0.0171269	0	0.00388827	0.142409	0	0	0	0.00178091	
0.977944	0.0171438	0	0.0038921	0.141736	0	0	0	0.00176787	
0.977892	0.0171606	0	0.00389591	0.141066	0	0	0	0.00175501	
0.97784	0.0171774	0	0.00389971	0.140399	0	0	0	0.00174233	
0.977789	0.017194	0	0.00390349	0.139735	0	0	0	0.00172983	
0.977737	0.0172105	0	0.00390724	0.139075	0	0	0	0.0017175	
0.977686	0.017227	0	0.00391098	0.138417	0	0	0	0.00170535	
0.977634	0.0172434	0	0.0039147	0.137763	0	0	0	0.00169336	
0.977582	0.0172597	0	0.00391841	0.137112	0	0	0	0.00168154	
0.977531	0.0172759	0	0.00392209	0.136464	0	0	0	0.00166988	
0.977479	0.0172921	0	0.00392575	0.135818	0	0	0	0.00165838	
0.977428	0.0173081	0	0.0039294	0.135176	0	0	0	0.00164704	
0.977376	0.0173241	0	0.00393303	0.134538	0	0	0	0.00163586	
0.977325	0.01734	0	0.00393664	0.133902	0	0	0	0.00162482	
0.977273	0.0173559	0	0.00394024	0.133269	0	0	0	0.00161394	
0.977221	0.0173716	0	0.00394381	0.132639	0	0	0	0.00160321	
0.97717	0.0173873	0	0.00394737	0.132012	0	0	0	0.00159262	
0.977118	0.0174029	0	0.00395091	0.131388	0	0	0	0.00158217	
0.977067	0.0174184	0	0.00395443	0.130767	0	0	0	0.00157187	
0.977015	0.0174338	0	0.00395794	0.130149	0	0	0	0.0015617	
0.976964	0.0174492	0	0.00396142	0.129533	0	0	0	0.00155168	
0.976912	0.0174645	0	0.00396489	0.128921	0	0	0	0.00154178	
0.976861	0.0174797	0	0.00396835	0.128312	0	0	0	0.00153202	
0.976809	0.0174948	0	0.00397178	0.127705	0	0	0	0.00152239	
0.976757	0.0175099	0	0.0039752	0.127102	0	0	0	0.00151289	
0.976706	0.0175249	0	0.0039786	0.126501	0	0	0	0.00150351	
0.976654	0.0175398	0	0.00398199	0.125903	0	0	0	0.00149426	
0.976603	0.0175546	0	0.00398535	0.125308	0	0	0	0.00148514	
0.976551	0.0175694	0	0.00398871	0.124716	0	0	0	0.00147613	
0.9765	0.0175841	0	0.00399204	0.124126	0	0	0	0.00146724	
0.976448	0.0175987	0	0.00399536	0.12354	0	0	0	0.00145847	
0.976397	0.0176132	0	0.00399866	0.122956	0	0	0	0.00144981	
0.976345	0.0176277	0	0.00400194	0.122375	0	0	0	0.00144127	
0.976294	0.0176421	0	0.00400521	0.121796	0	0	0	0.00143284	
0.976242	0.0176564	0	0.00400846	0.121221	0	0	0	0.00142452	
0.976191	0.0176706	0	0.0040117	0.120648	0	0	0	0.00141631	
0.976139	0.0176848	0	0.00401492	0.120078	0	0	0	0.0014082	
0.976088	0.0176989	0	0.00401812	0.11951	0	0	0	0.0014002	
0.976036	0.017713	0	0.0040213	0.118945	0	0	0	0.00139231	
0.975985	0.0177269	0	0.00402448	0.118383	0	0	0	0.00138451	
0.975933	0.0177408	0	0.00402763	0.117824	0	0	0	0.00137682	
0.975882	0.0177547	0	0.00403077	0.117267	0	0	0	0.00136923	
0.97583	0.0177684	0	0.00403389	0.116713	0	0	0	0.00136173	
0.975779	0.0177821	0	0.004037	0.116161	0	0	0	0.00135433	
0.975728	0.0177957	0	0.00404009	0.115612	0	0	0	0.00134702	
0.975676	0.0178093	0	0.00404317	0.115066	0	0	0	0.00133981	
0.975625	0.0178228	0	0.00404623	0.114522	0	0	0	0.00133269	
0.975573	0.0178362	0	0.00404928	0.113981	0	0	0	0.00132566	
0.975522	0.0178495	0	0.00405231	0.113442	0	0	0	0.00131872	
0.97547	0.0178628	0	0.00405532	0.112906	0	0	0	0.00131187	
0.975419	0.017876	0	0.00405832	0.112373	0	0	0	0.0013051	
0.975367	0.0178892	0	0.00406131	0.111842	0	0	0	0.00129842	
0.975316	0.0179022	0	0.00406428	0.111313	0	0	0	0.00129183	
0.975265	0.0179153	0	0.00406723	0.110787	0	0	0	0.00128531	
0.975213	0.0179282	0	0.00407017	0.110263	0	0	0	0.00127888	
0.975162	0.0179411	0	0.0040731	0.109742	0	0	0	0.00127253	
0.97511	0.0179539	0	0.00407601	0.109224	0	0	0	0.00126626	
0.975059	0.0179667	0	0.0040789	0.108708	0	0	0	0.00126007	
0.975007	0.0179794	0	0.00408178	0.108194	0	0	0	0.00125396	
0.974956	0.017992	0	0.00408465	0.107683	0	0	0	0.00124792	
0.974905	0.0180046	0	0.0040875	0.107174	0	0	0	0.00124196	
0.974853	0.0180171	0	0.00409034	0.106668	0	0	0	0.00123607	
0.974802	0.0180295	0	0.00409316	0.106164	0	0	0	0.00123025	
0.97475	0.0180419	0	0.00409597	0.105662	0	0	0	0.00122451	
0.974699	0.0180542	0	0.00409877	0.105163	0	0	0	0.00121884	
0.974648	0.0180664	0	0.00410155	0.104666	0	0	0	0.00121324	
0.974596	0.0180786	0	0.00410432	0.104171	0	0	0	0.0012077	
0.974545	0.0180907	0	0.00410707	0.103679	0	0	0	0.00120224	
0.974493	0.0181028	0	0.00410981	0.103189	0	0	0	0.00119684	
0.974442	0.0181148	0	0.00411253	0.102702	0	0	0	0.00119151	
0.974391	0.0181267	0	0.00411524	0.102216	0	0	0	0.00118624	
0.974339	0.0181386	0	0.00411794	0.101733	0	0	0	0.00118104	
0.974288	0.0181504	0	0.00412062	0.101253	0	0	0	0.00117591	
0.974236	0.0181622	0	0.00412329	0.100774	0	0	0	0.00117083	
0.974185	0.0181739	0	0.00412595	0.100298	0	0	0	0.00116582	
0.974134	0.0181856	0	0.00412859	0.0998242	0	0	0	0.00116087	
0.974082	0.0181971	0	0.00413122	0.0993526	0	0	0	0.00115598	
0.974031	0.0182087	0	0.00413384	0.0988832	0	0	0	0.00115115	
0.97398	0.0182201	0	0.00413644	0.098416	0	0	0	0.00114638	
0.973928	0.0182315	0	0.00413903	0.097951	0	0	0	0.00114166	
0.973877	0.0182429	0	0.00414161	0.0974882	0	0	0	0.00113701	
0.973826	0.0182542	0	0.00414417	0.0970277	0	0	0	0.00113241	
0.973774	0.0182654	0	0.00414672	0.0965693	0	0	0	0.00112786	
0.973723	0.0182766	0	0.00414926	0.096113	0	0	0	0.00112338	
0.973672	0.0182877	0	0.00415178	0.095659	0	0	0	0.00111894	
0.97362	0.0182988	0	0.0041543	0.095207	0	0	0	0.00111456	
0.973569	0.0183098	0	0.00415679	0.0947572	0	0	0	0.00111024	
0.973518	0.0183207	0	0.00415928	0.0943096	0	0	0	0.00110596	
0.973466	0.0183316	0	0.00416175	0.093864	0	0	0	0.00110174	
0.973415	0.0183425	0	0.00416421	0.0934206	0	0	0	0.00109757	
0.973364	0.0183532	0	0.00416666	0.0929793	0	0	0	0.00109345	
0.973312	0.018364	0	0.0041691	0.09254	0	0	0	0.00108938	
0.973261	0.0183746	0	0.00417152	0.0921029	0	0	0	0.00108535	
0.97321	0.0183853	0	0.00417393	0.0916678	0	0	0	0.00108138	
0.973158	0.0183958	0	0.00417633	0.0912348	0	0	0	0.00107746	
0.973107	0.0184063	0	0.00417872	0.0908038	0	0	0	0.00107358	
0.973056	0.0184168	0	0.00418109	0.0903748	0	0	0	0.00106975	
0.973005	0.0184272	0	0.00418345	0.0899479	0	0	0	0.00106597	
0.972953	0.0184375	0	0.0041858	0.089523	0	0	0	0.00106223	
0.972902	0.0184478	0	0.00418814	0.0891001	0	0	0	0.00105854	
0.972851	0.0184581	0	0.00419046	0.0886792	0	0	0	0.00105489	
0.972799	0.0184683	0	0.00419278	0.0882604	0	0	0	0.00105129	
0.972748	0.0184784	0	0.00419508	0.0878434	0	0	0	0.00104773	
0.972697	0.0184885	0	0.00419737	0.0874285	0	0	0	0.00104422	
0.972646	0.0184985	0	0.00419965	0.0870155	0	0	0	0.00104074	
0.972594	0.0185085	0	0.00420191	0.0866045	0	0	0	0.00103731	
0.972543	0.0185184	0	0.00420417	0.0861954	0	0	0	0.00103392	
0.972492	0.0185283	0	0.00420641	0.0857883	0	0	0	0.00103058	
0.972441	0.0185381	0	0.00420864	0.0853831	0	0	0	0.00102727	
0.972389	0.0185479	0	0.00421086	0.0849798	0	0	0	0.00102401	
0.972338	0.0185577	0	0.00421307	0.0845784	0	0	0	0.00102078	
0.972287	0.0185673	0	0.00421527	0.0841789	0	0	0	0.0010176	
0.972236	0.018577	0	0.00421745	0.0837813	0	0	0	0.00101445	
0.972184	0.0185865	0	0.00421963	0.0833856	0	0	0	0.00101134	
0.972133	0.0185961	0	0.00422179	0.0829918	0	0	0	0.00100827	
0.972082	0.0186056	0	0.00422394	0.0825998	0	0	0	0.00100524	
0.972031	0.018615	0	0.00422608	0.0822097	0	0	0	0.00100225	
0.971979	0.0186244	0	0.00422822	0.0818214	0	0	0	0.000999296	
0.971928	0.0186337	0	0.00423033	0.081435	0	0	0	0.000996377	
0.971877	0.018643	0	0.00423244	0.0810504	0	0	0	0.000993495	
0.971826	0.0186522	0	0.00423454	0.0806676	0	0	0	0.000990649	
0.971774	0.0186614	0	0.00423663	0.0802866	0	0	0	0.000987839	
0.971723	0.0186706	0	0.0042387	0.0799074	0	0	0	0.000985064	
0.971672	0.0186796	0	0.00424077	0.0795301	0	0	0	0.000982325	
0.971621	0.0186887	0	0.00424282	0.0791545	0	0	0	0.00097962	
0.97157	0.0186977	0	0.00424486	0.0787807	0	0	0	0.00097695	
0.971518	0.0187066	0	0.0042469	0.0784086	0	0	0	0.000974314	
0.971467	0.0187156	0	0.00424892	0.0780383	0	0	0	0.000971712	
0.971416	0.0187244	0	0.00425093	0.0776698	0	0	0	0.000969143	
0.971365	0.0187332	0	0.00425293	0.077303	0	0	0	0.000966608	
0.971314	0.018742	0	0.00425492	0.076938	0	0	0	0.000964105	
0.971262	0.0187507	0	0.0042569	0.0765746	0	0	0	0.000961635	
0.971211	0.0187594	0	0.00425887	0.076213	0	0	0	0.000959198	
0.97116	0.018768	0	0.00426083	0.0758531	0	0	0	0.000956793	
0.971109	0.0187766	0	0.00426278	0.0754949	0	0	0	0.000954419	
0.971058	0.0187852	0	0.00426472	0.0751384	0	0	0	0.000952077	
0.971007	0.0187937	0	0.00426665	0.0747836	0	0	0	0.000949767	
0.970955	0.0188021	0	0.00426857	0.0744305	0	0	0	0.000947487	
0.970904	0.0188105	0	0.00427048	0.074079	0	0	0	0.000945238	
0.970853	0.0188189	0	0.00427238	0.0737292	0	0	0	0.00094302	
0.970802	0.0188272	0	0.00427427	0.0733811	0	0	0	0.000940832	
0.970751	0.0188355	0	0.00427615	0.0730346	0	0	0	0.000938674	
0.9707	0.0188437	0	0.00427802	0.0726898	0	0	0	0.000936546	
0.970648	0.0188519	0	0.00427988	0.0723465	0	0	0	0.000934447	
0.970597	0.0188601	0	0.00428173	0.0720049	0	0	0	0.000932378	
0.970546	0.0188682	0	0.00428357	0.071665	0	0	0	0.000930338	
0.970495	0.0188762	0	0.0042854	0.0713266	0	0	0	0.000928327	
0.970444	0.0188843	0	0.00428722	0.0709898	0	0	0	0.000926345	
0.970393	0.0188922	0	0.00428903	0.0706546	0	0	0	0.000924392	
0.970342	0.0189002	0	0.00429083	0.0703211	0	0	0	0.000922467	
0.970291	0.0189081	0	0.00429263	0.069989	0	0	0	0.00092057	
0.970239	0.0189159	0	0.00429441	0.0696586	0	0	0	0.000918701	
0.970188	0.0189238	0	0.00429618	0.0693297	0	0	0	0.00091686	
0.970137	0.0189315	0	0.00429795	0.0690024	0	0	0	0.000915046	
0.970086	0.0189393	0	0.0042997	0.0686766	0	0	0	0.00091326	
0.970035	0.0189469	0	0.00430145	0.0683524	0	0	0	0.000911501	
0.969984	0.0189546	0	0.00430319	0.0680297	0	0	0	0.00090977	
0.969933	0.0189622	0	0.00430491	0.0677085	0	0	0	0.000908066	
0.969882	0.0189698	0	0.00430663	0.0673889	0	0	0	0.000906388	
0.969831	0.0189773	0	0.00430834	0.0670708	0	0	0	0.000904737	
0.969779	0.0189848	0	0.00431004	0.0667541	0	0	0	0.000903113	
0.969728	0.0189922	0	0.00431173	0.066439	0	0	0	0.000901515	
0.969677	0.0189997	0	0.00431342	0.0661254	0	0	0	0.000899944	
0.969626	0.019007	0	0.00431509	0.0658132	0	0	0	0.000898398	
0.969575	0.0190144	0	0.00431675	0.0655025	0	0	0	0.000896879	
0.969524	0.0190217	0	0.00431841	0.0651933	0	0	0	0.000895386	
0.969473	0.0190289	0	0.00432006	0.0648856	0	0	0	0.000893918	
0.969422	0.0190361	0	0.0043217	0.0645793	0	0	0	0.000892477	
0.969371	0.0190433	0	0.00432333	0.0642744	0	0	0	0.000891061	
0.96932	0.0190505	0	0.00432495	0.0639711	0	0	0	0.00088967	
0.969269	0.0190576	0	0.00432656	0.0636691	0	0	0	0.000888305	
0.969218	0.0190646	0	0.00432816	0.0633686	0	0	0	0.000886965	
0.969166	0.0190717	0	0.00432976	0.0630695	0	0	0	0.00088565	
0.969115	0.0190786	0	0.00433135	0.0627718	0	0	0	0.000884361	
0.969064	0.0190856	0	0.00433293	0.0624755	0	0	0	0.000883097	
0.969013	0.0190925	0	0.0043345	0.0621806	0	0	0	0.000881857	
0.968962	0.0190994	0	0.00433606	0.0618871	0	0	0	0.000880643	
0.968911	0.0191062	0	0.00433761	0.061595	0	0	0	0.000879454	
0.96886	0.019113	0	0.00433916	0.0613043	0	0	0	0.000878289	
0.968809	0.0191198	0	0.00434069	0.061015	0	0	0	0.000877149	
0.968758	0.0191265	0	0.00434222	0.060727	0	0	0	0.000876034	
0.968707	0.0191332	0	0.00434374	0.0604404	0	0	0	0.000874944	
0.968656	0.0191399	0	0.00434526	0.0601551	0	0	0	0.000873878	
0.968605	0.0191465	0	0.00434676	0.0598712	0	0	0	0.000872836	
0.968554	0.0191531	0	0.00434826	0.0595887	0	0	0	0.00087182	
0.968503	0.0191597	0	0.00434974	0.0593075	0	0	0	0.000870828	
0.968452	0.0191662	0	0.00435123	0.0590276	0	0	0	0.00086986	
0.968401	0.0191727	0	0.0043527	0.058749	0	0	0	0.000868917	
0.96835	0.0191791	0	0.00435416	0.0584718	0	0	0	0.000867998	
0.968299	0.0191856	0	0.00435562	0.0581958	0	0	0	0.000867104	
0.968248	0.0191919	0	0.00435707	0.0579212	0	0	0	0.000866234	
0.968197	0.0191983	0	0.00435851	0.0576479	0	0	0	0.000865389	
0.968146	0.0192046	0	0.00435994	0.0573758	0	0	0	0.000864568	
0.968095	0.0192109	0	0.00436137	0.0571051	0	0	0	0.000863772	
0.968044	0.0192171	0	0.00436279	0.0568356	0	0	0	0.000863	
0.967993	0.0192233	0	0.0043642	0.0565674	0	0	0	0.000862253	
0.967942	0.0192295	0	0.0043656	0.0563005	0	0	0	0.00086153	
0.967891	0.0192357	0	0.004367	0.0560349	0	0	0	0.000860832	
0.96784	0.0192418	0	0.00436838	0.0557705	0	0	0	0.000860159	
0.967789	0.0192479	0	0.00436976	0.0555073	0	0	0	0.00085951	
0.967738	0.0192539	0	0.00437114	0.0552454	0	0	0	0.000858886	
0.967687	0.0192599	0	0.0043725	0.0549848	0	0	0	0.000858286	
0.967636	0.0192659	0	0.00437386	0.0547253	0	0	0	0.000857712	
0.967585	0.0192719	0	0.00437521	0.0544671	0	0	0	0.000857162	
0.967534	0.0192778	0	0.00437656	0.0542101	0	0	0	0.000856637	
0.967483	0.0192837	0	0.00437789	0.0539544	0	0	0	0.000856138	
0.967432	0.0192895	0	0.00437922	0.0536998	0	0	0	0.000855663	
0.967381	0.0192953	0	0.00438054	0.0534465	0	0	0	0.000855214	
0.96733	0.0193011	0	0.00438186	0.0531943	0	0	0	0.00085479	
0.967279	0.0193069	0	0.00438316	0.0529434	0	0	0	0.000854391	
0.967228	0.0193126	0	0.00438446	0.0526936	0	0	0	0.000854018	
0.967178	0.0193183	0	0.00438576	0.052445	0	0	0	0.000853671	
0.967127	0.019324	0	0.00438704	0.0521976	0	0	0	0.00085335	
0.967076	0.0193296	0	0.00438832	0.0519514	0	0	0	0.000853054	
0.967025	0.0193352	0	0.0043896	0.0517063	0	0	0	0.000852784	
0.966974	0.0193408	0	0.00439086	0.0514624	0	0	0	0.000852541	
0.966923	0.0193463	0	0.00439212	0.0512196	0	0	0	0.000852324	
0.966872	0.0193519	0	0.00439337	0.050978	0	0	0	0.000852133	
0.966821	0.0193573	0	0.00439462	0.0507376	0	0	0	0.000851969	
0.96677	0.0193628	0	0.00439586	0.0504982	0	0	0	0.000851832	
0.966719	0.0193682	0	0.00439709	0.05026	0	0	0	0.000851723	
0.966668	0.0193736	0	0.00439831	0.050023	0	0	0	0.00085164	
0.966617	0.019379	0	0.00439953	0.049787	0	0	0	0.000851585	
0.966566	0.0193843	0	0.00440074	0.0495522	0	0	0	0.000851557	
0.966516	0.0193896	0	0.00440195	0.0493185	0	0	0	0.000851558	
0.966465	0.0193949	0	0.00440315	0.0490859	0	0	0	0.000851586	
0.966414	0.0194002	0	0.00440434	0.0488544	0	0	0	0.000851643	
0.966363	0.0194054	0	0.00440552	0.048624	0	0	0	0.000851729	
0.966312	0.0194106	0	0.0044067	0.0483946	0	0	0	0.000851844	
0.966261	0.0194157	0	0.00440787	0.0481664	0	0	0	0.000851988	
0.96621	0.0194209	0	0.00440904	0.0479393	0	0	0	0.000852161	
0.966159	0.019426	0	0.0044102	0.0477132	0	0	0	0.000852365	
0.966108	0.019431	0	0.00441135	0.0474882	0	0	0	0.000852598	
0.966058	0.0194361	0	0.0044125	0.0472642	0	0	0	0.000852862	
0.966007	0.0194411	0	0.00441364	0.0470413	0	0	0	0.000853157	
0.965956	0.0194461	0	0.00441477	0.0468195	0	0	0	0.000853483	
0.965905	0.0194511	0	0.0044159	0.0465987	0	0	0	0.000853841	
0.965854	0.019456	0	0.00441702	0.046379	0	0	0	0.000854231	
0.965803	0.0194609	0	0.00441814	0.0461603	0	0	0	0.000854654	
0.965752	0.0194658	0	0.00441925	0.0459427	0	0	0	0.000855109	
0.965702	0.0194707	0	0.00442035	0.045726	0	0	0	0.000855598	
0.965651	0.0194755	0	0.00442145	0.0455104	0	0	0	0.00085612	
0.9656	0.0194803	0	0.00442254	0.0452959	0	0	0	0.000856677	
0.965549	0.0194851	0	0.00442363	0.0450823	0	0	0	0.000857269	
0.965498	0.0194899	0	0.00442471	0.0448697	0	0	0	0.000857896	
0.965447	0.0194946	0	0.00442578	0.0446582	0	0	0	0.00085856	
0.965397	0.0194993	0	0.00442685	0.0444476	0	0	0	0.00085926	
0.965346	0.019504	0	0.00442791	0.0442381	0	0	0	0.000859997	
0.965295	0.0195086	0	0.00442896	0.0440295	0	0	0	0.000860772	
0.965244	0.0195133	0	0.00443001	0.043822	0	0	0	0.000861586	
0.965193	0.0195179	0	0.00443106	0.0436154	0	0	0	0.000862439	
0.965142	0.0195224	0	0.0044321	0.0434098	0	0	0	0.000863332	
0.965092	0.019527	0	0.00443313	0.0432052	0	0	0	0.000864266	
0.965041	0.0195315	0	0.00443416	0.0430015	0	0	0	0.000865242	
0.96499	0.019536	0	0.00443518	0.0427988	0	0	0	0.000866261	
0.964939	0.0195405	0	0.00443619	0.042597	0	0	0	0.000867323	
0.964888	0.0195449	0	0.0044372	0.0423963	0	0	0	0.00086843	
0.964838	0.0195493	0	0.00443821	0.0421964	0	0	0	0.000869582	
0.964787	0.0195537	0	0.00443921	0.0419975	0	0	0	0.000870781	
0.964736	0.0195581	0	0.0044402	0.0417996	0	0	0	0.000872027	
0.964685	0.0195625	0	0.00444119	0.0416026	0	0	0	0.000873323	
0.964634	0.0195668	0	0.00444217	0.0414065	0	0	0	0.000874669	
0.964584	0.0195711	0	0.00444315	0.0412114	0	0	0	0.000876066	
0.964533	0.0195754	0	0.00444412	0.0410172	0	0	0	0.000877517	
0.964482	0.0195796	0	0.00444509	0.0408239	0	0	0	0.000879022	
0.964431	0.0195839	0	0.00444605	0.0406315	0	0	0	0.000880583	
0.96438	0.0195881	0	0.004447	0.04044	0	0	0	0.000882202	
0.96433	0.0195923	0	0.00444795	0.0402494	0	0	0	0.000883881	
0.964279	0.0195964	0	0.0044489	0.0400598	0	0	0	0.000885622	
0.964228	0.0196006	0	0.00444984	0.039871	0	0	0	0.000887426	
0.964177	0.0196047	0	0.00445077	0.0396831	0	0	0	0.000889296	
0.964127	0.0196088	0	0.0044517	0.0394962	0	0	0	0.000891235	
0.964076	0.0196129	0	0.00445263	0.0393101	0	0	0	0.000893244	
0.964025	0.0196169	0	0.00445355	0.0391249	0	0	0	0.000895327	
0.963974	0.0196209	0	0.00445446	0.0389405	0	0	0	0.000897487	
0.963924	0.0196249	0	0.00445537	0.0387571	0	0	0	0.000899726	
0.963873	0.0196289	0	0.00445627	0.0385745	0	0	0	0.000902049	
0.963822	0.0196329	0	0.00445717	0.0383928	0	0	0	0.000904458	
0.963771	0.0196368	0	0.00445807	0.0382119	0	0	0	0.000906959	
0.963721	0.0196407	0	0.00445896	0.0380319	0	0	0	0.000909555	
0.96367	0.0196446	0	0.00445984	0.0378527	0	0	0	0.000912252	
0.963619	0.0196485	0	0.00446072	0.0376744	0	0	0	0.000915054	
0.963569	0.0196524	0	0.0044616	0.037497	0	0	0	0.000917968	
0.963518	0.0196562	0	0.00446247	0.0373204	0	0	0	0.000920999	
0.963467	0.01966	0	0.00446333	0.0371446	0	0	0	0.000924155	
0.963416	0.0196638	0	0.00446419	0.0369696	0	0	0	0.000927444	
0.963366	0.0196676	0	0.00446505	0.0367955	0	0	0	0.000930874	
0.963315	0.0196713	0	0.0044659	0.0366222	0	0	0	0.000934455	
0.963264	0.0196751	0	0.00446675	0.0364498	0	0	0	0.000938198	
0.963214	0.0196788	0	0.00446759	0.0362781	0	0	0	0.000942113	
0.963163	0.0196825	0	0.00446843	0.0361073	0	0	0	0.000946216	
0.963112	0.0196861	0	0.00446927	0.0359373	0	0	0	0.00095052	
