1	0	0	0	1	0	0	0	1	
0.999916	8.9756e-07	0	2.31172e-07	0.99553	0	0	0	0.979289	
0.999833	3.53225e-06	0	9.1027e-07	0.991115	0	0	0	0.959321	
0.99975	7.83775e-06	0	2.01971e-06	0.986723	0	0	0	0.939763	
0.999668	1.37461e-05	0	3.54199e-06	0.982352	0	0	0	0.920606	
0.999586	2.11938e-05	0	5.46072e-06	0.978003	0	0	0	0.901843	
0.999504	3.01209e-05	0	7.76053e-06	0.973676	0	0	0	0.883465	
0.999422	4.04713e-05	0	1.04269e-05	0.96937	0	0	0	0.865464	
0.999341	5.21919e-05	0	1.34462e-05	0.965085	0	0	0	0.847833	
0.99926	6.52321e-05	0	1.68054e-05	0.960822	0	0	0	0.830563	
0.999179	7.95443e-05	0	2.04922e-05	0.956579	0	0	0	0.813648	
0.999098	9.5083e-05	0	2.44949e-05	0.952357	0	0	0	0.79708	
0.999017	0.000111805	0	2.88023e-05	0.948155	0	0	0	0.780851	
0.998937	0.000129668	0	3.34038e-05	0.943974	0	0	0	0.764956	
0.998857	0.000148634	0	3.82891e-05	0.939813	0	0	0	0.749387	
0.998777	0.000168664	0	4.34485e-05	0.935672	0	0	0	0.734136	
0.998697	0.000189721	0	4.88727e-05	0.931551	0	0	0	0.719199	
0.998618	0.000211772	0	5.45525e-05	0.92745	0	0	0	0.704568	
0.998539	0.000234781	0	6.04794e-05	0.923369	0	0	0	0.690237	
0.99846	0.000258717	0	6.6645e-05	0.919307	0	0	0	0.6762	
0.998381	0.000283549	0	7.30412e-05	0.915265	0	0	0	0.66245	
0.998302	0.000309246	0	7.96604e-05	0.911242	0	0	0	0.648983	
0.998223	0.00033578	0	8.6495e-05	0.907238	0	0	0	0.635791	
0.998145	0.000363122	0	9.35378e-05	0.903253	0	0	0	0.62287	
0.998066	0.000391246	0	0.000100782	0.899286	0	0	0	0.610213	
0.997988	0.000420124	0	0.00010822	0.895339	0	0	0	0.597816	
0.99791	0.000449732	0	0.000115847	0.89141	0	0	0	0.585673	
0.997832	0.000480045	0	0.000123655	0.8875	0	0	0	0.573779	
0.997755	0.000511039	0	0.000131638	0.883608	0	0	0	0.562128	
0.997677	0.000542692	0	0.000139791	0.879735	0	0	0	0.550717	
0.9976	0.00057498	0	0.000148108	0.87588	0	0	0	0.539538	
0.997522	0.000607883	0	0.000156583	0.872042	0	0	0	0.528589	
0.997445	0.000641378	0	0.000165211	0.868223	0	0	0	0.517865	
0.997368	0.000675447	0	0.000173986	0.864421	0	0	0	0.507359	
0.997291	0.000710068	0	0.000182904	0.860638	0	0	0	0.497069	
0.997214	0.000745222	0	0.000191959	0.856871	0	0	0	0.48699	
0.997138	0.000780892	0	0.000201146	0.853123	0	0	0	0.477117	
0.997061	0.000817058	0	0.000210462	0.849392	0	0	0	0.467446	
0.996985	0.000853703	0	0.000219901	0.845678	0	0	0	0.457973	
0.996908	0.000890811	0	0.000229459	0.841981	0	0	0	0.448694	
0.996832	0.000928363	0	0.000239131	0.838301	0	0	0	0.439606	
0.996756	0.000966345	0	0.000248914	0.834638	0	0	0	0.430703	
0.99668	0.00100474	0	0.000258804	0.830993	0	0	0	0.421982	
0.996604	0.00104353	0	0.000268796	0.827364	0	0	0	0.41344	
0.996528	0.00108271	0	0.000278887	0.823751	0	0	0	0.405072	
0.996453	0.00112225	0	0.000289073	0.820156	0	0	0	0.396876	
0.996377	0.00116215	0	0.00029935	0.816577	0	0	0	0.388848	
0.996301	0.00120239	0	0.000309714	0.813014	0	0	0	0.380984	
0.996226	0.00124296	0	0.000320163	0.809467	0	0	0	0.37328	
0.996151	0.00128384	0	0.000330693	0.805937	0	0	0	0.365735	
0.996075	0.00132502	0	0.000341301	0.802423	0	0	0	0.358343	
0.996	0.0013665	0	0.000351984	0.798925	0	0	0	0.351103	
0.995925	0.00140825	0	0.000362737	0.795443	0	0	0	0.344011	
0.99585	0.00145026	0	0.00037356	0.791977	0	0	0	0.337064	
0.995775	0.00149253	0	0.000384447	0.788526	0	0	0	0.330259	
0.9957	0.00153505	0	0.000395398	0.785092	0	0	0	0.323593	
0.995626	0.00157779	0	0.000406408	0.781672	0	0	0	0.317063	
0.995551	0.00162076	0	0.000417476	0.778269	0	0	0	0.310667	
0.995476	0.00166394	0	0.000428598	0.774881	0	0	0	0.304402	
0.995402	0.00170733	0	0.000439772	0.771508	0	0	0	0.298265	
0.995327	0.0017509	0	0.000450996	0.76815	0	0	0	0.292253	
0.995253	0.00179466	0	0.000462267	0.764808	0	0	0	0.286364	
0.995178	0.00183859	0	0.000473583	0.761481	0	0	0	0.280596	
0.995104	0.00188269	0	0.000484941	0.758168	0	0	0	0.274945	
0.99503	0.00192694	0	0.00049634	0.754871	0	0	0	0.26941	
0.994956	0.00197134	0	0.000507776	0.751589	0	0	0	0.263987	
0.994882	0.00201588	0	0.000519249	0.748321	0	0	0	0.258676	
0.994808	0.00206056	0	0.000530755	0.745068	0	0	0	0.253473	
0.994734	0.00210535	0	0.000542293	0.74183	0	0	0	0.248377	
0.99466	0.00215026	0	0.000553861	0.738606	0	0	0	0.243384	
0.994586	0.00219528	0	0.000565457	0.735397	0	0	0	0.238494	
0.994512	0.0022404	0	0.000577079	0.732202	0	0	0	0.233703	
0.994439	0.00228562	0	0.000588725	0.729022	0	0	0	0.22901	
0.994365	0.00233092	0	0.000600394	0.725855	0	0	0	0.224413	
0.994291	0.00237631	0	0.000612084	0.722703	0	0	0	0.21991	
0.994218	0.00242177	0	0.000623793	0.719565	0	0	0	0.215498	
0.994144	0.00246729	0	0.000635519	0.716441	0	0	0	0.211177	
0.994071	0.00251288	0	0.000647261	0.713331	0	0	0	0.206944	
0.993997	0.00255853	0	0.000659018	0.710235	0	0	0	0.202798	
0.993924	0.00260422	0	0.000670788	0.707153	0	0	0	0.198736	
0.993851	0.00264996	0	0.000682569	0.704085	0	0	0	0.194756	
0.993777	0.00269574	0	0.00069436	0.70103	0	0	0	0.190858	
0.993704	0.00274155	0	0.00070616	0.697989	0	0	0	0.18704	
0.993631	0.00278739	0	0.000717966	0.694961	0	0	0	0.183299	
0.993558	0.00283325	0	0.000729779	0.691947	0	0	0	0.179635	
0.993485	0.00287913	0	0.000741597	0.688946	0	0	0	0.176046	
0.993412	0.00292502	0	0.000753418	0.685959	0	0	0	0.172529	
0.993339	0.00297093	0	0.000765241	0.682985	0	0	0	0.169084	
0.993266	0.00301683	0	0.000777065	0.680024	0	0	0	0.16571	
0.993193	0.00306274	0	0.000788889	0.677076	0	0	0	0.162404	
0.99312	0.00310864	0	0.000800712	0.674141	0	0	0	0.159166	
0.993047	0.00315453	0	0.000812533	0.67122	0	0	0	0.155994	
0.992974	0.00320041	0	0.00082435	0.668311	0	0	0	0.152886	
0.992901	0.00324627	0	0.000836162	0.665415	0	0	0	0.149842	
0.992829	0.00329211	0	0.00084797	0.662532	0	0	0	0.14686	
0.992756	0.00333793	0	0.000859771	0.659662	0	0	0	0.143938	
0.992683	0.00338372	0	0.000871564	0.656804	0	0	0	0.141076	
0.992611	0.00342947	0	0.00088335	0.65396	0	0	0	0.138272	
0.992538	0.00347519	0	0.000895126	0.651127	0	0	0	0.135525	
0.992465	0.00352087	0	0.000906892	0.648308	0	0	0	0.132835	
0.992393	0.00356651	0	0.000918647	0.6455	0	0	0	0.130199	
0.99232	0.00361211	0	0.000930391	0.642705	0	0	0	0.127616	
0.992248	0.00365765	0	0.000942122	0.639923	0	0	0	0.125087	
0.992176	0.00370315	0	0.00095384	0.637152	0	0	0	0.122608	
0.992103	0.00374858	0	0.000965544	0.634394	0	0	0	0.120181	
0.992031	0.00379397	0	0.000977233	0.631648	0	0	0	0.117802	
0.991958	0.00383929	0	0.000988906	0.628915	0	0	0	0.115472	
0.991886	0.00388455	0	0.00100056	0.626193	0	0	0	0.113189	
0.991814	0.00392974	0	0.0010122	0.623483	0	0	0	0.110953	
0.991742	0.00397487	0	0.00102383	0.620785	0	0	0	0.108762	
0.991669	0.00401992	0	0.00103543	0.618099	0	0	0	0.106616	
0.991597	0.0040649	0	0.00104702	0.615425	0	0	0	0.104514	
0.991525	0.00410981	0	0.00105859	0.612763	0	0	0	0.102454	
0.991453	0.00415464	0	0.00107013	0.610112	0	0	0	0.100436	
0.991381	0.00419939	0	0.00108166	0.607473	0	0	0	0.0984588	
0.991309	0.00424406	0	0.00109316	0.604845	0	0	0	0.096522	
0.991237	0.00428864	0	0.00110465	0.602229	0	0	0	0.0946245	
0.991165	0.00433314	0	0.00111611	0.599625	0	0	0	0.0927655	
0.991093	0.00437755	0	0.00112755	0.597032	0	0	0	0.0909443	
0.991021	0.00442188	0	0.00113896	0.59445	0	0	0	0.0891601	
0.990949	0.00446611	0	0.00115036	0.59188	0	0	0	0.0874121	
0.990877	0.00451024	0	0.00116173	0.589321	0	0	0	0.0856996	
0.990805	0.00455428	0	0.00117307	0.586773	0	0	0	0.0840218	
0.990733	0.00459823	0	0.00118439	0.584236	0	0	0	0.0823781	
0.990661	0.00464208	0	0.00119568	0.581711	0	0	0	0.0807677	
0.990589	0.00468582	0	0.00120695	0.579196	0	0	0	0.07919	
0.990517	0.00472947	0	0.00121819	0.576693	0	0	0	0.0776443	
0.990445	0.00477301	0	0.00122941	0.5742	0	0	0	0.07613	
0.990374	0.00481645	0	0.0012406	0.571719	0	0	0	0.0746463	
0.990302	0.00485979	0	0.00125176	0.569248	0	0	0	0.0731927	
0.99023	0.00490301	0	0.00126289	0.566788	0	0	0	0.0717686	
0.990158	0.00494613	0	0.001274	0.564339	0	0	0	0.0703733	
0.990087	0.00498914	0	0.00128508	0.561901	0	0	0	0.0690063	
0.990015	0.00503204	0	0.00129613	0.559473	0	0	0	0.0676669	
0.989943	0.00507483	0	0.00130715	0.557056	0	0	0	0.0663547	
0.989872	0.0051175	0	0.00131814	0.554649	0	0	0	0.0650691	
0.9898	0.00516006	0	0.0013291	0.552253	0	0	0	0.0638095	
0.989728	0.00520251	0	0.00134003	0.549867	0	0	0	0.0625754	
0.989657	0.00524484	0	0.00135094	0.547492	0	0	0	0.0613662	
0.989585	0.00528705	0	0.00136181	0.545127	0	0	0	0.0601815	
0.989514	0.00532915	0	0.00137265	0.542773	0	0	0	0.0590208	
0.989442	0.00537113	0	0.00138346	0.540428	0	0	0	0.0578836	
0.98937	0.00541298	0	0.00139424	0.538094	0	0	0	0.0567693	
0.989299	0.00545472	0	0.001405	0.53577	0	0	0	0.0556776	
0.989227	0.00549634	0	0.00141571	0.533457	0	0	0	0.0546079	
0.989156	0.00553783	0	0.0014264	0.531153	0	0	0	0.0535598	
0.989085	0.0055792	0	0.00143706	0.528859	0	0	0	0.0525329	
0.989013	0.00562045	0	0.00144768	0.526576	0	0	0	0.0515268	
0.988942	0.00566157	0	0.00145827	0.524302	0	0	0	0.0505409	
0.98887	0.00570257	0	0.00146883	0.522039	0	0	0	0.049575	
0.988799	0.00574345	0	0.00147936	0.519785	0	0	0	0.0486285	
0.988727	0.0057842	0	0.00148986	0.517541	0	0	0	0.0477012	
0.988656	0.00582482	0	0.00150032	0.515306	0	0	0	0.0467925	
0.988585	0.00586531	0	0.00151075	0.513082	0	0	0	0.0459022	
0.988513	0.00590568	0	0.00152115	0.510867	0	0	0	0.0450299	
0.988442	0.00594592	0	0.00153151	0.508662	0	0	0	0.0441751	
0.988371	0.00598603	0	0.00154185	0.506466	0	0	0	0.0433375	
0.988299	0.00602602	0	0.00155214	0.50428	0	0	0	0.0425168	
0.988228	0.00606587	0	0.00156241	0.502103	0	0	0	0.0417126	
0.988157	0.00610559	0	0.00157264	0.499936	0	0	0	0.0409247	
0.988086	0.00614519	0	0.00158284	0.497779	0	0	0	0.0401526	
0.988014	0.00618465	0	0.001593	0.49563	0	0	0	0.039396	
0.987943	0.00622398	0	0.00160314	0.493491	0	0	0	0.0386546	
0.987872	0.00626319	0	0.00161323	0.491362	0	0	0	0.0379282	
0.987801	0.00630226	0	0.0016233	0.489241	0	0	0	0.0372163	
0.98773	0.0063412	0	0.00163333	0.48713	0	0	0	0.0365188	
0.987658	0.00638001	0	0.00164332	0.485028	0	0	0	0.0358353	
0.987587	0.00641868	0	0.00165328	0.482935	0	0	0	0.0351655	
0.987516	0.00645723	0	0.00166321	0.480851	0	0	0	0.0345092	
0.987445	0.00649564	0	0.00167311	0.478777	0	0	0	0.033866	
0.987374	0.00653392	0	0.00168296	0.476711	0	0	0	0.0332357	
0.987303	0.00657206	0	0.00169279	0.474654	0	0	0	0.0326181	
0.987232	0.00661008	0	0.00170258	0.472606	0	0	0	0.0320129	
0.987161	0.00664796	0	0.00171234	0.470568	0	0	0	0.0314198	
0.987089	0.0066857	0	0.00172206	0.468537	0	0	0	0.0308386	
0.987018	0.00672332	0	0.00173175	0.466516	0	0	0	0.0302691	
0.986947	0.0067608	0	0.0017414	0.464504	0	0	0	0.0297109	
0.986876	0.00679815	0	0.00175102	0.4625	0	0	0	0.0291639	
0.986805	0.00683536	0	0.00176061	0.460505	0	0	0	0.0286279	
0.986734	0.00687244	0	0.00177016	0.458518	0	0	0	0.0281026	
0.986663	0.00690939	0	0.00177968	0.456541	0	0	0	0.0275878	
0.986592	0.0069462	0	0.00178916	0.454571	0	0	0	0.0270833	
0.986521	0.00698288	0	0.00179861	0.452611	0	0	0	0.0265889	
0.98645	0.00701943	0	0.00180802	0.450659	0	0	0	0.0261044	
0.986379	0.00705584	0	0.0018174	0.448715	0	0	0	0.0256295	
0.986308	0.00709213	0	0.00182674	0.44678	0	0	0	0.0251641	
0.986237	0.00712827	0	0.00183605	0.444853	0	0	0	0.024708	
0.986166	0.00716429	0	0.00184533	0.442934	0	0	0	0.024261	
0.986096	0.00720017	0	0.00185457	0.441024	0	0	0	0.0238229	
0.986025	0.00723591	0	0.00186378	0.439122	0	0	0	0.0233935	
0.985954	0.00727153	0	0.00187295	0.437228	0	0	0	0.0229727	
0.985883	0.00730701	0	0.00188209	0.435343	0	0	0	0.0225603	
0.985812	0.00734235	0	0.00189119	0.433466	0	0	0	0.0221561	
0.985741	0.00737757	0	0.00190027	0.431596	0	0	0	0.0217599	
0.98567	0.00741265	0	0.0019093	0.429735	0	0	0	0.0213716	
0.985599	0.0074476	0	0.0019183	0.427882	0	0	0	0.020991	
0.985529	0.00748242	0	0.00192727	0.426037	0	0	0	0.020618	
0.985458	0.00751711	0	0.00193621	0.4242	0	0	0	0.0202524	
0.985387	0.00755166	0	0.00194511	0.422371	0	0	0	0.0198941	
0.985316	0.00758608	0	0.00195397	0.42055	0	0	0	0.0195428	
0.985245	0.00762037	0	0.0019628	0.418737	0	0	0	0.0191985	
0.985174	0.00765453	0	0.0019716	0.416932	0	0	0	0.0188611	
0.985104	0.00768855	0	0.00198037	0.415134	0	0	0	0.0185303	
0.985033	0.00772245	0	0.0019891	0.413344	0	0	0	0.0182061	
0.984962	0.00775621	0	0.00199779	0.411562	0	0	0	0.0178883	
0.984891	0.00778985	0	0.00200646	0.409788	0	0	0	0.0175768	
0.984821	0.00782335	0	0.00201508	0.408021	0	0	0	0.0172714	
0.98475	0.00785672	0	0.00202368	0.406262	0	0	0	0.0169721	
0.984679	0.00788996	0	0.00203224	0.404511	0	0	0	0.0166787	
0.984608	0.00792308	0	0.00204077	0.402767	0	0	0	0.0163911	
0.984538	0.00795606	0	0.00204927	0.401031	0	0	0	0.0161091	
0.984467	0.00798891	0	0.00205773	0.399302	0	0	0	0.0158328	
0.984396	0.00802164	0	0.00206616	0.397581	0	0	0	0.0155618	
0.984326	0.00805423	0	0.00207455	0.395867	0	0	0	0.0152962	
0.984255	0.0080867	0	0.00208292	0.394161	0	0	0	0.0150358	
0.984184	0.00811904	0	0.00209124	0.392461	0	0	0	0.0147806	
0.984114	0.00815125	0	0.00209954	0.39077	0	0	0	0.0145303	
0.984043	0.00818333	0	0.0021078	0.389085	0	0	0	0.014285	
0.983972	0.00821528	0	0.00211604	0.387408	0	0	0	0.0140445	
0.983902	0.00824711	0	0.00212423	0.385739	0	0	0	0.0138087	
0.983831	0.00827881	0	0.0021324	0.384076	0	0	0	0.0135776	
0.98376	0.00831038	0	0.00214053	0.382421	0	0	0	0.013351	
0.98369	0.00834183	0	0.00214863	0.380772	0	0	0	0.0131288	
0.983619	0.00837315	0	0.0021567	0.379131	0	0	0	0.0129109	
0.983549	0.00840435	0	0.00216473	0.377497	0	0	0	0.0126973	
0.983478	0.00843542	0	0.00217273	0.37587	0	0	0	0.0124879	
0.983407	0.00846636	0	0.00218071	0.37425	0	0	0	0.0122826	
0.983337	0.00849718	0	0.00218864	0.372637	0	0	0	0.0120813	
0.983266	0.00852787	0	0.00219655	0.371031	0	0	0	0.0118839	
0.983196	0.00855844	0	0.00220442	0.369432	0	0	0	0.0116904	
0.983125	0.00858889	0	0.00221227	0.36784	0	0	0	0.0115006	
0.983055	0.00861921	0	0.00222008	0.366255	0	0	0	0.0113145	
0.982984	0.00864941	0	0.00222785	0.364677	0	0	0	0.0111321	
0.982914	0.00867949	0	0.0022356	0.363105	0	0	0	0.0109532	
0.982843	0.00870944	0	0.00224332	0.36154	0	0	0	0.0107777	
0.982773	0.00873927	0	0.002251	0.359982	0	0	0	0.0106057	
0.982702	0.00876898	0	0.00225865	0.358431	0	0	0	0.010437	
0.982632	0.00879857	0	0.00226627	0.356887	0	0	0	0.0102716	
0.982561	0.00882804	0	0.00227386	0.355349	0	0	0	0.0101093	
0.982491	0.00885738	0	0.00228142	0.353817	0	0	0	0.00995022	
0.98242	0.00888661	0	0.00228895	0.352293	0	0	0	0.0097942	
0.98235	0.00891571	0	0.00229645	0.350775	0	0	0	0.00964119	
0.982279	0.0089447	0	0.00230391	0.349263	0	0	0	0.00949113	
0.982209	0.00897357	0	0.00231135	0.347758	0	0	0	0.00934397	
0.982138	0.00900231	0	0.00231875	0.34626	0	0	0	0.00919963	
0.982068	0.00903094	0	0.00232612	0.344768	0	0	0	0.00905808	
0.981997	0.00905945	0	0.00233347	0.343282	0	0	0	0.00891924	
0.981927	0.00908784	0	0.00234078	0.341803	0	0	0	0.00878307	
0.981857	0.00911611	0	0.00234806	0.340331	0	0	0	0.00864951	
0.981786	0.00914427	0	0.00235531	0.338864	0	0	0	0.00851851	
0.981716	0.00917231	0	0.00236254	0.337404	0	0	0	0.00839002	
0.981645	0.00920023	0	0.00236973	0.335951	0	0	0	0.00826398	
0.981575	0.00922803	0	0.00237689	0.334503	0	0	0	0.00814036	
0.981505	0.00925572	0	0.00238402	0.333062	0	0	0	0.00801909	
0.981434	0.0092833	0	0.00239112	0.331627	0	0	0	0.00790013	
0.981364	0.00931075	0	0.0023982	0.330198	0	0	0	0.00778345	
0.981294	0.0093381	0	0.00240524	0.328776	0	0	0	0.00766898	
0.981223	0.00936533	0	0.00241225	0.327359	0	0	0	0.00755669	
0.981153	0.00939244	0	0.00241924	0.325949	0	0	0	0.00744653	
0.981083	0.00941945	0	0.00242619	0.324544	0	0	0	0.00733845	
0.981012	0.00944633	0	0.00243312	0.323146	0	0	0	0.00723243	
0.980942	0.00947311	0	0.00244001	0.321754	0	0	0	0.00712841	
0.980872	0.00949977	0	0.00244688	0.320368	0	0	0	0.00702636	
0.980801	0.00952632	0	0.00245372	0.318988	0	0	0	0.00692624	
0.980731	0.00955276	0	0.00246053	0.317614	0	0	0	0.006828	
0.980661	0.00957909	0	0.00246731	0.316245	0	0	0	0.00673162	
0.98059	0.0096053	0	0.00247406	0.314883	0	0	0	0.00663705	
0.98052	0.00963141	0	0.00248079	0.313526	0	0	0	0.00654425	
0.98045	0.0096574	0	0.00248748	0.312176	0	0	0	0.0064532	
0.98038	0.00968329	0	0.00249415	0.310831	0	0	0	0.00636385	
0.980309	0.00970906	0	0.00250079	0.309492	0	0	0	0.00627618	
0.980239	0.00973473	0	0.0025074	0.308159	0	0	0	0.00619014	
0.980169	0.00976029	0	0.00251398	0.306831	0	0	0	0.00610571	
0.980099	0.00978574	0	0.00252054	0.30551	0	0	0	0.00602286	
0.980028	0.00981108	0	0.00252706	0.304194	0	0	0	0.00594155	
0.979958	0.00983631	0	0.00253356	0.302883	0	0	0	0.00586175	
0.979888	0.00986144	0	0.00254004	0.301579	0	0	0	0.00578343	
0.979818	0.00988645	0	0.00254648	0.30028	0	0	0	0.00570657	
0.979747	0.00991137	0	0.0025529	0.298986	0	0	0	0.00563113	
0.979677	0.00993617	0	0.00255929	0.297698	0	0	0	0.00555708	
0.979607	0.00996087	0	0.00256565	0.296416	0	0	0	0.0054844	
0.979537	0.00998547	0	0.00257198	0.295139	0	0	0	0.00541306	
0.979467	0.01001	0	0.00257829	0.293868	0	0	0	0.00534304	
0.979397	0.0100343	0	0.00258457	0.292602	0	0	0	0.0052743	
0.979326	0.0100586	0	0.00259082	0.291342	0	0	0	0.00520683	
0.979256	0.0100828	0	0.00259705	0.290087	0	0	0	0.00514059	
0.979186	0.0101069	0	0.00260325	0.288837	0	0	0	0.00507556	
0.979116	0.0101308	0	0.00260943	0.287593	0	0	0	0.00501172	
0.979046	0.0101547	0	0.00261557	0.286355	0	0	0	0.00494905	
0.978976	0.0101785	0	0.0026217	0.285121	0	0	0	0.00488752	
0.978906	0.0102021	0	0.00262779	0.283893	0	0	0	0.0048271	
0.978835	0.0102257	0	0.00263386	0.28267	0	0	0	0.00476779	
0.978765	0.0102492	0	0.0026399	0.281453	0	0	0	0.00470955	
0.978695	0.0102725	0	0.00264592	0.280241	0	0	0	0.00465236	
0.978625	0.0102958	0	0.00265191	0.279034	0	0	0	0.0045962	
0.978555	0.0103189	0	0.00265787	0.277832	0	0	0	0.00454106	
0.978485	0.010342	0	0.00266381	0.276635	0	0	0	0.00448691	
0.978415	0.0103649	0	0.00266973	0.275444	0	0	0	0.00443373	
0.978345	0.0103878	0	0.00267561	0.274258	0	0	0	0.00438151	
0.978275	0.0104106	0	0.00268148	0.273076	0	0	0	0.00433022	
0.978205	0.0104332	0	0.00268731	0.2719	0	0	0	0.00427985	
0.978135	0.0104558	0	0.00269313	0.270729	0	0	0	0.00423037	
0.978064	0.0104783	0	0.00269891	0.269563	0	0	0	0.00418178	
0.977994	0.0105006	0	0.00270467	0.268402	0	0	0	0.00413405	
0.977924	0.0105229	0	0.00271041	0.267247	0	0	0	0.00408716	
0.977854	0.0105451	0	0.00271612	0.266096	0	0	0	0.00404111	
0.977784	0.0105672	0	0.00272181	0.26495	0	0	0	0.00399587	
0.977714	0.0105891	0	0.00272747	0.263809	0	0	0	0.00395143	
0.977644	0.010611	0	0.00273311	0.262673	0	0	0	0.00390776	
0.977574	0.0106328	0	0.00273872	0.261541	0	0	0	0.00386487	
0.977504	0.0106545	0	0.00274431	0.260415	0	0	0	0.00382272	
0.977434	0.0106761	0	0.00274988	0.259294	0	0	0	0.00378132	
0.977364	0.0106976	0	0.00275542	0.258177	0	0	0	0.00374063	
0.977294	0.0107191	0	0.00276094	0.257065	0	0	0	0.00370065	
0.977224	0.0107404	0	0.00276643	0.255958	0	0	0	0.00366137	
0.977154	0.0107616	0	0.0027719	0.254856	0	0	0	0.00362277	
0.977084	0.0107828	0	0.00277734	0.253758	0	0	0	0.00358483	
0.977014	0.0108038	0	0.00278276	0.252666	0	0	0	0.00354755	
0.976945	0.0108248	0	0.00278816	0.251577	0	0	0	0.00351091	
0.976875	0.0108456	0	0.00279353	0.250494	0	0	0	0.0034749	
0.976805	0.0108664	0	0.00279888	0.249415	0	0	0	0.00343951	
0.976735	0.0108871	0	0.00280421	0.248341	0	0	0	0.00340472	
0.976665	0.0109077	0	0.00280952	0.247272	0	0	0	0.00337053	
0.976595	0.0109282	0	0.0028148	0.246207	0	0	0	0.00333692	
0.976525	0.0109486	0	0.00282005	0.245147	0	0	0	0.00330387	
0.976455	0.0109689	0	0.00282529	0.244091	0	0	0	0.00327139	
0.976385	0.0109891	0	0.0028305	0.24304	0	0	0	0.00323945	
0.976315	0.0110093	0	0.00283569	0.241994	0	0	0	0.00320806	
0.976245	0.0110293	0	0.00284086	0.240952	0	0	0	0.00317719	
0.976175	0.0110493	0	0.002846	0.239914	0	0	0	0.00314683	
0.976106	0.0110692	0	0.00285112	0.238881	0	0	0	0.00311699	
0.976036	0.011089	0	0.00285622	0.237853	0	0	0	0.00308764	
0.975966	0.0111087	0	0.00286129	0.236828	0	0	0	0.00305878	
0.975896	0.0111283	0	0.00286635	0.235809	0	0	0	0.0030304	
0.975826	0.0111479	0	0.00287138	0.234793	0	0	0	0.00300248	
0.975756	0.0111673	0	0.00287639	0.233782	0	0	0	0.00297503	
0.975686	0.0111867	0	0.00288138	0.232776	0	0	0	0.00294803	
0.975617	0.0112059	0	0.00288634	0.231773	0	0	0	0.00292147	
0.975547	0.0112251	0	0.00289129	0.230775	0	0	0	0.00289535	
0.975477	0.0112443	0	0.00289621	0.229782	0	0	0	0.00286965	
0.975407	0.0112633	0	0.00290111	0.228792	0	0	0	0.00284437	
0.975337	0.0112822	0	0.00290599	0.227807	0	0	0	0.0028195	
0.975267	0.0113011	0	0.00291084	0.226826	0	0	0	0.00279503	
0.975198	0.0113198	0	0.00291568	0.22585	0	0	0	0.00277095	
0.975128	0.0113385	0	0.00292049	0.224877	0	0	0	0.00274727	
0.975058	0.0113572	0	0.00292529	0.223909	0	0	0	0.00272396	
0.974988	0.0113757	0	0.00293006	0.222945	0	0	0	0.00270102	
0.974919	0.0113941	0	0.00293481	0.221985	0	0	0	0.00267845	
0.974849	0.0114125	0	0.00293954	0.221029	0	0	0	0.00265623	
0.974779	0.0114308	0	0.00294425	0.220078	0	0	0	0.00263437	
0.974709	0.011449	0	0.00294894	0.21913	0	0	0	0.00261286	
0.974639	0.0114671	0	0.00295361	0.218187	0	0	0	0.00259168	
0.97457	0.0114851	0	0.00295825	0.217247	0	0	0	0.00257083	
0.9745	0.0115031	0	0.00296288	0.216312	0	0	0	0.00255031	
0.97443	0.011521	0	0.00296748	0.215381	0	0	0	0.0025301	
0.974361	0.0115388	0	0.00297207	0.214454	0	0	0	0.00251021	
0.974291	0.0115565	0	0.00297664	0.21353	0	0	0	0.00249063	
0.974221	0.0115742	0	0.00298118	0.212611	0	0	0	0.00247135	
0.974151	0.0115917	0	0.00298571	0.211696	0	0	0	0.00245237	
0.974082	0.0116092	0	0.00299021	0.210784	0	0	0	0.00243367	
0.974012	0.0116266	0	0.00299469	0.209877	0	0	0	0.00241527	
0.973942	0.011644	0	0.00299916	0.208973	0	0	0	0.00239714	
0.973873	0.0116612	0	0.0030036	0.208073	0	0	0	0.00237928	
0.973803	0.0116784	0	0.00300803	0.207178	0	0	0	0.0023617	
0.973733	0.0116955	0	0.00301244	0.206286	0	0	0	0.00234438	
0.973664	0.0117125	0	0.00301682	0.205398	0	0	0	0.00232732	
0.973594	0.0117295	0	0.00302119	0.204513	0	0	0	0.00231051	
0.973524	0.0117464	0	0.00302553	0.203633	0	0	0	0.00229395	
0.973455	0.0117632	0	0.00302986	0.202756	0	0	0	0.00227764	
0.973385	0.0117799	0	0.00303417	0.201883	0	0	0	0.00226157	
0.973315	0.0117965	0	0.00303846	0.201014	0	0	0	0.00224574	
0.973246	0.0118131	0	0.00304273	0.200149	0	0	0	0.00223013	
0.973176	0.0118296	0	0.00304698	0.199287	0	0	0	0.00221476	
0.973106	0.0118461	0	0.00305121	0.198429	0	0	0	0.00219961	
0.973037	0.0118624	0	0.00305543	0.197575	0	0	0	0.00218467	
0.972967	0.0118787	0	0.00305962	0.196725	0	0	0	0.00216996	
0.972897	0.0118949	0	0.0030638	0.195878	0	0	0	0.00215545	
0.972828	0.011911	0	0.00306795	0.195035	0	0	0	0.00214115	
0.972758	0.0119271	0	0.00307209	0.194195	0	0	0	0.00212706	
0.972689	0.0119431	0	0.00307621	0.193359	0	0	0	0.00211317	
0.972619	0.011959	0	0.00308031	0.192527	0	0	0	0.00209947	
0.97255	0.0119749	0	0.0030844	0.191698	0	0	0	0.00208596	
0.97248	0.0119907	0	0.00308846	0.190873	0	0	0	0.00207265	
0.97241	0.0120064	0	0.00309251	0.190051	0	0	0	0.00205952	
0.972341	0.012022	0	0.00309654	0.189233	0	0	0	0.00204657	
0.972271	0.0120376	0	0.00310055	0.188418	0	0	0	0.0020338	
0.972202	0.0120531	0	0.00310454	0.187607	0	0	0	0.00202121	
0.972132	0.0120685	0	0.00310852	0.1868	0	0	0	0.00200879	
0.972063	0.0120839	0	0.00311247	0.185996	0	0	0	0.00199654	
0.971993	0.0120992	0	0.00311641	0.185195	0	0	0	0.00198446	
0.971924	0.0121144	0	0.00312033	0.184398	0	0	0	0.00197254	
0.971854	0.0121296	0	0.00312424	0.183604	0	0	0	0.00196079	
0.971785	0.0121447	0	0.00312812	0.182814	0	0	0	0.00194919	
0.971715	0.0121597	0	0.00313199	0.182027	0	0	0	0.00193774	
0.971645	0.0121746	0	0.00313585	0.181243	0	0	0	0.00192645	
0.971576	0.0121895	0	0.00313968	0.180463	0	0	0	0.00191531	
0.971507	0.0122043	0	0.0031435	0.179686	0	0	0	0.00190431	
0.971437	0.0122191	0	0.0031473	0.178913	0	0	0	0.00189346	
0.971368	0.0122338	0	0.00315108	0.178143	0	0	0	0.00188275	
0.971298	0.0122484	0	0.00315485	0.177376	0	0	0	0.00187219	
0.971229	0.012263	0	0.00315859	0.176613	0	0	0	0.00186175	
0.971159	0.0122774	0	0.00316233	0.175853	0	0	0	0.00185146	
0.97109	0.0122919	0	0.00316604	0.175096	0	0	0	0.00184129	
0.97102	0.0123062	0	0.00316974	0.174342	0	0	0	0.00183126	
0.970951	0.0123205	0	0.00317342	0.173592	0	0	0	0.00182135	
0.970881	0.0123347	0	0.00317709	0.172844	0	0	0	0.00181157	
0.970812	0.0123489	0	0.00318074	0.1721	0	0	0	0.00180191	
0.970742	0.012363	0	0.00318437	0.17136	0	0	0	0.00179237	
0.970673	0.0123771	0	0.00318798	0.170622	0	0	0	0.00178295	
0.970604	0.012391	0	0.00319158	0.169888	0	0	0	0.00177365	
0.970534	0.0124049	0	0.00319517	0.169157	0	0	0	0.00176446	
0.970465	0.0124188	0	0.00319873	0.168429	0	0	0	0.00175539	
0.970395	0.0124326	0	0.00320228	0.167704	0	0	0	0.00174643	
0.970326	0.0124463	0	0.00320582	0.166982	0	0	0	0.00173758	
0.970257	0.01246	0	0.00320934	0.166263	0	0	0	0.00172883	
0.970187	0.0124736	0	0.00321284	0.165548	0	0	0	0.00172019	
0.970118	0.0124871	0	0.00321633	0.164835	0	0	0	0.00171166	
0.970048	0.0125006	0	0.0032198	0.164126	0	0	0	0.00170323	
0.969979	0.012514	0	0.00322325	0.163419	0	0	0	0.00169489	
0.96991	0.0125273	0	0.00322669	0.162716	0	0	0	0.00168666	
0.96984	0.0125406	0	0.00323012	0.162016	0	0	0	0.00167852	
0.969771	0.0125539	0	0.00323353	0.161318	0	0	0	0.00167048	
0.969702	0.012567	0	0.00323692	0.160624	0	0	0	0.00166253	
0.969632	0.0125802	0	0.0032403	0.159933	0	0	0	0.00165468	
0.969563	0.0125932	0	0.00324366	0.159245	0	0	0	0.00164691	
0.969494	0.0126062	0	0.00324701	0.158559	0	0	0	0.00163924	
0.969424	0.0126191	0	0.00325034	0.157877	0	0	0	0.00163165	
0.969355	0.012632	0	0.00325366	0.157197	0	0	0	0.00162415	
0.969286	0.0126448	0	0.00325696	0.156521	0	0	0	0.00161673	
0.969216	0.0126576	0	0.00326024	0.155847	0	0	0	0.0016094	
0.969147	0.0126703	0	0.00326352	0.155177	0	0	0	0.00160215	
0.969078	0.0126829	0	0.00326677	0.154509	0	0	0	0.00159498	
0.969008	0.0126955	0	0.00327001	0.153844	0	0	0	0.00158789	
0.968939	0.0127081	0	0.00327324	0.153182	0	0	0	0.00158088	
0.96887	0.0127205	0	0.00327645	0.152523	0	0	0	0.00157395	
0.968801	0.012733	0	0.00327965	0.151866	0	0	0	0.00156709	
0.968731	0.0127453	0	0.00328284	0.151213	0	0	0	0.00156031	
0.968662	0.0127576	0	0.003286	0.150562	0	0	0	0.0015536	
0.968593	0.0127699	0	0.00328916	0.149914	0	0	0	0.00154696	
0.968523	0.0127821	0	0.0032923	0.149269	0	0	0	0.0015404	
0.968454	0.0127942	0	0.00329542	0.148626	0	0	0	0.0015339	
0.968385	0.0128063	0	0.00329854	0.147987	0	0	0	0.00152747	
0.968316	0.0128183	0	0.00330163	0.14735	0	0	0	0.00152111	
0.968247	0.0128303	0	0.00330472	0.146716	0	0	0	0.00151482	
0.968177	0.0128422	0	0.00330779	0.146085	0	0	0	0.0015086	
0.968108	0.012854	0	0.00331084	0.145456	0	0	0	0.00150243	
0.968039	0.0128658	0	0.00331388	0.14483	0	0	0	0.00149634	
0.96797	0.0128776	0	0.00331691	0.144207	0	0	0	0.0014903	
0.9679	0.0128893	0	0.00331992	0.143586	0	0	0	0.00148433	
0.967831	0.0129009	0	0.00332292	0.142968	0	0	0	0.00147842	
0.967762	0.0129125	0	0.00332591	0.142353	0	0	0	0.00147257	
0.967693	0.0129241	0	0.00332888	0.141741	0	0	0	0.00146677	
0.967624	0.0129355	0	0.00333184	0.141131	0	0	0	0.00146104	
0.967554	0.012947	0	0.00333478	0.140524	0	0	0	0.00145536	
0.967485	0.0129584	0	0.00333771	0.139919	0	0	0	0.00144974	
0.967416	0.0129697	0	0.00334063	0.139317	0	0	0	0.00144418	
0.967347	0.012981	0	0.00334353	0.138717	0	0	0	0.00143867	
0.967278	0.0129922	0	0.00334642	0.13812	0	0	0	0.00143321	
0.967209	0.0130034	0	0.0033493	0.137526	0	0	0	0.00142781	
0.96714	0.0130145	0	0.00335217	0.136934	0	0	0	0.00142246	
0.96707	0.0130255	0	0.00335502	0.136345	0	0	0	0.00141716	
0.967001	0.0130366	0	0.00335785	0.135758	0	0	0	0.00141191	
0.966932	0.0130475	0	0.00336068	0.135174	0	0	0	0.00140671	
0.966863	0.0130584	0	0.00336349	0.134593	0	0	0	0.00140157	
0.966794	0.0130693	0	0.00336629	0.134014	0	0	0	0.00139647	
0.966725	0.0130801	0	0.00336908	0.133437	0	0	0	0.00139142	
0.966656	0.0130909	0	0.00337185	0.132863	0	0	0	0.00138641	
0.966587	0.0131016	0	0.00337461	0.132291	0	0	0	0.00138146	
0.966517	0.0131123	0	0.00337736	0.131722	0	0	0	0.00137655	
0.966448	0.0131229	0	0.00338009	0.131155	0	0	0	0.00137168	
0.966379	0.0131335	0	0.00338281	0.130591	0	0	0	0.00136686	
0.96631	0.013144	0	0.00338552	0.130029	0	0	0	0.00136209	
0.966241	0.0131545	0	0.00338822	0.12947	0	0	0	0.00135735	
0.966172	0.0131649	0	0.00339091	0.128913	0	0	0	0.00135266	
0.966103	0.0131753	0	0.00339358	0.128358	0	0	0	0.00134802	
0.966034	0.0131856	0	0.00339624	0.127806	0	0	0	0.00134341	
0.965965	0.0131959	0	0.00339889	0.127256	0	0	0	0.00133885	
0.965896	0.0132061	0	0.00340152	0.126708	0	0	0	0.00133433	
0.965827	0.0132163	0	0.00340414	0.126163	0	0	0	0.00132984	
0.965758	0.0132264	0	0.00340676	0.12562	0	0	0	0.0013254	
0.965689	0.0132365	0	0.00340935	0.12508	0	0	0	0.001321	
0.96562	0.0132466	0	0.00341194	0.124542	0	0	0	0.00131663	
0.965551	0.0132566	0	0.00341452	0.124006	0	0	0	0.00131231	
0.965482	0.0132665	0	0.00341708	0.123472	0	0	0	0.00130802	
0.965413	0.0132764	0	0.00341963	0.122941	0	0	0	0.00130376	
0.965344	0.0132863	0	0.00342217	0.122412	0	0	0	0.00129955	
0.965275	0.0132961	0	0.0034247	0.121886	0	0	0	0.00129537	
0.965206	0.0133058	0	0.00342721	0.121361	0	0	0	0.00129123	
0.965137	0.0133156	0	0.00342972	0.120839	0	0	0	0.00128712	
0.965068	0.0133252	0	0.00343221	0.120319	0	0	0	0.00128304	
0.964999	0.0133349	0	0.00343469	0.119802	0	0	0	0.00127901	
0.96493	0.0133445	0	0.00343716	0.119286	0	0	0	0.001275	
0.964861	0.013354	0	0.00343961	0.118773	0	0	0	0.00127103	
0.964792	0.0133635	0	0.00344206	0.118262	0	0	0	0.00126709	
0.964723	0.0133729	0	0.00344449	0.117754	0	0	0	0.00126319	
0.964654	0.0133823	0	0.00344692	0.117247	0	0	0	0.00125931	
0.964585	0.0133917	0	0.00344933	0.116743	0	0	0	0.00125547	
0.964516	0.013401	0	0.00345173	0.11624	0	0	0	0.00125166	
0.964447	0.0134103	0	0.00345412	0.11574	0	0	0	0.00124788	
0.964378	0.0134195	0	0.0034565	0.115242	0	0	0	0.00124414	
0.964309	0.0134287	0	0.00345886	0.114747	0	0	0	0.00124042	
0.96424	0.0134379	0	0.00346122	0.114253	0	0	0	0.00123673	
0.964171	0.013447	0	0.00346357	0.113762	0	0	0	0.00123308	
0.964102	0.013456	0	0.0034659	0.113272	0	0	0	0.00122945	
0.964034	0.0134651	0	0.00346822	0.112785	0	0	0	0.00122585	
0.963965	0.013474	0	0.00347053	0.1123	0	0	0	0.00122228	
0.963896	0.013483	0	0.00347284	0.111817	0	0	0	0.00121874	
0.963827	0.0134919	0	0.00347513	0.111336	0	0	0	0.00121523	
0.963758	0.0135007	0	0.00347741	0.110857	0	0	0	0.00121174	
0.963689	0.0135095	0	0.00347968	0.11038	0	0	0	0.00120828	
0.96362	0.0135183	0	0.00348193	0.109905	0	0	0	0.00120485	
0.963551	0.013527	0	0.00348418	0.109432	0	0	0	0.00120145	
0.963483	0.0135357	0	0.00348642	0.108962	0	0	0	0.00119807	
0.963414	0.0135444	0	0.00348864	0.108493	0	0	0	0.00119472	
0.963345	0.013553	0	0.00349086	0.108026	0	0	0	0.00119139	
0.963276	0.0135615	0	0.00349307	0.107562	0	0	0	0.00118809	
0.963207	0.01357	0	0.00349526	0.107099	0	0	0	0.00118482	
0.963138	0.0135785	0	0.00349745	0.106638	0	0	0	0.00118157	
0.96307	0.013587	0	0.00349962	0.10618	0	0	0	0.00117835	
0.963001	0.0135954	0	0.00350179	0.105723	0	0	0	0.00117515	
0.962932	0.0136037	0	0.00350394	0.105268	0	0	0	0.00117198	
0.962863	0.0136121	0	0.00350608	0.104816	0	0	0	0.00116882	
0.962794	0.0136203	0	0.00350822	0.104365	0	0	0	0.0011657	
0.962725	0.0136286	0	0.00351034	0.103916	0	0	0	0.0011626	
0.962657	0.0136368	0	0.00351245	0.103469	0	0	0	0.00115952	
0.962588	0.013645	0	0.00351456	0.103024	0	0	0	0.00115646	
0.962519	0.0136531	0	0.00351665	0.102581	0	0	0	0.00115343	
0.96245	0.0136612	0	0.00351874	0.10214	0	0	0	0.00115042	
0.962382	0.0136692	0	0.00352081	0.1017	0	0	0	0.00114743	
0.962313	0.0136772	0	0.00352287	0.101263	0	0	0	0.00114446	
0.962244	0.0136852	0	0.00352493	0.100827	0	0	0	0.00114152	
0.962175	0.0136932	0	0.00352697	0.100394	0	0	0	0.0011386	
0.962106	0.0137011	0	0.00352901	0.0999619	0	0	0	0.0011357	
0.962038	0.0137089	0	0.00353103	0.099532	0	0	0	0.00113282	
0.961969	0.0137167	0	0.00353305	0.0991039	0	0	0	0.00112997	
0.9619	0.0137245	0	0.00353505	0.0986777	0	0	0	0.00112713	
0.961832	0.0137323	0	0.00353705	0.0982533	0	0	0	0.00112432	
0.961763	0.01374	0	0.00353904	0.0978308	0	0	0	0.00112152	
0.961694	0.0137477	0	0.00354101	0.09741	0	0	0	0.00111875	
0.961625	0.0137553	0	0.00354298	0.0969911	0	0	0	0.001116	
0.961557	0.0137629	0	0.00354494	0.096574	0	0	0	0.00111326	
0.961488	0.0137705	0	0.00354689	0.0961587	0	0	0	0.00111055	
0.961419	0.013778	0	0.00354883	0.0957451	0	0	0	0.00110786	
0.961351	0.0137855	0	0.00355076	0.0953334	0	0	0	0.00110519	
0.961282	0.013793	0	0.00355268	0.0949234	0	0	0	0.00110253	
0.961213	0.0138004	0	0.00355459	0.0945152	0	0	0	0.0010999	
0.961145	0.0138078	0	0.0035565	0.0941087	0	0	0	0.00109728	
0.961076	0.0138151	0	0.00355839	0.093704	0	0	0	0.00109469	
0.961007	0.0138225	0	0.00356028	0.0933011	0	0	0	0.00109211	
0.960939	0.0138297	0	0.00356215	0.0928999	0	0	0	0.00108955	
0.96087	0.013837	0	0.00356402	0.0925004	0	0	0	0.00108702	
0.960801	0.0138442	0	0.00356588	0.0921026	0	0	0	0.00108449	
0.960733	0.0138514	0	0.00356773	0.0917065	0	0	0	0.00108199	
0.960664	0.0138585	0	0.00356957	0.0913122	0	0	0	0.00107951	
0.960595	0.0138656	0	0.0035714	0.0909195	0	0	0	0.00107704	
0.960527	0.0138727	0	0.00357322	0.0905286	0	0	0	0.00107459	
0.960458	0.0138797	0	0.00357503	0.0901393	0	0	0	0.00107216	
0.960389	0.0138868	0	0.00357684	0.0897517	0	0	0	0.00106975	
0.960321	0.0138937	0	0.00357863	0.0893658	0	0	0	0.00106735	
0.960252	0.0139007	0	0.00358042	0.0889815	0	0	0	0.00106498	
0.960184	0.0139076	0	0.0035822	0.0885989	0	0	0	0.00106262	
0.960115	0.0139144	0	0.00358397	0.0882179	0	0	0	0.00106027	
0.960046	0.0139213	0	0.00358573	0.0878386	0	0	0	0.00105795	
0.959978	0.0139281	0	0.00358749	0.0874609	0	0	0	0.00105564	
0.959909	0.0139349	0	0.00358923	0.0870848	0	0	0	0.00105334	
0.959841	0.0139416	0	0.00359097	0.0867104	0	0	0	0.00105107	
0.959772	0.0139483	0	0.0035927	0.0863376	0	0	0	0.00104881	
0.959703	0.013955	0	0.00359441	0.0859663	0	0	0	0.00104657	
0.959635	0.0139616	0	0.00359613	0.0855967	0	0	0	0.00104434	
0.959566	0.0139683	0	0.00359783	0.0852287	0	0	0	0.00104213	
0.959498	0.0139748	0	0.00359952	0.0848622	0	0	0	0.00103993	
0.959429	0.0139814	0	0.00360121	0.0844974	0	0	0	0.00103776	
0.959361	0.0139879	0	0.00360289	0.0841341	0	0	0	0.0010356	
0.959292	0.0139944	0	0.00360456	0.0837723	0	0	0	0.00103345	
0.959224	0.0140008	0	0.00360622	0.0834122	0	0	0	0.00103132	
0.959155	0.0140073	0	0.00360787	0.0830535	0	0	0	0.0010292	
0.959087	0.0140136	0	0.00360952	0.0826965	0	0	0	0.00102711	
0.959018	0.01402	0	0.00361116	0.0823409	0	0	0	0.00102502	
0.95895	0.0140263	0	0.00361279	0.0819869	0	0	0	0.00102296	
0.958881	0.0140326	0	0.00361441	0.0816344	0	0	0	0.0010209	
0.958813	0.0140389	0	0.00361602	0.0812835	0	0	0	0.00101887	
0.958744	0.0140451	0	0.00361763	0.080934	0	0	0	0.00101684	
0.958676	0.0140513	0	0.00361923	0.0805861	0	0	0	0.00101484	
0.958607	0.0140575	0	0.00362082	0.0802396	0	0	0	0.00101285	
0.958539	0.0140637	0	0.0036224	0.0798946	0	0	0	0.00101087	
0.95847	0.0140698	0	0.00362398	0.0795512	0	0	0	0.00100891	
0.958402	0.0140759	0	0.00362554	0.0792092	0	0	0	0.00100696	
0.958333	0.0140819	0	0.0036271	0.0788687	0	0	0	0.00100503	
0.958265	0.0140879	0	0.00362866	0.0785296	0	0	0	0.00100311	
0.958196	0.0140939	0	0.0036302	0.078192	0	0	0	0.00100121	
0.958128	0.0140999	0	0.00363174	0.0778559	0	0	0	0.000999324	
0.958059	0.0141058	0	0.00363327	0.0775212	0	0	0	0.000997451	
0.957991	0.0141117	0	0.00363479	0.0771879	0	0	0	0.000995592	
0.957923	0.0141176	0	0.0036363	0.0768561	0	0	0	0.000993748	
0.957854	0.0141235	0	0.00363781	0.0765258	0	0	0	0.000991918	
0.957786	0.0141293	0	0.00363931	0.0761968	0	0	0	0.000990103	
0.957717	0.0141351	0	0.0036408	0.0758692	0	0	0	0.000988302	
0.957649	0.0141409	0	0.00364229	0.0755431	0	0	0	0.000986515	
0.957581	0.0141466	0	0.00364376	0.0752184	0	0	0	0.000984743	
0.957512	0.0141523	0	0.00364523	0.0748951	0	0	0	0.000982984	
0.957444	0.014158	0	0.0036467	0.0745731	0	0	0	0.00098124	
0.957375	0.0141636	0	0.00364815	0.0742526	0	0	0	0.00097951	
0.957307	0.0141692	0	0.0036496	0.0739334	0	0	0	0.000977794	
0.957239	0.0141748	0	0.00365104	0.0736156	0	0	0	0.000976092	
0.95717	0.0141804	0	0.00365247	0.0732992	0	0	0	0.000974404	
0.957102	0.014186	0	0.0036539	0.0729841	0	0	0	0.00097273	
0.957033	0.0141915	0	0.00365532	0.0726704	0	0	0	0.000971069	
0.956965	0.0141969	0	0.00365673	0.0723581	0	0	0	0.000969423	
0.956897	0.0142024	0	0.00365814	0.0720471	0	0	0	0.000967791	
0.956828	0.0142078	0	0.00365954	0.0717374	0	0	0	0.000966172	
0.95676	0.0142132	0	0.00366093	0.0714291	0	0	0	0.000964567	
0.956692	0.0142186	0	0.00366232	0.0711221	0	0	0	0.000962976	
0.956623	0.014224	0	0.00366369	0.0708164	0	0	0	0.000961399	
0.956555	0.0142293	0	0.00366506	0.070512	0	0	0	0.000959835	
0.956487	0.0142346	0	0.00366643	0.070209	0	0	0	0.000958286	
0.956418	0.0142399	0	0.00366779	0.0699072	0	0	0	0.00095675	
0.95635	0.0142451	0	0.00366914	0.0696068	0	0	0	0.000955227	
0.956282	0.0142503	0	0.00367048	0.0693076	0	0	0	0.000953719	
0.956214	0.0142555	0	0.00367182	0.0690097	0	0	0	0.000952224	
0.956145	0.0142607	0	0.00367315	0.0687131	0	0	0	0.000950743	
0.956077	0.0142658	0	0.00367447	0.0684178	0	0	0	0.000949275	
0.956009	0.0142709	0	0.00367579	0.0681238	0	0	0	0.000947821	
0.95594	0.014276	0	0.0036771	0.067831	0	0	0	0.000946381	
0.955872	0.0142811	0	0.00367841	0.0675395	0	0	0	0.000944955	
0.955804	0.0142861	0	0.0036797	0.0672493	0	0	0	0.000943542	
0.955736	0.0142911	0	0.00368099	0.0669603	0	0	0	0.000942143	
0.955667	0.0142961	0	0.00368228	0.0666725	0	0	0	0.000940758	
0.955599	0.0143011	0	0.00368356	0.066386	0	0	0	0.000939387	
0.955531	0.014306	0	0.00368483	0.0661007	0	0	0	0.000938029	
0.955463	0.0143109	0	0.00368609	0.0658167	0	0	0	0.000936685	
0.955394	0.0143158	0	0.00368735	0.0655338	0	0	0	0.000935355	
0.955326	0.0143207	0	0.0036886	0.0652522	0	0	0	0.000934039	
0.955258	0.0143255	0	0.00368985	0.0649718	0	0	0	0.000932737	
0.95519	0.0143303	0	0.00369109	0.0646926	0	0	0	0.000931449	
0.955121	0.0143351	0	0.00369232	0.0644146	0	0	0	0.000930174	
0.955053	0.0143399	0	0.00369355	0.0641378	0	0	0	0.000928914	
0.954985	0.0143446	0	0.00369477	0.0638622	0	0	0	0.000927668	
0.954917	0.0143493	0	0.00369599	0.0635878	0	0	0	0.000926435	
0.954849	0.014354	0	0.0036972	0.0633146	0	0	0	0.000925217	
0.95478	0.0143587	0	0.0036984	0.0630425	0	0	0	0.000924013	
0.954712	0.0143634	0	0.0036996	0.0627717	0	0	0	0.000922824	
0.954644	0.014368	0	0.00370079	0.062502	0	0	0	0.000921648	
0.954576	0.0143726	0	0.00370197	0.0622334	0	0	0	0.000920487	
0.954508	0.0143771	0	0.00370315	0.061966	0	0	0	0.000919341	
0.95444	0.0143817	0	0.00370432	0.0616998	0	0	0	0.000918209	
0.954371	0.0143862	0	0.00370549	0.0614347	0	0	0	0.000917091	
0.954303	0.0143907	0	0.00370665	0.0611707	0	0	0	0.000915989	
0.954235	0.0143952	0	0.0037078	0.0609079	0	0	0	0.000914901	
0.954167	0.0143997	0	0.00370895	0.0606462	0	0	0	0.000913828	
0.954099	0.0144041	0	0.00371009	0.0603856	0	0	0	0.00091277	
0.954031	0.0144085	0	0.00371123	0.0601262	0	0	0	0.000911727	
0.953963	0.0144129	0	0.00371236	0.0598679	0	0	0	0.000910699	
0.953894	0.0144173	0	0.00371349	0.0596107	0	0	0	0.000909687	
0.953826	0.0144216	0	0.00371461	0.0593546	0	0	0	0.00090869	
0.953758	0.014426	0	0.00371572	0.0590996	0	0	0	0.000907709	
0.95369	0.0144303	0	0.00371683	0.0588457	0	0	0	0.000906743	
0.953622	0.0144345	0	0.00371793	0.0585929	0	0	0	0.000905794	
0.953554	0.0144388	0	0.00371903	0.0583412	0	0	0	0.00090486	
0.953486	0.014443	0	0.00372012	0.0580905	0	0	0	0.000903943	
0.953418	0.0144473	0	0.0037212	0.057841	0	0	0	0.000903042	
0.95335	0.0144514	0	0.00372228	0.0575925	0	0	0	0.000902157	
0.953282	0.0144556	0	0.00372336	0.0573451	0	0	0	0.00090129	
0.953213	0.0144598	0	0.00372443	0.0570988	0	0	0	0.000900439	
0.953145	0.0144639	0	0.00372549	0.0568535	0	0	0	0.000899606	
0.953077	0.014468	0	0.00372655	0.0566093	0	0	0	0.00089879	
0.953009	0.0144721	0	0.0037276	0.0563661	0	0	0	0.000897992	
0.952941	0.0144761	0	0.00372865	0.056124	0	0	0	0.000897212	
0.952873	0.0144802	0	0.00372969	0.0558829	0	0	0	0.00089645	
0.952805	0.0144842	0	0.00373073	0.0556429	0	0	0	0.000895707	
0.952737	0.0144882	0	0.00373176	0.0554039	0	0	0	0.000894982	
0.952669	0.0144922	0	0.00373278	0.0551659	0	0	0	0.000894277	
0.952601	0.0144962	0	0.0037338	0.0549289	0	0	0	0.000893591	
0.952533	0.0145001	0	0.00373482	0.054693	0	0	0	0.000892926	
0.952465	0.014504	0	0.00373583	0.0544581	0	0	0	0.00089228	
0.952397	0.0145079	0	0.00373683	0.0542242	0	0	0	0.000891656	
0.952329	0.0145118	0	0.00373783	0.0539913	0	0	0	0.000891053	
0.952261	0.0145156	0	0.00373882	0.0537594	0	0	0	0.000890471	
0.952193	0.0145195	0	0.00373981	0.0535285	0	0	0	0.000889912	
0.952125	0.0145233	0	0.00374079	0.0532986	0	0	0	0.000889375	
0.952057	0.0145271	0	0.00374177	0.0530697	0	0	0	0.000888863	
0.951989	0.0145309	0	0.00374274	0.0528418	0	0	0	0.000888374	
0.951921	0.0145346	0	0.00374371	0.0526148	0	0	0	0.00088791	
0.951853	0.0145384	0	0.00374468	0.0523889	0	0	0	0.000887471	
0.951785	0.0145421	0	0.00374563	0.0521639	0	0	0	0.000887059	
0.951717	0.0145458	0	0.00374659	0.0519399	0	0	0	0.000886674	
0.951649	0.0145495	0	0.00374753	0.0517168	0	0	0	0.000886318	
0.951581	0.0145531	0	0.00374848	0.0514947	0	0	0	0.00088599	
0.951513	0.0145568	0	0.00374942	0.0512736	0	0	0	0.000885693	
0.951445	0.0145604	0	0.00375035	0.0510534	0	0	0	0.000885428	
0.951377	0.014564	0	0.00375128	0.0508342	0	0	0	0.000885196	
0.95131	0.0145676	0	0.0037522	0.0506159	0	0	0	0.000884998	
0.951242	0.0145712	0	0.00375312	0.0503985	0	0	0	0.000884836	
0.951174	0.0145747	0	0.00375403	0.0501821	0	0	0	0.000884713	
0.951106	0.0145782	0	0.00375494	0.0499666	0	0	0	0.000884629	
0.951038	0.0145817	0	0.00375584	0.0497521	0	0	0	0.000884587	
0.95097	0.0145852	0	0.00375674	0.0495385	0	0	0	0.00088459	
0.950902	0.0145887	0	0.00375764	0.0493257	0	0	0	0.00088464	
0.950834	0.0145922	0	0.00375853	0.049114	0	0	0	0.00088474	
0.950766	0.0145956	0	0.00375941	0.0489031	0	0	0	0.000884895	
0.950698	0.014599	0	0.00376029	0.0486931	0	0	0	0.000885106	
0.950631	0.0146024	0	0.00376117	0.048484	0	0	0	0.000885379	
