1	0	0	0	1	0	0	0	1	
0.999857	1.20324e-06	0	3.80379e-07	0.996332	0	0	0	0.976143	
0.999716	4.72317e-06	0	1.49382e-06	0.992707	0	0	0	0.953252	
0.999575	1.04457e-05	0	3.30359e-06	0.989098	0	0	0	0.930901	
0.999435	1.82584e-05	0	5.77411e-06	0.985505	0	0	0	0.909079	
0.999295	2.80572e-05	0	8.87255e-06	0.981928	0	0	0	0.887772	
0.999156	3.9746e-05	0	1.25685e-05	0.978368	0	0	0	0.866968	
0.999017	5.32354e-05	0	1.68336e-05	0.974823	0	0	0	0.846654	
0.998878	6.84419e-05	0	2.16416e-05	0.971293	0	0	0	0.826821	
0.99874	8.52876e-05	0	2.69678e-05	0.967779	0	0	0	0.807455	
0.998602	0.000103699	0	3.27891e-05	0.96428	0	0	0	0.788546	
0.998464	0.000123609	0	3.90838e-05	0.960797	0	0	0	0.770083	
0.998327	0.00014495	0	4.58313e-05	0.957328	0	0	0	0.752056	
0.99819	0.000167663	0	5.30125e-05	0.953873	0	0	0	0.734454	
0.998053	0.00019169	0	6.06089e-05	0.950434	0	0	0	0.717267	
0.997917	0.000216976	0	6.86033e-05	0.947009	0	0	0	0.700485	
0.997781	0.000243469	0	7.69792e-05	0.943598	0	0	0	0.684099	
0.997645	0.000271119	0	8.57211e-05	0.940201	0	0	0	0.668099	
0.99751	0.000299879	0	9.48138e-05	0.936818	0	0	0	0.652476	
0.997374	0.000329704	0	0.000104243	0.93345	0	0	0	0.637221	
0.99724	0.000360552	0	0.000113996	0.930095	0	0	0	0.622326	
0.997105	0.000392381	0	0.000124059	0.926754	0	0	0	0.607782	
0.99697	0.000425153	0	0.00013442	0.923426	0	0	0	0.59358	
0.996836	0.000458829	0	0.000145067	0.920112	0	0	0	0.579714	
0.996702	0.000493374	0	0.000155989	0.916812	0	0	0	0.566173	
0.996568	0.000528753	0	0.000167174	0.913524	0	0	0	0.552952	
0.996435	0.000564933	0	0.000178612	0.91025	0	0	0	0.540042	
0.996301	0.000601882	0	0.000190294	0.906989	0	0	0	0.527436	
0.996168	0.000639569	0	0.000202209	0.903741	0	0	0	0.515127	
0.996035	0.000677965	0	0.000214348	0.900506	0	0	0	0.503107	
0.995902	0.000717043	0	0.000226702	0.897284	0	0	0	0.491371	
0.99577	0.000756773	0	0.000239263	0.894075	0	0	0	0.479911	
0.995637	0.000797131	0	0.000252022	0.890878	0	0	0	0.468721	
0.995505	0.00083809	0	0.000264972	0.887694	0	0	0	0.457794	
0.995373	0.000879627	0	0.000278104	0.884522	0	0	0	0.447124	
0.995241	0.000921717	0	0.000291411	0.881362	0	0	0	0.436705	
0.995109	0.000964339	0	0.000304885	0.878215	0	0	0	0.426531	
0.994977	0.00100747	0	0.000318521	0.875081	0	0	0	0.416597	
0.994846	0.00105109	0	0.000332311	0.871958	0	0	0	0.406897	
0.994715	0.00109517	0	0.000346249	0.868848	0	0	0	0.397424	
0.994584	0.00113971	0	0.000360328	0.865749	0	0	0	0.388175	
0.994452	0.00118467	0	0.000374543	0.862663	0	0	0	0.379143	
0.994322	0.00123004	0	0.000388887	0.859588	0	0	0	0.370324	
0.994191	0.00127581	0	0.000403356	0.856525	0	0	0	0.361711	
0.99406	0.00132194	0	0.000417943	0.853474	0	0	0	0.353302	
0.99393	0.00136844	0	0.000432643	0.850435	0	0	0	0.34509	
0.993799	0.00141528	0	0.000447451	0.847407	0	0	0	0.337071	
0.993669	0.00146245	0	0.000462363	0.844391	0	0	0	0.329241	
0.993539	0.00150993	0	0.000477373	0.841386	0	0	0	0.321594	
0.993409	0.0015577	0	0.000492477	0.838392	0	0	0	0.314128	
0.993279	0.00160576	0	0.00050767	0.83541	0	0	0	0.306837	
0.993149	0.00165408	0	0.000522948	0.83244	0	0	0	0.299717	
0.99302	0.00170267	0	0.000538307	0.82948	0	0	0	0.292764	
0.99289	0.00175149	0	0.000553743	0.826532	0	0	0	0.285975	
0.992761	0.00180055	0	0.000569252	0.823595	0	0	0	0.279345	
0.992631	0.00184982	0	0.00058483	0.820668	0	0	0	0.272872	
0.992502	0.0018993	0	0.000600473	0.817753	0	0	0	0.26655	
0.992373	0.00194897	0	0.000616177	0.814849	0	0	0	0.260376	
0.992244	0.00199883	0	0.00063194	0.811955	0	0	0	0.254348	
0.992115	0.00204887	0	0.000647758	0.809073	0	0	0	0.248461	
0.991986	0.00209906	0	0.000663628	0.806201	0	0	0	0.242712	
0.991857	0.00214941	0	0.000679546	0.80334	0	0	0	0.237099	
0.991728	0.00219991	0	0.00069551	0.800489	0	0	0	0.231617	
0.9916	0.00225054	0	0.000711516	0.79765	0	0	0	0.226263	
0.991471	0.00230129	0	0.000727562	0.79482	0	0	0	0.221036	
0.991343	0.00235216	0	0.000743645	0.792001	0	0	0	0.215931	
0.991214	0.00240314	0	0.000759762	0.789193	0	0	0	0.210946	
0.991086	0.00245422	0	0.000775911	0.786395	0	0	0	0.206077	
0.990958	0.00250539	0	0.000792088	0.783608	0	0	0	0.201323	
0.99083	0.00255665	0	0.000808293	0.78083	0	0	0	0.196681	
0.990701	0.00260798	0	0.000824521	0.778063	0	0	0	0.192147	
0.990573	0.00265938	0	0.000840772	0.775306	0	0	0	0.18772	
0.990445	0.00271085	0	0.000857042	0.77256	0	0	0	0.183397	
0.990318	0.00276237	0	0.00087333	0.769823	0	0	0	0.179175	
0.99019	0.00281394	0	0.000889633	0.767096	0	0	0	0.175052	
0.990062	0.00286555	0	0.00090595	0.76438	0	0	0	0.171025	
0.989934	0.0029172	0	0.000922278	0.761673	0	0	0	0.167093	
0.989807	0.00296887	0	0.000938616	0.758977	0	0	0	0.163253	
0.989679	0.00302057	0	0.000954961	0.75629	0	0	0	0.159503	
0.989552	0.0030723	0	0.000971313	0.753613	0	0	0	0.155841	
0.989424	0.00312403	0	0.000987668	0.750946	0	0	0	0.152265	
0.989297	0.00317577	0	0.00100403	0.748288	0	0	0	0.148772	
0.98917	0.00322752	0	0.00102039	0.745641	0	0	0	0.145362	
0.989042	0.00327926	0	0.00103674	0.743003	0	0	0	0.142031	
0.988915	0.00333099	0	0.0010531	0.740374	0	0	0	0.138778	
0.988788	0.00338272	0	0.00106945	0.737755	0	0	0	0.135602	
0.988661	0.00343442	0	0.0010858	0.735146	0	0	0	0.132499	
0.988534	0.00348611	0	0.00110214	0.732546	0	0	0	0.12947	
0.988407	0.00353777	0	0.00111847	0.729956	0	0	0	0.126511	
0.98828	0.0035894	0	0.00113479	0.727375	0	0	0	0.123621	
0.988153	0.003641	0	0.00115111	0.724803	0	0	0	0.120799	
0.988026	0.00369256	0	0.00116741	0.722241	0	0	0	0.118044	
0.987899	0.00374408	0	0.0011837	0.719688	0	0	0	0.115352	
0.987773	0.00379556	0	0.00119997	0.717144	0	0	0	0.112724	
0.987646	0.00384699	0	0.00121623	0.714609	0	0	0	0.110157	
0.987519	0.00389836	0	0.00123247	0.712084	0	0	0	0.10765	
0.987393	0.00394969	0	0.0012487	0.709568	0	0	0	0.105201	
0.987266	0.00400095	0	0.0012649	0.707061	0	0	0	0.10281	
0.98714	0.00405215	0	0.00128109	0.704562	0	0	0	0.100475	
0.987013	0.00410329	0	0.00129726	0.702073	0	0	0	0.0981944	
0.986887	0.00415436	0	0.0013134	0.699593	0	0	0	0.095967	
0.98676	0.00420536	0	0.00132953	0.697122	0	0	0	0.0937917	
0.986634	0.00425629	0	0.00134563	0.69466	0	0	0	0.0916672	
0.986508	0.00430715	0	0.00136171	0.692206	0	0	0	0.0895923	
0.986381	0.00435792	0	0.00137776	0.689762	0	0	0	0.0875658	
0.986255	0.00440862	0	0.00139379	0.687326	0	0	0	0.0855867	
0.986129	0.00445923	0	0.00140979	0.684899	0	0	0	0.0836537	
0.986003	0.00450976	0	0.00142576	0.682481	0	0	0	0.0817659	
0.985877	0.0045602	0	0.00144171	0.680071	0	0	0	0.0799221	
0.985751	0.00461056	0	0.00145763	0.67767	0	0	0	0.0781213	
0.985625	0.00466082	0	0.00147352	0.675278	0	0	0	0.0763626	
0.985499	0.00471098	0	0.00148938	0.672894	0	0	0	0.0746448	
0.985373	0.00476106	0	0.00150521	0.670519	0	0	0	0.0729671	
0.985247	0.00481103	0	0.00152101	0.668152	0	0	0	0.0713286	
0.985121	0.00486091	0	0.00153678	0.665794	0	0	0	0.0697282	
0.984995	0.00491068	0	0.00155251	0.663444	0	0	0	0.0681651	
0.984869	0.00496035	0	0.00156822	0.661103	0	0	0	0.0666385	
0.984743	0.00500992	0	0.00158389	0.65877	0	0	0	0.0651474	
0.984618	0.00505939	0	0.00159952	0.656446	0	0	0	0.063691	
0.984492	0.00510874	0	0.00161513	0.654129	0	0	0	0.0622686	
0.984366	0.00515799	0	0.0016307	0.651822	0	0	0	0.0608793	
0.984241	0.00520713	0	0.00164623	0.649522	0	0	0	0.0595223	
0.984115	0.00525615	0	0.00166173	0.64723	0	0	0	0.0581969	
0.983989	0.00530506	0	0.00167719	0.644947	0	0	0	0.0569023	
0.983864	0.00535386	0	0.00169262	0.642672	0	0	0	0.0556379	
0.983738	0.00540255	0	0.00170801	0.640405	0	0	0	0.0544028	
0.983613	0.00545111	0	0.00172337	0.638146	0	0	0	0.0531965	
0.983487	0.00549956	0	0.00173868	0.635895	0	0	0	0.0520182	
0.983362	0.00554789	0	0.00175396	0.633652	0	0	0	0.0508673	
0.983236	0.0055961	0	0.00176921	0.631418	0	0	0	0.0497432	
0.983111	0.0056442	0	0.00178441	0.629191	0	0	0	0.0486452	
0.982986	0.00569216	0	0.00179958	0.626972	0	0	0	0.0475726	
0.98286	0.00574001	0	0.0018147	0.624761	0	0	0	0.046525	
0.982735	0.00578773	0	0.00182979	0.622558	0	0	0	0.0455017	
0.98261	0.00583533	0	0.00184484	0.620363	0	0	0	0.0445022	
0.982485	0.00588281	0	0.00185985	0.618175	0	0	0	0.0435258	
0.982359	0.00593016	0	0.00187482	0.615995	0	0	0	0.0425721	
0.982234	0.00597738	0	0.00188974	0.613824	0	0	0	0.0416405	
0.982109	0.00602447	0	0.00190463	0.611659	0	0	0	0.0407305	
0.981984	0.00607144	0	0.00191948	0.609503	0	0	0	0.0398416	
0.981859	0.00611828	0	0.00193429	0.607354	0	0	0	0.0389733	
0.981734	0.00616499	0	0.00194906	0.605213	0	0	0	0.0381252	
0.981609	0.00621156	0	0.00196378	0.60308	0	0	0	0.0372966	
0.981484	0.00625801	0	0.00197847	0.600954	0	0	0	0.0364873	
0.981359	0.00630433	0	0.00199311	0.598835	0	0	0	0.0356966	
0.981234	0.00635052	0	0.00200771	0.596724	0	0	0	0.0349243	
0.981109	0.00639657	0	0.00202227	0.594621	0	0	0	0.0341698	
0.980984	0.00644249	0	0.00203679	0.592525	0	0	0	0.0334328	
0.980859	0.00648828	0	0.00205126	0.590437	0	0	0	0.0327129	
0.980734	0.00653394	0	0.0020657	0.588356	0	0	0	0.0320095	
0.980609	0.00657946	0	0.00208009	0.586282	0	0	0	0.0313224	
0.980484	0.00662485	0	0.00209444	0.584216	0	0	0	0.0306512	
0.98036	0.00667011	0	0.00210875	0.582157	0	0	0	0.0299955	
0.980235	0.00671523	0	0.00212301	0.580106	0	0	0	0.0293549	
0.98011	0.00676021	0	0.00213723	0.578061	0	0	0	0.0287291	
0.979985	0.00680506	0	0.00215141	0.576024	0	0	0	0.0281177	
0.979861	0.00684978	0	0.00216555	0.573994	0	0	0	0.0275205	
0.979736	0.00689435	0	0.00217964	0.571972	0	0	0	0.026937	
0.979611	0.0069388	0	0.00219369	0.569956	0	0	0	0.0263669	
0.979487	0.00698311	0	0.0022077	0.567948	0	0	0	0.02581	
0.979362	0.00702728	0	0.00222167	0.565947	0	0	0	0.0252659	
0.979237	0.00707131	0	0.00223559	0.563953	0	0	0	0.0247343	
0.979113	0.00711521	0	0.00224947	0.561966	0	0	0	0.0242149	
0.978988	0.00715897	0	0.0022633	0.559986	0	0	0	0.0237075	
0.978864	0.0072026	0	0.00227709	0.558013	0	0	0	0.0232118	
0.978739	0.00724609	0	0.00229084	0.556047	0	0	0	0.0227274	
0.978615	0.00728944	0	0.00230455	0.554088	0	0	0	0.0222542	
0.97849	0.00733265	0	0.00231821	0.552136	0	0	0	0.0217918	
0.978366	0.00737573	0	0.00233183	0.550191	0	0	0	0.0213401	
0.978242	0.00741867	0	0.0023454	0.548252	0	0	0	0.0208987	
0.978117	0.00746147	0	0.00235893	0.546321	0	0	0	0.0204674	
0.977993	0.00750414	0	0.00237242	0.544396	0	0	0	0.020046	
0.977868	0.00754667	0	0.00238587	0.542479	0	0	0	0.0196343	
0.977744	0.00758906	0	0.00239927	0.540568	0	0	0	0.019232	
0.97762	0.00763131	0	0.00241263	0.538663	0	0	0	0.0188389	
0.977496	0.00767343	0	0.00242594	0.536766	0	0	0	0.0184548	
0.977371	0.00771541	0	0.00243922	0.534875	0	0	0	0.0180795	
0.977247	0.00775725	0	0.00245244	0.532991	0	0	0	0.0177127	
0.977123	0.00779896	0	0.00246563	0.531114	0	0	0	0.0173544	
0.976999	0.00784053	0	0.00247877	0.529243	0	0	0	0.0170042	
0.976874	0.00788196	0	0.00249187	0.527379	0	0	0	0.016662	
0.97675	0.00792326	0	0.00250493	0.525522	0	0	0	0.0163276	
0.976626	0.00796442	0	0.00251794	0.523671	0	0	0	0.0160008	
0.976502	0.00800544	0	0.00253091	0.521826	0	0	0	0.0156815	
0.976378	0.00804633	0	0.00254383	0.519988	0	0	0	0.0153695	
0.976254	0.00808708	0	0.00255672	0.518157	0	0	0	0.0150645	
0.97613	0.00812769	0	0.00256956	0.516332	0	0	0	0.0147665	
0.976006	0.00816817	0	0.00258235	0.514514	0	0	0	0.0144753	
0.975882	0.00820851	0	0.00259511	0.512702	0	0	0	0.0141907	
0.975758	0.00824872	0	0.00260782	0.510896	0	0	0	0.0139125	
0.975634	0.00828879	0	0.00262049	0.509097	0	0	0	0.0136407	
0.97551	0.00832873	0	0.00263311	0.507304	0	0	0	0.013375	
0.975386	0.00836853	0	0.0026457	0.505517	0	0	0	0.0131154	
0.975262	0.0084082	0	0.00265824	0.503737	0	0	0	0.0128616	
0.975138	0.00844773	0	0.00267074	0.501963	0	0	0	0.0126136	
0.975014	0.00848712	0	0.00268319	0.500196	0	0	0	0.0123711	
0.97489	0.00852639	0	0.0026956	0.498434	0	0	0	0.0121342	
0.974766	0.00856551	0	0.00270797	0.496679	0	0	0	0.0119026	
0.974643	0.00860451	0	0.0027203	0.49493	0	0	0	0.0116763	
0.974519	0.00864337	0	0.00273259	0.493187	0	0	0	0.011455	
0.974395	0.0086821	0	0.00274483	0.491451	0	0	0	0.0112387	
0.974271	0.00872069	0	0.00275703	0.48972	0	0	0	0.0110274	
0.974148	0.00875915	0	0.00276919	0.487996	0	0	0	0.0108207	
0.974024	0.00879748	0	0.00278131	0.486277	0	0	0	0.0106187	
0.9739	0.00883567	0	0.00279338	0.484565	0	0	0	0.0104213	
0.973776	0.00887374	0	0.00280542	0.482859	0	0	0	0.0102283	
0.973653	0.00891167	0	0.00281741	0.481159	0	0	0	0.0100396	
0.973529	0.00894947	0	0.00282936	0.479465	0	0	0	0.00985515	
0.973406	0.00898714	0	0.00284127	0.477776	0	0	0	0.00967484	
0.973282	0.00902467	0	0.00285313	0.476094	0	0	0	0.00949856	
0.973158	0.00906208	0	0.00286496	0.474418	0	0	0	0.00932622	
0.973035	0.00909935	0	0.00287674	0.472748	0	0	0	0.00915774	
0.972911	0.0091365	0	0.00288849	0.471083	0	0	0	0.00899301	
0.972788	0.00917351	0	0.00290019	0.469425	0	0	0	0.00883197	
0.972664	0.00921039	0	0.00291185	0.467772	0	0	0	0.00867451	
0.972541	0.00924715	0	0.00292347	0.466125	0	0	0	0.00852056	
0.972417	0.00928377	0	0.00293505	0.464484	0	0	0	0.00837004	
0.972294	0.00932027	0	0.00294659	0.462849	0	0	0	0.00822286	
0.97217	0.00935664	0	0.00295808	0.461219	0	0	0	0.00807895	
0.972047	0.00939288	0	0.00296954	0.459595	0	0	0	0.00793823	
0.971923	0.00942899	0	0.00298096	0.457977	0	0	0	0.00780063	
0.9718	0.00946497	0	0.00299233	0.456365	0	0	0	0.00766608	
0.971677	0.00950083	0	0.00300367	0.454758	0	0	0	0.00753451	
0.971553	0.00953656	0	0.00301496	0.453157	0	0	0	0.00740584	
0.97143	0.00957216	0	0.00302622	0.451562	0	0	0	0.00728002	
0.971307	0.00960763	0	0.00303743	0.449972	0	0	0	0.00715697	
0.971183	0.00964298	0	0.00304861	0.448388	0	0	0	0.00703662	
0.97106	0.00967821	0	0.00305975	0.44681	0	0	0	0.00691893	
0.970937	0.0097133	0	0.00307084	0.445237	0	0	0	0.00680383	
0.970814	0.00974827	0	0.0030819	0.443669	0	0	0	0.00669125	
0.97069	0.00978312	0	0.00309291	0.442108	0	0	0	0.00658114	
0.970567	0.00981784	0	0.00310389	0.440551	0	0	0	0.00647344	
0.970444	0.00985244	0	0.00311483	0.439	0	0	0	0.0063681	
0.970321	0.00988692	0	0.00312573	0.437455	0	0	0	0.00626506	
0.970198	0.00992127	0	0.00313659	0.435915	0	0	0	0.00616427	
0.970075	0.00995549	0	0.00314741	0.434381	0	0	0	0.00606567	
0.969951	0.0099896	0	0.00315819	0.432852	0	0	0	0.00596923	
0.969828	0.0100236	0	0.00316893	0.431328	0	0	0	0.00587488	
0.969705	0.0100574	0	0.00317964	0.42981	0	0	0	0.00578258	
0.969582	0.0100912	0	0.0031903	0.428297	0	0	0	0.00569228	
0.969459	0.0101248	0	0.00320093	0.426789	0	0	0	0.00560393	
0.969336	0.0101583	0	0.00321152	0.425287	0	0	0	0.0055175	
0.969213	0.0101917	0	0.00322207	0.42379	0	0	0	0.00543293	
0.96909	0.0102249	0	0.00323258	0.422298	0	0	0	0.00535019	
0.968967	0.010258	0	0.00324306	0.420811	0	0	0	0.00526923	
0.968844	0.010291	0	0.00325349	0.41933	0	0	0	0.00519001	
0.968721	0.0103239	0	0.00326389	0.417854	0	0	0	0.00511249	
0.968598	0.0103567	0	0.00327425	0.416383	0	0	0	0.00503663	
0.968475	0.0103894	0	0.00328458	0.414918	0	0	0	0.0049624	
0.968353	0.0104219	0	0.00329486	0.413457	0	0	0	0.00488976	
0.96823	0.0104543	0	0.00330511	0.412002	0	0	0	0.00481866	
0.968107	0.0104866	0	0.00331532	0.410552	0	0	0	0.00474908	
0.967984	0.0105188	0	0.00332549	0.409107	0	0	0	0.00468098	
0.967861	0.0105509	0	0.00333563	0.407667	0	0	0	0.00461433	
0.967738	0.0105828	0	0.00334573	0.406232	0	0	0	0.00454909	
0.967616	0.0106146	0	0.00335579	0.404802	0	0	0	0.00448523	
0.967493	0.0106464	0	0.00336582	0.403378	0	0	0	0.00442272	
0.96737	0.0106779	0	0.00337581	0.401958	0	0	0	0.00436153	
0.967247	0.0107094	0	0.00338576	0.400543	0	0	0	0.00430163	
0.967125	0.0107408	0	0.00339568	0.399133	0	0	0	0.00424299	
0.967002	0.010772	0	0.00340556	0.397729	0	0	0	0.00418558	
0.966879	0.0108032	0	0.0034154	0.396329	0	0	0	0.00412937	
0.966757	0.0108342	0	0.00342521	0.394934	0	0	0	0.00407433	
0.966634	0.0108651	0	0.00343498	0.393544	0	0	0	0.00402045	
0.966511	0.0108959	0	0.00344472	0.392159	0	0	0	0.00396768	
0.966389	0.0109266	0	0.00345442	0.390779	0	0	0	0.00391601	
0.966266	0.0109572	0	0.00346408	0.389403	0	0	0	0.00386542	
0.966144	0.0109876	0	0.00347371	0.388033	0	0	0	0.00381587	
0.966021	0.011018	0	0.00348331	0.386667	0	0	0	0.00376735	
0.965898	0.0110482	0	0.00349286	0.385306	0	0	0	0.00371982	
0.965776	0.0110783	0	0.00350239	0.38395	0	0	0	0.00367328	
0.965653	0.0111083	0	0.00351188	0.382599	0	0	0	0.00362769	
0.965531	0.0111382	0	0.00352133	0.381252	0	0	0	0.00358303	
0.965409	0.011168	0	0.00353075	0.379911	0	0	0	0.00353928	
0.965286	0.0111977	0	0.00354013	0.378574	0	0	0	0.00349643	
0.965164	0.0112273	0	0.00354948	0.377241	0	0	0	0.00345445	
0.965041	0.0112567	0	0.00355879	0.375914	0	0	0	0.00341333	
0.964919	0.0112861	0	0.00356807	0.374591	0	0	0	0.00337303	
0.964796	0.0113153	0	0.00357732	0.373273	0	0	0	0.00333355	
0.964674	0.0113445	0	0.00358653	0.371959	0	0	0	0.00329487	
0.964552	0.0113735	0	0.0035957	0.37065	0	0	0	0.00325696	
0.964429	0.0114024	0	0.00360485	0.369345	0	0	0	0.00321981	
0.964307	0.0114312	0	0.00361396	0.368046	0	0	0	0.00318341	
0.964185	0.0114599	0	0.00362303	0.36675	0	0	0	0.00314774	
0.964062	0.0114885	0	0.00363207	0.36546	0	0	0	0.00311277	
0.96394	0.011517	0	0.00364108	0.364174	0	0	0	0.0030785	
0.963818	0.0115454	0	0.00365005	0.362892	0	0	0	0.00304491	
0.963696	0.0115737	0	0.003659	0.361615	0	0	0	0.00301198	
0.963573	0.0116019	0	0.0036679	0.360343	0	0	0	0.0029797	
0.963451	0.0116299	0	0.00367678	0.359075	0	0	0	0.00294805	
0.963329	0.0116579	0	0.00368562	0.357811	0	0	0	0.00291703	
0.963207	0.0116858	0	0.00369443	0.356552	0	0	0	0.00288661	
0.963085	0.0117135	0	0.0037032	0.355297	0	0	0	0.00285678	
0.962963	0.0117412	0	0.00371195	0.354047	0	0	0	0.00282753	
0.962841	0.0117687	0	0.00372066	0.352801	0	0	0	0.00279885	
0.962718	0.0117962	0	0.00372933	0.351559	0	0	0	0.00277073	
0.962596	0.0118235	0	0.00373798	0.350322	0	0	0	0.00274314	
0.962474	0.0118508	0	0.00374659	0.34909	0	0	0	0.00271608	
0.962352	0.0118779	0	0.00375517	0.347861	0	0	0	0.00268955	
0.96223	0.0119049	0	0.00376372	0.346637	0	0	0	0.00266351	
0.962108	0.0119319	0	0.00377224	0.345417	0	0	0	0.00263798	
0.961986	0.0119587	0	0.00378072	0.344202	0	0	0	0.00261292	
0.961864	0.0119855	0	0.00378917	0.342991	0	0	0	0.00258835	
0.961742	0.0120121	0	0.00379759	0.341784	0	0	0	0.00256423	
0.96162	0.0120386	0	0.00380598	0.340581	0	0	0	0.00254057	
0.961498	0.0120651	0	0.00381434	0.339383	0	0	0	0.00251734	
0.961376	0.0120914	0	0.00382267	0.338188	0	0	0	0.00249456	
0.961255	0.0121176	0	0.00383096	0.336998	0	0	0	0.00247219	
0.961133	0.0121438	0	0.00383923	0.335813	0	0	0	0.00245024	
0.961011	0.0121698	0	0.00384746	0.334631	0	0	0	0.0024287	
0.960889	0.0121958	0	0.00385566	0.333453	0	0	0	0.00240755	
0.960767	0.0122216	0	0.00386384	0.33228	0	0	0	0.00238679	
0.960645	0.0122474	0	0.00387198	0.331111	0	0	0	0.00236641	
0.960524	0.012273	0	0.00388009	0.329946	0	0	0	0.00234639	
0.960402	0.0122986	0	0.00388816	0.328785	0	0	0	0.00232675	
0.96028	0.012324	0	0.00389621	0.327628	0	0	0	0.00230745	
0.960158	0.0123494	0	0.00390423	0.326475	0	0	0	0.0022885	
0.960037	0.0123747	0	0.00391222	0.325326	0	0	0	0.0022699	
0.959915	0.0123998	0	0.00392018	0.324182	0	0	0	0.00225162	
0.959793	0.0124249	0	0.00392811	0.323041	0	0	0	0.00223367	
0.959671	0.0124499	0	0.003936	0.321904	0	0	0	0.00221604	
0.95955	0.0124748	0	0.00394387	0.320772	0	0	0	0.00219872	
0.959428	0.0124996	0	0.00395171	0.319643	0	0	0	0.0021817	
0.959306	0.0125243	0	0.00395952	0.318519	0	0	0	0.00216498	
0.959185	0.0125489	0	0.0039673	0.317398	0	0	0	0.00214855	
0.959063	0.0125734	0	0.00397505	0.316281	0	0	0	0.00213241	
0.958942	0.0125978	0	0.00398277	0.315168	0	0	0	0.00211654	
0.95882	0.0126222	0	0.00399046	0.314059	0	0	0	0.00210095	
0.958699	0.0126464	0	0.00399812	0.312954	0	0	0	0.00208563	
0.958577	0.0126705	0	0.00400576	0.311853	0	0	0	0.00207056	
0.958456	0.0126946	0	0.00401336	0.310756	0	0	0	0.00205575	
0.958334	0.0127185	0	0.00402093	0.309663	0	0	0	0.0020412	
0.958213	0.0127424	0	0.00402848	0.308573	0	0	0	0.00202689	
0.958091	0.0127662	0	0.004036	0.307487	0	0	0	0.00201281	
0.95797	0.0127899	0	0.00404349	0.306406	0	0	0	0.00199898	
0.957848	0.0128135	0	0.00405095	0.305328	0	0	0	0.00198537	
0.957727	0.012837	0	0.00405838	0.304253	0	0	0	0.00197198	
0.957605	0.0128604	0	0.00406578	0.303183	0	0	0	0.00195882	
0.957484	0.0128837	0	0.00407316	0.302116	0	0	0	0.00194587	
0.957363	0.012907	0	0.00408051	0.301053	0	0	0	0.00193314	
0.957241	0.0129301	0	0.00408783	0.299994	0	0	0	0.00192061	
0.95712	0.0129532	0	0.00409512	0.298939	0	0	0	0.00190828	
0.956999	0.0129762	0	0.00410238	0.297887	0	0	0	0.00189615	
0.956877	0.0129991	0	0.00410962	0.296839	0	0	0	0.00188421	
0.956756	0.0130219	0	0.00411683	0.295795	0	0	0	0.00187247	
0.956635	0.0130446	0	0.00412401	0.294754	0	0	0	0.00186091	
0.956514	0.0130672	0	0.00413116	0.293717	0	0	0	0.00184953	
0.956392	0.0130898	0	0.00413829	0.292684	0	0	0	0.00183833	
0.956271	0.0131122	0	0.00414539	0.291654	0	0	0	0.0018273	
0.95615	0.0131346	0	0.00415246	0.290628	0	0	0	0.00181645	
0.956029	0.0131569	0	0.00415951	0.289605	0	0	0	0.00180576	
0.955907	0.0131791	0	0.00416652	0.288586	0	0	0	0.00179524	
0.955786	0.0132012	0	0.00417351	0.287571	0	0	0	0.00178487	
0.955665	0.0132232	0	0.00418048	0.286559	0	0	0	0.00177467	
0.955544	0.0132451	0	0.00418742	0.285551	0	0	0	0.00176462	
0.955423	0.013267	0	0.00419433	0.284547	0	0	0	0.00175472	
0.955302	0.0132888	0	0.00420121	0.283546	0	0	0	0.00174496	
0.955181	0.0133105	0	0.00420807	0.282548	0	0	0	0.00173536	
0.95506	0.0133321	0	0.0042149	0.281554	0	0	0	0.00172589	
0.954939	0.0133536	0	0.00422171	0.280564	0	0	0	0.00171657	
0.954818	0.0133751	0	0.00422849	0.279577	0	0	0	0.00170738	
0.954697	0.0133964	0	0.00423524	0.278593	0	0	0	0.00169832	
0.954576	0.0134177	0	0.00424197	0.277613	0	0	0	0.00168939	
0.954455	0.0134389	0	0.00424867	0.276636	0	0	0	0.0016806	
0.954334	0.01346	0	0.00425534	0.275663	0	0	0	0.00167192	
0.954213	0.013481	0	0.00426199	0.274694	0	0	0	0.00166338	
0.954092	0.013502	0	0.00426862	0.273727	0	0	0	0.00165495	
0.953971	0.0135229	0	0.00427522	0.272764	0	0	0	0.00164664	
0.95385	0.0135437	0	0.00428179	0.271805	0	0	0	0.00163845	
0.953729	0.0135644	0	0.00428834	0.270849	0	0	0	0.00163037	
0.953608	0.013585	0	0.00429486	0.269896	0	0	0	0.0016224	
0.953488	0.0136056	0	0.00430136	0.268946	0	0	0	0.00161454	
0.953367	0.013626	0	0.00430783	0.268	0	0	0	0.00160679	
0.953246	0.0136464	0	0.00431428	0.267057	0	0	0	0.00159914	
0.953125	0.0136667	0	0.0043207	0.266118	0	0	0	0.0015916	
0.953004	0.013687	0	0.0043271	0.265182	0	0	0	0.00158416	
0.952884	0.0137071	0	0.00433347	0.264249	0	0	0	0.00157682	
0.952763	0.0137272	0	0.00433982	0.263319	0	0	0	0.00156957	
0.952642	0.0137472	0	0.00434614	0.262393	0	0	0	0.00156242	
0.952521	0.0137671	0	0.00435244	0.26147	0	0	0	0.00155536	
0.952401	0.013787	0	0.00435872	0.26055	0	0	0	0.0015484	
0.95228	0.0138068	0	0.00436497	0.259634	0	0	0	0.00154152	
0.952159	0.0138264	0	0.00437119	0.258721	0	0	0	0.00153474	
0.952039	0.0138461	0	0.0043774	0.257811	0	0	0	0.00152804	
0.951918	0.0138656	0	0.00438357	0.256904	0	0	0	0.00152143	
0.951797	0.0138851	0	0.00438973	0.256	0	0	0	0.00151489	
0.951677	0.0139045	0	0.00439586	0.255099	0	0	0	0.00150845	
0.951556	0.0139238	0	0.00440196	0.254202	0	0	0	0.00150208	
0.951436	0.013943	0	0.00440805	0.253308	0	0	0	0.00149579	
0.951315	0.0139622	0	0.0044141	0.252417	0	0	0	0.00148958	
0.951195	0.0139813	0	0.00442014	0.251529	0	0	0	0.00148344	
0.951074	0.0140003	0	0.00442615	0.250644	0	0	0	0.00147738	
0.950954	0.0140192	0	0.00443214	0.249763	0	0	0	0.00147139	
0.950833	0.0140381	0	0.0044381	0.248884	0	0	0	0.00146548	
0.950713	0.0140569	0	0.00444405	0.248009	0	0	0	0.00145963	
0.950592	0.0140756	0	0.00444996	0.247136	0	0	0	0.00145386	
0.950472	0.0140943	0	0.00445586	0.246267	0	0	0	0.00144815	
0.950351	0.0141128	0	0.00446173	0.245401	0	0	0	0.00144251	
0.950231	0.0141313	0	0.00446758	0.244538	0	0	0	0.00143693	
0.95011	0.0141498	0	0.00447341	0.243678	0	0	0	0.00143142	
0.94999	0.0141681	0	0.00447921	0.24282	0	0	0	0.00142598	
0.94987	0.0141864	0	0.00448499	0.241966	0	0	0	0.00142059	
0.949749	0.0142046	0	0.00449075	0.241115	0	0	0	0.00141527	
0.949629	0.0142228	0	0.00449649	0.240267	0	0	0	0.00141001	
0.949509	0.0142408	0	0.0045022	0.239422	0	0	0	0.0014048	
0.949388	0.0142588	0	0.00450789	0.23858	0	0	0	0.00139966	
0.949268	0.0142768	0	0.00451356	0.237741	0	0	0	0.00139457	
0.949148	0.0142946	0	0.00451921	0.236905	0	0	0	0.00138954	
0.949028	0.0143124	0	0.00452483	0.236071	0	0	0	0.00138456	
0.948907	0.0143301	0	0.00453043	0.235241	0	0	0	0.00137964	
0.948787	0.0143478	0	0.00453602	0.234414	0	0	0	0.00137477	
0.948667	0.0143654	0	0.00454157	0.233589	0	0	0	0.00136995	
0.948547	0.0143829	0	0.00454711	0.232768	0	0	0	0.00136518	
0.948427	0.0144003	0	0.00455262	0.231949	0	0	0	0.00136047	
0.948306	0.0144177	0	0.00455812	0.231133	0	0	0	0.00135581	
0.948186	0.014435	0	0.00456359	0.23032	0	0	0	0.00135119	
0.948066	0.0144523	0	0.00456904	0.22951	0	0	0	0.00134662	
0.947946	0.0144694	0	0.00457447	0.228703	0	0	0	0.0013421	
0.947826	0.0144865	0	0.00457987	0.227899	0	0	0	0.00133763	
0.947706	0.0145036	0	0.00458526	0.227097	0	0	0	0.0013332	
0.947586	0.0145205	0	0.00459063	0.226298	0	0	0	0.00132882	
0.947466	0.0145374	0	0.00459597	0.225502	0	0	0	0.00132448	
0.947346	0.0145543	0	0.00460129	0.224709	0	0	0	0.00132019	
0.947226	0.014571	0	0.00460659	0.223919	0	0	0	0.00131594	
0.947106	0.0145877	0	0.00461187	0.223132	0	0	0	0.00131173	
0.946986	0.0146044	0	0.00461713	0.222347	0	0	0	0.00130757	
0.946866	0.0146209	0	0.00462237	0.221565	0	0	0	0.00130344	
0.946746	0.0146374	0	0.00462759	0.220786	0	0	0	0.00129936	
0.946626	0.0146539	0	0.00463278	0.220009	0	0	0	0.00129531	
0.946506	0.0146703	0	0.00463796	0.219235	0	0	0	0.00129131	
0.946386	0.0146866	0	0.00464312	0.218464	0	0	0	0.00128734	
0.946266	0.0147028	0	0.00464825	0.217696	0	0	0	0.00128341	
0.946146	0.014719	0	0.00465337	0.21693	0	0	0	0.00127952	
0.946027	0.0147351	0	0.00465846	0.216167	0	0	0	0.00127567	
0.945907	0.0147512	0	0.00466354	0.215407	0	0	0	0.00127185	
0.945787	0.0147672	0	0.00466859	0.21465	0	0	0	0.00126807	
0.945667	0.0147831	0	0.00467363	0.213895	0	0	0	0.00126433	
0.945547	0.0147989	0	0.00467864	0.213143	0	0	0	0.00126062	
0.945428	0.0148147	0	0.00468364	0.212393	0	0	0	0.00125694	
0.945308	0.0148305	0	0.00468861	0.211646	0	0	0	0.0012533	
0.945188	0.0148461	0	0.00469356	0.210902	0	0	0	0.00124969	
0.945068	0.0148618	0	0.0046985	0.21016	0	0	0	0.00124611	
0.944949	0.0148773	0	0.00470342	0.209421	0	0	0	0.00124257	
0.944829	0.0148928	0	0.00470831	0.208685	0	0	0	0.00123906	
0.944709	0.0149082	0	0.00471319	0.207951	0	0	0	0.00123558	
0.94459	0.0149236	0	0.00471804	0.207219	0	0	0	0.00123213	
0.94447	0.0149389	0	0.00472288	0.206491	0	0	0	0.00122871	
0.94435	0.0149541	0	0.0047277	0.205765	0	0	0	0.00122533	
0.944231	0.0149693	0	0.0047325	0.205041	0	0	0	0.00122197	
0.944111	0.0149844	0	0.00473728	0.20432	0	0	0	0.00121864	
0.943992	0.0149995	0	0.00474204	0.203601	0	0	0	0.00121534	
0.943872	0.0150145	0	0.00474678	0.202885	0	0	0	0.00121207	
0.943753	0.0150294	0	0.0047515	0.202172	0	0	0	0.00120883	
0.943633	0.0150443	0	0.0047562	0.201461	0	0	0	0.00120562	
0.943513	0.0150591	0	0.00476089	0.200753	0	0	0	0.00120243	
0.943394	0.0150739	0	0.00476555	0.200047	0	0	0	0.00119928	
0.943274	0.0150885	0	0.0047702	0.199343	0	0	0	0.00119614	
0.943155	0.0151032	0	0.00477483	0.198642	0	0	0	0.00119304	
0.943036	0.0151178	0	0.00477944	0.197944	0	0	0	0.00118996	
0.942916	0.0151323	0	0.00478403	0.197248	0	0	0	0.00118691	
0.942797	0.0151468	0	0.0047886	0.196554	0	0	0	0.00118388	
0.942677	0.0151612	0	0.00479316	0.195863	0	0	0	0.00118088	
0.942558	0.0151755	0	0.00479769	0.195174	0	0	0	0.00117791	
0.942439	0.0151898	0	0.00480221	0.194488	0	0	0	0.00117496	
0.942319	0.015204	0	0.00480671	0.193804	0	0	0	0.00117203	
0.9422	0.0152182	0	0.00481119	0.193122	0	0	0	0.00116913	
0.942081	0.0152323	0	0.00481565	0.192443	0	0	0	0.00116625	
0.941961	0.0152464	0	0.0048201	0.191767	0	0	0	0.0011634	
0.941842	0.0152604	0	0.00482453	0.191092	0	0	0	0.00116057	
0.941723	0.0152743	0	0.00482894	0.190421	0	0	0	0.00115776	
0.941603	0.0152882	0	0.00483333	0.189751	0	0	0	0.00115497	
0.941484	0.0153021	0	0.0048377	0.189084	0	0	0	0.00115221	
0.941365	0.0153158	0	0.00484206	0.188419	0	0	0	0.00114947	
0.941246	0.0153296	0	0.00484639	0.187756	0	0	0	0.00114676	
0.941127	0.0153432	0	0.00485072	0.187096	0	0	0	0.00114406	
0.941007	0.0153568	0	0.00485502	0.186438	0	0	0	0.00114139	
0.940888	0.0153704	0	0.0048593	0.185783	0	0	0	0.00113874	
0.940769	0.0153839	0	0.00486357	0.18513	0	0	0	0.0011361	
0.94065	0.0153973	0	0.00486782	0.184479	0	0	0	0.00113349	
0.940531	0.0154107	0	0.00487206	0.18383	0	0	0	0.00113091	
0.940412	0.0154241	0	0.00487627	0.183184	0	0	0	0.00112834	
0.940293	0.0154373	0	0.00488047	0.18254	0	0	0	0.00112579	
0.940173	0.0154506	0	0.00488465	0.181898	0	0	0	0.00112326	
0.940054	0.0154638	0	0.00488882	0.181258	0	0	0	0.00112075	
0.939935	0.0154769	0	0.00489297	0.180621	0	0	0	0.00111827	
0.939816	0.0154899	0	0.0048971	0.179986	0	0	0	0.0011158	
0.939697	0.015503	0	0.00490121	0.179353	0	0	0	0.00111335	
0.939578	0.0155159	0	0.00490531	0.178722	0	0	0	0.00111092	
0.939459	0.0155288	0	0.00490939	0.178094	0	0	0	0.00110851	
0.93934	0.0155417	0	0.00491346	0.177468	0	0	0	0.00110612	
0.939221	0.0155545	0	0.0049175	0.176844	0	0	0	0.00110375	
0.939103	0.0155672	0	0.00492153	0.176222	0	0	0	0.0011014	
0.938984	0.0155799	0	0.00492555	0.175603	0	0	0	0.00109906	
0.938865	0.0155926	0	0.00492955	0.174985	0	0	0	0.00109674	
0.938746	0.0156052	0	0.00493353	0.17437	0	0	0	0.00109444	
0.938627	0.0156177	0	0.00493749	0.173757	0	0	0	0.00109216	
0.938508	0.0156302	0	0.00494144	0.173146	0	0	0	0.0010899	
0.938389	0.0156426	0	0.00494537	0.172537	0	0	0	0.00108766	
0.93827	0.015655	0	0.00494929	0.171931	0	0	0	0.00108543	
0.938152	0.0156674	0	0.00495319	0.171326	0	0	0	0.00108322	
0.938033	0.0156796	0	0.00495707	0.170724	0	0	0	0.00108103	
0.937914	0.0156919	0	0.00496094	0.170124	0	0	0	0.00107885	
0.937795	0.0157041	0	0.0049648	0.169526	0	0	0	0.00107669	
0.937677	0.0157162	0	0.00496863	0.16893	0	0	0	0.00107455	
0.937558	0.0157283	0	0.00497245	0.168336	0	0	0	0.00107242	
0.937439	0.0157403	0	0.00497626	0.167744	0	0	0	0.00107032	
0.93732	0.0157523	0	0.00498005	0.167154	0	0	0	0.00106822	
0.937202	0.0157642	0	0.00498382	0.166567	0	0	0	0.00106615	
0.937083	0.0157761	0	0.00498758	0.165981	0	0	0	0.00106409	
0.936964	0.015788	0	0.00499132	0.165398	0	0	0	0.00106205	
0.936846	0.0157998	0	0.00499505	0.164816	0	0	0	0.00106002	
0.936727	0.0158115	0	0.00499876	0.164237	0	0	0	0.00105801	
0.936609	0.0158232	0	0.00500245	0.163659	0	0	0	0.00105601	
0.93649	0.0158348	0	0.00500613	0.163084	0	0	0	0.00105403	
0.936371	0.0158464	0	0.0050098	0.162511	0	0	0	0.00105207	
0.936253	0.015858	0	0.00501345	0.161939	0	0	0	0.00105012	
0.936134	0.0158695	0	0.00501709	0.16137	0	0	0	0.00104819	
0.936016	0.0158809	0	0.00502071	0.160803	0	0	0	0.00104627	
0.935897	0.0158923	0	0.00502431	0.160238	0	0	0	0.00104437	
0.935779	0.0159037	0	0.0050279	0.159674	0	0	0	0.00104248	
0.93566	0.015915	0	0.00503147	0.159113	0	0	0	0.00104061	
0.935542	0.0159262	0	0.00503503	0.158554	0	0	0	0.00103876	
0.935423	0.0159375	0	0.00503858	0.157996	0	0	0	0.00103691	
0.935305	0.0159486	0	0.00504211	0.157441	0	0	0	0.00103509	
0.935187	0.0159597	0	0.00504563	0.156888	0	0	0	0.00103327	
0.935068	0.0159708	0	0.00504913	0.156336	0	0	0	0.00103148	
0.93495	0.0159818	0	0.00505261	0.155787	0	0	0	0.00102969	
0.934831	0.0159928	0	0.00505608	0.155239	0	0	0	0.00102793	
0.934713	0.0160038	0	0.00505954	0.154693	0	0	0	0.00102617	
0.934595	0.0160146	0	0.00506298	0.15415	0	0	0	0.00102443	
0.934476	0.0160255	0	0.00506641	0.153608	0	0	0	0.00102271	
0.934358	0.0160363	0	0.00506982	0.153068	0	0	0	0.001021	
0.93424	0.016047	0	0.00507322	0.15253	0	0	0	0.0010193	
0.934122	0.0160577	0	0.00507661	0.151994	0	0	0	0.00101762	
0.934003	0.0160684	0	0.00507998	0.151459	0	0	0	0.00101595	
0.933885	0.016079	0	0.00508334	0.150927	0	0	0	0.00101429	
0.933767	0.0160896	0	0.00508668	0.150396	0	0	0	0.00101265	
0.933649	0.0161001	0	0.00509001	0.149868	0	0	0	0.00101103	
0.93353	0.0161106	0	0.00509332	0.149341	0	0	0	0.00100941	
0.933412	0.0161211	0	0.00509662	0.148816	0	0	0	0.00100782	
0.933294	0.0161314	0	0.00509991	0.148293	0	0	0	0.00100623	
0.933176	0.0161418	0	0.00510318	0.147772	0	0	0	0.00100466	
0.933058	0.0161521	0	0.00510644	0.147252	0	0	0	0.0010031	
0.93294	0.0161624	0	0.00510968	0.146735	0	0	0	0.00100156	
0.932822	0.0161726	0	0.00511292	0.146219	0	0	0	0.00100003	
0.932703	0.0161828	0	0.00511613	0.145705	0	0	0	0.000998508	
0.932585	0.0161929	0	0.00511934	0.145193	0	0	0	0.000997004	
0.932467	0.016203	0	0.00512253	0.144683	0	0	0	0.000995514	
0.932349	0.016213	0	0.0051257	0.144174	0	0	0	0.000994037	
0.932231	0.016223	0	0.00512887	0.143668	0	0	0	0.000992573	
0.932113	0.016233	0	0.00513202	0.143163	0	0	0	0.000991123	
0.931995	0.0162429	0	0.00513515	0.142659	0	0	0	0.000989686	
0.931877	0.0162528	0	0.00513828	0.142158	0	0	0	0.000988262	
0.931759	0.0162626	0	0.00514139	0.141658	0	0	0	0.000986852	
0.931641	0.0162724	0	0.00514448	0.141161	0	0	0	0.000985454	
0.931523	0.0162822	0	0.00514756	0.140664	0	0	0	0.00098407	
0.931405	0.0162919	0	0.00515063	0.14017	0	0	0	0.000982699	
0.931288	0.0163016	0	0.00515369	0.139677	0	0	0	0.000981341	
0.93117	0.0163112	0	0.00515674	0.139187	0	0	0	0.000979996	
0.931052	0.0163208	0	0.00515977	0.138697	0	0	0	0.000978665	
0.930934	0.0163303	0	0.00516278	0.13821	0	0	0	0.000977346	
0.930816	0.0163398	0	0.00516579	0.137724	0	0	0	0.00097604	
0.930698	0.0163493	0	0.00516878	0.13724	0	0	0	0.000974748	
0.93058	0.0163587	0	0.00517176	0.136758	0	0	0	0.000973468	
0.930463	0.0163681	0	0.00517473	0.136277	0	0	0	0.000972202	
0.930345	0.0163774	0	0.00517768	0.135798	0	0	0	0.000970948	
0.930227	0.0163867	0	0.00518062	0.135321	0	0	0	0.000969707	
0.930109	0.016396	0	0.00518355	0.134846	0	0	0	0.00096848	
0.929992	0.0164052	0	0.00518646	0.134372	0	0	0	0.000967265	
0.929874	0.0164144	0	0.00518937	0.1339	0	0	0	0.000966063	
0.929756	0.0164236	0	0.00519226	0.133429	0	0	0	0.000964874	
0.929639	0.0164327	0	0.00519513	0.13296	0	0	0	0.000963699	
0.929521	0.0164417	0	0.005198	0.132493	0	0	0	0.000962536	
0.929403	0.0164507	0	0.00520085	0.132027	0	0	0	0.000961386	
0.929286	0.0164597	0	0.00520369	0.131563	0	0	0	0.000960249	
0.929168	0.0164687	0	0.00520652	0.131101	0	0	0	0.000959125	
0.92905	0.0164776	0	0.00520934	0.13064	0	0	0	0.000958014	
0.928933	0.0164865	0	0.00521214	0.130181	0	0	0	0.000956915	
0.928815	0.0164953	0	0.00521493	0.129724	0	0	0	0.00095583	
0.928698	0.0165041	0	0.00521771	0.129268	0	0	0	0.000954758	
0.92858	0.0165128	0	0.00522048	0.128814	0	0	0	0.000953699	
0.928463	0.0165215	0	0.00522324	0.128361	0	0	0	0.000952653	
0.928345	0.0165302	0	0.00522598	0.12791	0	0	0	0.00095162	
0.928227	0.0165389	0	0.00522871	0.127461	0	0	0	0.0009506	
0.92811	0.0165475	0	0.00523143	0.127013	0	0	0	0.000949593	
0.927993	0.016556	0	0.00523414	0.126566	0	0	0	0.000948599	
0.927875	0.0165646	0	0.00523683	0.126122	0	0	0	0.000947618	
0.927758	0.0165731	0	0.00523952	0.125678	0	0	0	0.000946651	
0.92764	0.0165815	0	0.00524219	0.125237	0	0	0	0.000945696	
0.927523	0.0165899	0	0.00524485	0.124797	0	0	0	0.000944755	
0.927405	0.0165983	0	0.0052475	0.124358	0	0	0	0.000943827	
0.927288	0.0166066	0	0.00525014	0.123921	0	0	0	0.000942912	
0.927171	0.0166149	0	0.00525276	0.123486	0	0	0	0.000942011	
0.927053	0.0166232	0	0.00525538	0.123052	0	0	0	0.000941123	
0.926936	0.0166314	0	0.00525798	0.12262	0	0	0	0.000940248	
0.926819	0.0166396	0	0.00526057	0.122189	0	0	0	0.000939387	
0.926701	0.0166478	0	0.00526315	0.12176	0	0	0	0.000938539	
0.926584	0.0166559	0	0.00526572	0.121332	0	0	0	0.000937704	
0.926467	0.016664	0	0.00526828	0.120906	0	0	0	0.000936884	
0.92635	0.0166721	0	0.00527082	0.120481	0	0	0	0.000936076	
0.926232	0.0166801	0	0.00527336	0.120057	0	0	0	0.000935283	
0.926115	0.0166881	0	0.00527588	0.119636	0	0	0	0.000934503	
0.925998	0.016696	0	0.00527839	0.119215	0	0	0	0.000933737	
0.925881	0.0167039	0	0.00528089	0.118796	0	0	0	0.000932985	
0.925763	0.0167118	0	0.00528338	0.118379	0	0	0	0.000932247	
0.925646	0.0167196	0	0.00528586	0.117963	0	0	0	0.000931522	
0.925529	0.0167274	0	0.00528833	0.117549	0	0	0	0.000930812	
0.925412	0.0167352	0	0.00529079	0.117136	0	0	0	0.000930116	
0.925295	0.016743	0	0.00529323	0.116724	0	0	0	0.000929434	
0.925178	0.0167507	0	0.00529567	0.116314	0	0	0	0.000928766	
0.925061	0.0167583	0	0.00529809	0.115906	0	0	0	0.000928113	
0.924944	0.016766	0	0.00530051	0.115498	0	0	0	0.000927474	
0.924827	0.0167736	0	0.00530291	0.115093	0	0	0	0.00092685	
0.92471	0.0167811	0	0.0053053	0.114688	0	0	0	0.00092624	
0.924593	0.0167887	0	0.00530768	0.114285	0	0	0	0.000925645	
0.924476	0.0167962	0	0.00531005	0.113884	0	0	0	0.000925065	
0.924359	0.0168036	0	0.00531241	0.113484	0	0	0	0.000924499	
0.924242	0.0168111	0	0.00531476	0.113085	0	0	0	0.000923949	
0.924125	0.0168185	0	0.0053171	0.112688	0	0	0	0.000923414	
0.924008	0.0168258	0	0.00531943	0.112292	0	0	0	0.000922894	
0.923891	0.0168331	0	0.00532175	0.111898	0	0	0	0.000922389	
0.923774	0.0168404	0	0.00532405	0.111505	0	0	0	0.0009219	
0.923657	0.0168477	0	0.00532635	0.111113	0	0	0	0.000921426	
0.92354	0.0168549	0	0.00532864	0.110723	0	0	0	0.000920968	
0.923423	0.0168621	0	0.00533091	0.110334	0	0	0	0.000920526	
0.923306	0.0168693	0	0.00533318	0.109946	0	0	0	0.0009201	
0.923189	0.0168764	0	0.00533544	0.10956	0	0	0	0.00091969	
0.923073	0.0168835	0	0.00533768	0.109175	0	0	0	0.000919297	
0.922956	0.0168906	0	0.00533992	0.108792	0	0	0	0.00091892	
0.922839	0.0168977	0	0.00534214	0.108409	0	0	0	0.000918559	
0.922722	0.0169047	0	0.00534436	0.108029	0	0	0	0.000918216	
0.922605	0.0169116	0	0.00534656	0.107649	0	0	0	0.000917889	
0.922489	0.0169186	0	0.00534876	0.107271	0	0	0	0.000917579	
0.922372	0.0169255	0	0.00535094	0.106894	0	0	0	0.000917287	
0.922255	0.0169324	0	0.00535312	0.106519	0	0	0	0.000917012	
0.922139	0.0169392	0	0.00535528	0.106145	0	0	0	0.000916755	
0.922022	0.016946	0	0.00535744	0.105772	0	0	0	0.000916516	
0.921905	0.0169528	0	0.00535958	0.1054	0	0	0	0.000916295	
0.921788	0.0169596	0	0.00536172	0.10503	0	0	0	0.000916092	
0.921672	0.0169663	0	0.00536385	0.104661	0	0	0	0.000915908	
0.921555	0.016973	0	0.00536596	0.104294	0	0	0	0.000915743	
0.921439	0.0169797	0	0.00536807	0.103927	0	0	0	0.000915597	
0.921322	0.0169863	0	0.00537017	0.103562	0	0	0	0.00091547	
0.921205	0.0169929	0	0.00537225	0.103199	0	0	0	0.000915363	
0.921089	0.0169995	0	0.00537433	0.102836	0	0	0	0.000915276	
0.920972	0.017006	0	0.0053764	0.102475	0	0	0	0.000915209	
0.920856	0.0170125	0	0.00537846	0.102115	0	0	0	0.000915162	
0.920739	0.017019	0	0.00538051	0.101757	0	0	0	0.000915137	
0.920623	0.0170255	0	0.00538255	0.101399	0	0	0	0.000915132	
0.920506	0.0170319	0	0.00538458	0.101043	0	0	0	0.000915149	
0.92039	0.0170383	0	0.0053866	0.100688	0	0	0	0.000915188	
0.920273	0.0170446	0	0.00538861	0.100335	0	0	0	0.000915249	
0.920157	0.017051	0	0.00539061	0.0999822	0	0	0	0.000915332	
0.92004	0.0170573	0	0.0053926	0.0996311	0	0	0	0.000915439	
0.919924	0.0170635	0	0.00539459	0.0992812	0	0	0	0.000915569	
0.919808	0.0170698	0	0.00539656	0.0989326	0	0	0	0.000915722	
0.919691	0.017076	0	0.00539853	0.0985852	0	0	0	0.000915901	
0.919575	0.0170822	0	0.00540048	0.098239	0	0	0	0.000916103	
0.919459	0.0170884	0	0.00540243	0.097894	0	0	0	0.000916332	
0.919342	0.0170945	0	0.00540437	0.0975503	0	0	0	0.000916586	
0.919226	0.0171006	0	0.0054063	0.0972077	0	0	0	0.000916866	
0.91911	0.0171067	0	0.00540822	0.0968664	0	0	0	0.000917173	
0.918993	0.0171127	0	0.00541013	0.0965262	0	0	0	0.000917508	
0.918877	0.0171187	0	0.00541203	0.0961873	0	0	0	0.000917871	
0.918761	0.0171247	0	0.00541393	0.0958495	0	0	0	0.000918263	
0.918644	0.0171307	0	0.00541581	0.095513	0	0	0	0.000918685	
0.918528	0.0171366	0	0.00541769	0.0951776	0	0	0	0.000919137	
0.918412	0.0171425	0	0.00541955	0.0948434	0	0	0	0.00091962	
0.918296	0.0171484	0	0.00542141	0.0945104	0	0	0	0.000920134	
0.91818	0.0171542	0	0.00542326	0.0941786	0	0	0	0.000920682	
0.918063	0.0171601	0	0.0054251	0.0938479	0	0	0	0.000921263	
0.917947	0.0171659	0	0.00542693	0.0935184	0	0	0	0.000921879	
0.917831	0.0171716	0	0.00542876	0.09319	0	0	0	0.000922531	
0.917715	0.0171774	0	0.00543057	0.0928628	0	0	0	0.000923219	
0.917599	0.0171831	0	0.00543238	0.0925368	0	0	0	0.000923945	
0.917483	0.0171888	0	0.00543418	0.0922119	0	0	0	0.000924711	
0.917367	0.0171944	0	0.00543596	0.0918882	0	0	0	0.000925517	
0.917251	0.0172001	0	0.00543775	0.0915656	0	0	0	0.000926365	
0.917135	0.0172057	0	0.00543952	0.0912441	0	0	0	0.000927256	
0.917019	0.0172113	0	0.00544128	0.0909238	0	0	0	0.000928192	
0.916903	0.0172168	0	0.00544304	0.0906045	0	0	0	0.000929175	
0.916787	0.0172223	0	0.00544479	0.0902865	0	0	0	0.000930207	
0.916671	0.0172278	0	0.00544653	0.0899695	0	0	0	0.000931289	
0.916555	0.0172333	0	0.00544826	0.0896537	0	0	0	0.000932424	
0.916439	0.0172388	0	0.00544998	0.0893389	0	0	0	0.000933615	
0.916323	0.0172442	0	0.00545169	0.0890253	0	0	0	0.000934862	
0.916207	0.0172496	0	0.0054534	0.0887128	0	0	0	0.000936171	
0.916091	0.017255	0	0.0054551	0.0884014	0	0	0	0.000937542	
0.915975	0.0172603	0	0.00545679	0.088091	0	0	0	0.000938981	
0.915859	0.0172656	0	0.00545847	0.0877818	0	0	0	0.000940489	
0.915743	0.0172709	0	0.00546015	0.0874737	0	0	0	0.000942072	
0.915627	0.0172762	0	0.00546181	0.0871666	0	0	0	0.000943733	
0.915512	0.0172814	0	0.00546347	0.0868607	0	0	0	0.000945477	
0.915396	0.0172867	0	0.00546512	0.0865558	0	0	0	0.00094731	
0.91528	0.0172919	0	0.00546676	0.086252	0	0	0	0.000949237	
0.915164	0.017297	0	0.0054684	0.0859492	0	0	0	0.000951264	
0.915048	0.0173022	0	0.00547003	0.0856475	0	0	0	0.0009534	
0.914933	0.0173073	0	0.00547165	0.0853469	0	0	0	0.000955651	
0.914817	0.0173124	0	0.00547326	0.0850474	0	0	0	0.000958026	
0.914701	0.0173175	0	0.00547486	0.0847489	0	0	0	0.000960537	
0.914585	0.0173225	0	0.00547646	0.0844514	0	0	0	0.000963193	
