1	0	0	0	1	0	0	0	1	
0.99991	1.71323e-06	0	4.41253e-07	0.995525	0	0	0	0.979284	
0.999821	6.71036e-06	0	1.72929e-06	0.991107	0	0	0	0.959314	
0.999732	1.48064e-05	0	3.81548e-06	0.986714	0	0	0	0.939756	
0.999644	2.58212e-05	0	6.65345e-06	0.982345	0	0	0	0.920602	
0.999556	3.959e-05	0	1.02008e-05	0.977999	0	0	0	0.901844	
0.999469	5.59617e-05	0	1.44185e-05	0.973677	0	0	0	0.883472	
0.999382	7.47968e-05	0	1.92707e-05	0.969377	0	0	0	0.86548	
0.999296	9.59667e-05	0	2.47242e-05	0.965101	0	0	0	0.847858	
0.99921	0.000119352	0	3.07483e-05	0.960847	0	0	0	0.8306	
0.999124	0.000144842	0	3.73145e-05	0.956614	0	0	0	0.813697	
0.999039	0.000172332	0	4.4396e-05	0.952404	0	0	0	0.797143	
0.998954	0.000201727	0	5.1968e-05	0.948216	0	0	0	0.780929	
0.998869	0.000232936	0	6.00071e-05	0.944048	0	0	0	0.765049	
0.998785	0.000265873	0	6.84915e-05	0.939902	0	0	0	0.749496	
0.998701	0.000300459	0	7.74005e-05	0.935777	0	0	0	0.734263	
0.998618	0.000336618	0	8.67147e-05	0.931673	0	0	0	0.719343	
0.998534	0.000374278	0	9.64156e-05	0.927589	0	0	0	0.70473	
0.998451	0.000413374	0	0.000106486	0.923526	0	0	0	0.690417	
0.998369	0.000453839	0	0.00011691	0.919483	0	0	0	0.676398	
0.998286	0.000495615	0	0.00012767	0.915459	0	0	0	0.662668	
0.998204	0.000538643	0	0.000138754	0.911456	0	0	0	0.649219	
0.998122	0.000582868	0	0.000150145	0.907472	0	0	0	0.636047	
0.99804	0.000628238	0	0.000161832	0.903508	0	0	0	0.623145	
0.997958	0.000674704	0	0.000173801	0.899563	0	0	0	0.610509	
0.997877	0.000722217	0	0.000186039	0.895637	0	0	0	0.598131	
0.997796	0.000770732	0	0.000198536	0.89173	0	0	0	0.586008	
0.997715	0.000820206	0	0.000211279	0.887842	0	0	0	0.574133	
0.997634	0.000870596	0	0.000224259	0.883972	0	0	0	0.562502	
0.997554	0.000921864	0	0.000237465	0.880121	0	0	0	0.551109	
0.997473	0.000973971	0	0.000250887	0.876289	0	0	0	0.53995	
0.997393	0.00102688	0	0.000264515	0.872475	0	0	0	0.52902	
0.997313	0.00108056	0	0.000278341	0.868679	0	0	0	0.518314	
0.997233	0.00113496	0	0.000292355	0.864901	0	0	0	0.507827	
0.997154	0.00119007	0	0.00030655	0.86114	0	0	0	0.497555	
0.997074	0.00124585	0	0.000320918	0.857398	0	0	0	0.487494	
0.996995	0.00130227	0	0.00033545	0.853673	0	0	0	0.477639	
0.996915	0.0013593	0	0.000350139	0.849966	0	0	0	0.467985	
0.996836	0.00141691	0	0.000364978	0.846276	0	0	0	0.45853	
0.996757	0.00147507	0	0.00037996	0.842603	0	0	0	0.449267	
0.996679	0.00153377	0	0.000395079	0.838948	0	0	0	0.440195	
0.9966	0.00159297	0	0.000410328	0.835309	0	0	0	0.431308	
0.996522	0.00165265	0	0.0004257	0.831688	0	0	0	0.422603	
0.996443	0.00171279	0	0.00044119	0.828083	0	0	0	0.414076	
0.996365	0.00177336	0	0.000456793	0.824495	0	0	0	0.405724	
0.996287	0.00183435	0	0.000472501	0.820924	0	0	0	0.397542	
0.996209	0.00189573	0	0.000488311	0.817369	0	0	0	0.389528	
0.996131	0.00195748	0	0.000504217	0.81383	0	0	0	0.381677	
0.996053	0.00201958	0	0.000520214	0.810308	0	0	0	0.373987	
0.995976	0.00208202	0	0.000536297	0.806801	0	0	0	0.366455	
0.995898	0.00214478	0	0.000552461	0.803311	0	0	0	0.359076	
0.99582	0.00220783	0	0.000568702	0.799837	0	0	0	0.351848	
0.995743	0.00227117	0	0.000585016	0.796379	0	0	0	0.344767	
0.995666	0.00233477	0	0.000601398	0.792937	0	0	0	0.337832	
0.995589	0.00239862	0	0.000617845	0.78951	0	0	0	0.331037	
0.995512	0.0024627	0	0.000634352	0.786099	0	0	0	0.324382	
0.995435	0.00252701	0	0.000650915	0.782703	0	0	0	0.317863	
0.995358	0.00259152	0	0.000667531	0.779323	0	0	0	0.311476	
0.995281	0.00265622	0	0.000684196	0.775958	0	0	0	0.30522	
0.995204	0.0027211	0	0.000700907	0.772608	0	0	0	0.299092	
0.995128	0.00278614	0	0.000717661	0.769274	0	0	0	0.293089	
0.995051	0.00285134	0	0.000734454	0.765955	0	0	0	0.287208	
0.994975	0.00291667	0	0.000751283	0.76265	0	0	0	0.281447	
0.994898	0.00298214	0	0.000768145	0.759361	0	0	0	0.275803	
0.994822	0.00304772	0	0.000785037	0.756086	0	0	0	0.270275	
0.994746	0.00311341	0	0.000801956	0.752826	0	0	0	0.264859	
0.99467	0.00317919	0	0.000818901	0.74958	0	0	0	0.259554	
0.994593	0.00324506	0	0.000835867	0.74635	0	0	0	0.254357	
0.994517	0.003311	0	0.000852852	0.743133	0	0	0	0.249266	
0.994441	0.00337701	0	0.000869854	0.739931	0	0	0	0.244278	
0.994366	0.00344307	0	0.000886871	0.736744	0	0	0	0.239392	
0.99429	0.00350919	0	0.0009039	0.73357	0	0	0	0.234606	
0.994214	0.00357534	0	0.000920939	0.730411	0	0	0	0.229917	
0.994138	0.00364152	0	0.000937985	0.727266	0	0	0	0.225324	
0.994063	0.00370772	0	0.000955037	0.724135	0	0	0	0.220824	
0.993987	0.00377394	0	0.000972093	0.721018	0	0	0	0.216415	
0.993911	0.00384016	0	0.00098915	0.717915	0	0	0	0.212097	
0.993836	0.00390638	0	0.00100621	0.714825	0	0	0	0.207866	
0.993761	0.00397259	0	0.00102326	0.71175	0	0	0	0.203721	
0.993685	0.00403879	0	0.00104031	0.708688	0	0	0	0.199661	
0.99361	0.00410496	0	0.00105736	0.705639	0	0	0	0.195683	
0.993535	0.0041711	0	0.00107439	0.702604	0	0	0	0.191786	
0.993459	0.00423721	0	0.00109142	0.699583	0	0	0	0.187968	
0.993384	0.00430328	0	0.00110844	0.696575	0	0	0	0.184228	
0.993309	0.0043693	0	0.00112544	0.69358	0	0	0	0.180564	
0.993234	0.00443527	0	0.00114244	0.690598	0	0	0	0.176974	
0.993159	0.00450118	0	0.00115941	0.68763	0	0	0	0.173458	
0.993084	0.00456702	0	0.00117637	0.684675	0	0	0	0.170012	
0.993009	0.0046328	0	0.00119331	0.681733	0	0	0	0.166637	
0.992934	0.0046985	0	0.00121024	0.678803	0	0	0	0.16333	
0.992859	0.00476412	0	0.00122714	0.675887	0	0	0	0.160091	
0.992785	0.00482966	0	0.00124402	0.672983	0	0	0	0.156917	
0.99271	0.00489511	0	0.00126088	0.670093	0	0	0	0.153807	
0.992635	0.00496047	0	0.00127771	0.667215	0	0	0	0.150761	
0.99256	0.00502573	0	0.00129452	0.664349	0	0	0	0.147776	
0.992486	0.00509088	0	0.00131131	0.661497	0	0	0	0.144852	
0.992411	0.00515594	0	0.00132806	0.658656	0	0	0	0.141987	
0.992337	0.00522088	0	0.00134479	0.655829	0	0	0	0.13918	
0.992262	0.00528571	0	0.00136149	0.653013	0	0	0	0.13643	
0.992188	0.00535043	0	0.00137816	0.65021	0	0	0	0.133736	
0.992113	0.00541502	0	0.00139479	0.647419	0	0	0	0.131097	
0.992039	0.00547949	0	0.0014114	0.644641	0	0	0	0.128511	
0.991964	0.00554383	0	0.00142797	0.641875	0	0	0	0.125977	
0.99189	0.00560805	0	0.00144451	0.63912	0	0	0	0.123494	
0.991816	0.00567213	0	0.00146102	0.636378	0	0	0	0.121062	
0.991741	0.00573608	0	0.00147749	0.633648	0	0	0	0.118679	
0.991667	0.00579988	0	0.00149393	0.63093	0	0	0	0.116345	
0.991593	0.00586355	0	0.00151032	0.628223	0	0	0	0.114057	
0.991519	0.00592707	0	0.00152669	0.625529	0	0	0	0.111816	
0.991444	0.00599045	0	0.00154301	0.622846	0	0	0	0.10962	
0.99137	0.00605367	0	0.00155929	0.620175	0	0	0	0.107469	
0.991296	0.00611675	0	0.00157554	0.617515	0	0	0	0.105361	
0.991222	0.00617967	0	0.00159175	0.614867	0	0	0	0.103295	
0.991148	0.00624243	0	0.00160792	0.612231	0	0	0	0.101272	
0.991074	0.00630504	0	0.00162404	0.609606	0	0	0	0.099289	
0.991	0.00636749	0	0.00164013	0.606993	0	0	0	0.0973463	
0.990926	0.00642978	0	0.00165617	0.604391	0	0	0	0.0954428	
0.990852	0.0064919	0	0.00167217	0.6018	0	0	0	0.0935778	
0.990778	0.00655385	0	0.00168813	0.599221	0	0	0	0.0917504	
0.990704	0.00661564	0	0.00170404	0.596653	0	0	0	0.0899598	
0.99063	0.00667726	0	0.00171992	0.594096	0	0	0	0.0882054	
0.990556	0.00673871	0	0.00173574	0.59155	0	0	0	0.0864864	
0.990483	0.00679999	0	0.00175153	0.589015	0	0	0	0.084802	
0.990409	0.00686109	0	0.00176727	0.586491	0	0	0	0.0831516	
0.990335	0.00692202	0	0.00178296	0.583978	0	0	0	0.0815345	
0.990261	0.00698277	0	0.00179861	0.581476	0	0	0	0.0799499	
0.990187	0.00704335	0	0.00181421	0.578985	0	0	0	0.0783973	
0.990114	0.00710374	0	0.00182977	0.576505	0	0	0	0.076876	
0.99004	0.00716396	0	0.00184528	0.574035	0	0	0	0.0753852	
0.989966	0.00722399	0	0.00186074	0.571576	0	0	0	0.0739245	
0.989893	0.00728385	0	0.00187616	0.569128	0	0	0	0.0724932	
0.989819	0.00734351	0	0.00189152	0.56669	0	0	0	0.0710907	
0.989745	0.007403	0	0.00190685	0.564263	0	0	0	0.0697164	
0.989672	0.0074623	0	0.00192212	0.561847	0	0	0	0.0683697	
0.989598	0.00752141	0	0.00193735	0.559441	0	0	0	0.0670501	
0.989525	0.00758033	0	0.00195252	0.557045	0	0	0	0.065757	
0.989451	0.00763907	0	0.00196765	0.55466	0	0	0	0.0644899	
0.989378	0.00769762	0	0.00198273	0.552285	0	0	0	0.0632483	
0.989304	0.00775598	0	0.00199776	0.54992	0	0	0	0.0620316	
0.989231	0.00781414	0	0.00201275	0.547566	0	0	0	0.0608393	
0.989157	0.00787212	0	0.00202768	0.545222	0	0	0	0.0596709	
0.989084	0.00792991	0	0.00204256	0.542888	0	0	0	0.058526	
0.98901	0.0079875	0	0.0020574	0.540564	0	0	0	0.0574041	
0.988937	0.00804491	0	0.00207218	0.53825	0	0	0	0.0563047	
0.988863	0.00810211	0	0.00208692	0.535946	0	0	0	0.0552273	
0.98879	0.00815913	0	0.00210161	0.533652	0	0	0	0.0541715	
0.988717	0.00821595	0	0.00211624	0.531367	0	0	0	0.0531368	
0.988643	0.00827258	0	0.00213083	0.529093	0	0	0	0.0521229	
0.98857	0.00832901	0	0.00214536	0.526829	0	0	0	0.0511293	
0.988497	0.00838525	0	0.00215985	0.524574	0	0	0	0.0501555	
0.988423	0.00844129	0	0.00217428	0.522329	0	0	0	0.0492013	
0.98835	0.00849714	0	0.00218867	0.520094	0	0	0	0.0482661	
0.988277	0.00855279	0	0.002203	0.517868	0	0	0	0.0473497	
0.988204	0.00860824	0	0.00221729	0.515652	0	0	0	0.0464516	
0.98813	0.0086635	0	0.00223152	0.513446	0	0	0	0.0455714	
0.988057	0.00871856	0	0.0022457	0.511249	0	0	0	0.0447088	
0.987984	0.00877343	0	0.00225983	0.509061	0	0	0	0.0438634	
0.987911	0.0088281	0	0.00227391	0.506883	0	0	0	0.043035	
0.987838	0.00888257	0	0.00228794	0.504715	0	0	0	0.042223	
0.987764	0.00893684	0	0.00230192	0.502556	0	0	0	0.0414273	
0.987691	0.00899092	0	0.00231585	0.500406	0	0	0	0.0406474	
0.987618	0.0090448	0	0.00232973	0.498265	0	0	0	0.0398831	
0.987545	0.00909848	0	0.00234356	0.496133	0	0	0	0.039134	
0.987472	0.00915197	0	0.00235733	0.494011	0	0	0	0.0383998	
0.987399	0.00920526	0	0.00237106	0.491898	0	0	0	0.0376803	
0.987326	0.00925835	0	0.00238474	0.489794	0	0	0	0.0369751	
0.987253	0.00931124	0	0.00239836	0.487699	0	0	0	0.0362839	
0.98718	0.00936394	0	0.00241193	0.485613	0	0	0	0.0356065	
0.987107	0.00941644	0	0.00242546	0.483536	0	0	0	0.0349426	
0.987034	0.00946875	0	0.00243893	0.481468	0	0	0	0.0342918	
0.98696	0.00952085	0	0.00245235	0.479408	0	0	0	0.033654	
0.986887	0.00957277	0	0.00246572	0.477358	0	0	0	0.0330289	
0.986814	0.00962448	0	0.00247904	0.475317	0	0	0	0.0324161	
0.986742	0.009676	0	0.00249231	0.473284	0	0	0	0.0318156	
0.986669	0.00972732	0	0.00250553	0.47126	0	0	0	0.0312269	
0.986596	0.00977845	0	0.0025187	0.469245	0	0	0	0.03065	
0.986523	0.00982938	0	0.00253182	0.467238	0	0	0	0.0300844	
0.98645	0.00988011	0	0.00254489	0.46524	0	0	0	0.0295301	
0.986377	0.00993065	0	0.0025579	0.463251	0	0	0	0.0289868	
0.986304	0.009981	0	0.00257087	0.46127	0	0	0	0.0284542	
0.986231	0.0100312	0	0.00258379	0.459297	0	0	0	0.0279322	
0.986158	0.0100811	0	0.00259666	0.457334	0	0	0	0.0274205	
0.986085	0.0101309	0	0.00260947	0.455378	0	0	0	0.0269189	
0.986012	0.0101804	0	0.00262224	0.453431	0	0	0	0.0264272	
0.985939	0.0102298	0	0.00263496	0.451493	0	0	0	0.0259453	
0.985867	0.010279	0	0.00264763	0.449562	0	0	0	0.0254728	
0.985794	0.010328	0	0.00266024	0.44764	0	0	0	0.0250097	
0.985721	0.0103768	0	0.00267281	0.445727	0	0	0	0.0245557	
0.985648	0.0104254	0	0.00268533	0.443821	0	0	0	0.0241107	
0.985575	0.0104738	0	0.0026978	0.441924	0	0	0	0.0236745	
0.985503	0.010522	0	0.00271022	0.440034	0	0	0	0.0232468	
0.98543	0.0105701	0	0.00272259	0.438153	0	0	0	0.0228276	
0.985357	0.0106179	0	0.00273492	0.43628	0	0	0	0.0224166	
0.985284	0.0106655	0	0.00274719	0.434415	0	0	0	0.0220138	
0.985212	0.010713	0	0.00275941	0.432558	0	0	0	0.0216188	
0.985139	0.0107603	0	0.00277159	0.430709	0	0	0	0.0212316	
0.985066	0.0108074	0	0.00278372	0.428868	0	0	0	0.020852	
0.984993	0.0108542	0	0.0027958	0.427035	0	0	0	0.0204799	
0.984921	0.0109009	0	0.00280783	0.42521	0	0	0	0.0201151	
0.984848	0.0109475	0	0.00281981	0.423392	0	0	0	0.0197574	
0.984775	0.0109938	0	0.00283174	0.421583	0	0	0	0.0194067	
0.984703	0.0110399	0	0.00284362	0.419781	0	0	0	0.0190629	
0.98463	0.0110859	0	0.00285546	0.417987	0	0	0	0.0187259	
0.984557	0.0111317	0	0.00286725	0.4162	0	0	0	0.0183954	
0.984485	0.0111772	0	0.00287899	0.414421	0	0	0	0.0180714	
0.984412	0.0112226	0	0.00289069	0.41265	0	0	0	0.0177538	
0.984339	0.0112679	0	0.00290233	0.410887	0	0	0	0.0174423	
0.984267	0.0113129	0	0.00291393	0.409131	0	0	0	0.017137	
0.984194	0.0113577	0	0.00292548	0.407382	0	0	0	0.0168376	
0.984121	0.0114024	0	0.00293699	0.405641	0	0	0	0.016544	
0.984049	0.0114469	0	0.00294844	0.403908	0	0	0	0.0162562	
0.983976	0.0114912	0	0.00295985	0.402181	0	0	0	0.0159739	
0.983904	0.0115353	0	0.00297122	0.400463	0	0	0	0.0156972	
0.983831	0.0115792	0	0.00298253	0.398751	0	0	0	0.0154258	
0.983759	0.011623	0	0.0029938	0.397047	0	0	0	0.0151598	
0.983686	0.0116666	0	0.00300503	0.395351	0	0	0	0.0148989	
0.983613	0.01171	0	0.00301621	0.393661	0	0	0	0.014643	
0.983541	0.0117532	0	0.00302734	0.391979	0	0	0	0.0143922	
0.983468	0.0117962	0	0.00303842	0.390304	0	0	0	0.0141462	
0.983396	0.0118391	0	0.00304946	0.388636	0	0	0	0.013905	
0.983323	0.0118818	0	0.00306046	0.386976	0	0	0	0.0136684	
0.983251	0.0119243	0	0.00307141	0.385322	0	0	0	0.0134364	
0.983178	0.0119666	0	0.00308231	0.383676	0	0	0	0.0132089	
0.983106	0.0120088	0	0.00309317	0.382037	0	0	0	0.0129859	
0.983033	0.0120507	0	0.00310398	0.380404	0	0	0	0.0127671	
0.982961	0.0120925	0	0.00311475	0.378779	0	0	0	0.0125525	
0.982889	0.0121342	0	0.00312547	0.37716	0	0	0	0.0123421	
0.982816	0.0121756	0	0.00313615	0.375549	0	0	0	0.0121358	
0.982744	0.0122169	0	0.00314678	0.373944	0	0	0	0.0119334	
0.982671	0.012258	0	0.00315737	0.372347	0	0	0	0.0117349	
0.982599	0.0122989	0	0.00316791	0.370756	0	0	0	0.0115403	
0.982526	0.0123397	0	0.00317841	0.369172	0	0	0	0.0113493	
0.982454	0.0123803	0	0.00318887	0.367595	0	0	0	0.0111621	
0.982382	0.0124207	0	0.00319928	0.366024	0	0	0	0.0109784	
0.982309	0.012461	0	0.00320965	0.364461	0	0	0	0.0107983	
0.982237	0.0125011	0	0.00321997	0.362903	0	0	0	0.0106216	
0.982164	0.012541	0	0.00323025	0.361353	0	0	0	0.0104483	
0.982092	0.0125807	0	0.00324049	0.359809	0	0	0	0.0102783	
0.98202	0.0126203	0	0.00325069	0.358272	0	0	0	0.0101116	
0.981947	0.0126597	0	0.00326084	0.356742	0	0	0	0.00994806	
0.981875	0.012699	0	0.00327095	0.355218	0	0	0	0.00978764	
0.981803	0.0127381	0	0.00328101	0.3537	0	0	0	0.00963028	
0.98173	0.012777	0	0.00329104	0.352189	0	0	0	0.00947591	
0.981658	0.0128157	0	0.00330102	0.350685	0	0	0	0.00932449	
0.981586	0.0128543	0	0.00331096	0.349187	0	0	0	0.00917595	
0.981514	0.0128927	0	0.00332085	0.347695	0	0	0	0.00903023	
0.981441	0.012931	0	0.00333071	0.34621	0	0	0	0.00888728	
0.981369	0.0129691	0	0.00334052	0.344731	0	0	0	0.00874704	
0.981297	0.013007	0	0.00335029	0.343258	0	0	0	0.00860946	
0.981224	0.0130448	0	0.00336002	0.341792	0	0	0	0.00847449	
0.981152	0.0130824	0	0.00336971	0.340332	0	0	0	0.00834207	
0.98108	0.0131198	0	0.00337935	0.338878	0	0	0	0.00821215	
0.981008	0.0131571	0	0.00338896	0.337431	0	0	0	0.00808469	
0.980935	0.0131943	0	0.00339852	0.33599	0	0	0	0.00795964	
0.980863	0.0132312	0	0.00340805	0.334554	0	0	0	0.00783694	
0.980791	0.0132681	0	0.00341753	0.333125	0	0	0	0.00771655	
0.980719	0.0133047	0	0.00342697	0.331702	0	0	0	0.00759843	
0.980647	0.0133412	0	0.00343637	0.330286	0	0	0	0.00748253	
0.980574	0.0133776	0	0.00344573	0.328875	0	0	0	0.0073688	
0.980502	0.0134138	0	0.00345506	0.32747	0	0	0	0.00725721	
0.98043	0.0134498	0	0.00346434	0.326072	0	0	0	0.00714771	
0.980358	0.0134857	0	0.00347358	0.324679	0	0	0	0.00704026	
0.980286	0.0135214	0	0.00348278	0.323292	0	0	0	0.00693482	
0.980213	0.013557	0	0.00349194	0.321911	0	0	0	0.00683135	
0.980141	0.0135924	0	0.00350107	0.320536	0	0	0	0.00672982	
0.980069	0.0136276	0	0.00351015	0.319167	0	0	0	0.00663017	
0.979997	0.0136628	0	0.00351919	0.317804	0	0	0	0.00653238	
0.979925	0.0136977	0	0.0035282	0.316447	0	0	0	0.00643641	
0.979853	0.0137325	0	0.00353717	0.315095	0	0	0	0.00634222	
0.979781	0.0137672	0	0.00354609	0.31375	0	0	0	0.00624978	
0.979708	0.0138017	0	0.00355498	0.31241	0	0	0	0.00615906	
0.979636	0.0138361	0	0.00356383	0.311075	0	0	0	0.00607001	
0.979564	0.0138703	0	0.00357265	0.309747	0	0	0	0.00598261	
0.979492	0.0139044	0	0.00358142	0.308424	0	0	0	0.00589683	
0.97942	0.0139383	0	0.00359016	0.307107	0	0	0	0.00581263	
0.979348	0.013972	0	0.00359886	0.305795	0	0	0	0.00572998	
0.979276	0.0140057	0	0.00360752	0.304489	0	0	0	0.00564885	
0.979204	0.0140391	0	0.00361614	0.303189	0	0	0	0.00556922	
0.979132	0.0140725	0	0.00362473	0.301894	0	0	0	0.00549104	
0.97906	0.0141057	0	0.00363328	0.300605	0	0	0	0.0054143	
0.978988	0.0141387	0	0.00364179	0.299321	0	0	0	0.00533897	
0.978916	0.0141716	0	0.00365026	0.298043	0	0	0	0.00526501	
0.978844	0.0142044	0	0.0036587	0.29677	0	0	0	0.00519241	
0.978772	0.014237	0	0.0036671	0.295503	0	0	0	0.00512113	
0.9787	0.0142695	0	0.00367547	0.294241	0	0	0	0.00505115	
0.978628	0.0143018	0	0.0036838	0.292984	0	0	0	0.00498244	
0.978556	0.014334	0	0.00369209	0.291733	0	0	0	0.00491498	
0.978484	0.0143661	0	0.00370034	0.290487	0	0	0	0.00484875	
0.978412	0.014398	0	0.00370856	0.289247	0	0	0	0.00478372	
0.97834	0.0144297	0	0.00371675	0.288012	0	0	0	0.00471986	
0.978268	0.0144614	0	0.0037249	0.286782	0	0	0	0.00465716	
0.978196	0.0144929	0	0.00373301	0.285557	0	0	0	0.00459559	
0.978124	0.0145242	0	0.00374109	0.284338	0	0	0	0.00453513	
0.978052	0.0145555	0	0.00374913	0.283124	0	0	0	0.00447576	
0.97798	0.0145865	0	0.00375714	0.281915	0	0	0	0.00441745	
0.977908	0.0146175	0	0.00376511	0.280711	0	0	0	0.0043602	
0.977836	0.0146483	0	0.00377305	0.279512	0	0	0	0.00430396	
0.977764	0.014679	0	0.00378095	0.278319	0	0	0	0.00424874	
0.977692	0.0147095	0	0.00378882	0.27713	0	0	0	0.0041945	
0.97762	0.01474	0	0.00379665	0.275947	0	0	0	0.00414123	
0.977548	0.0147702	0	0.00380445	0.274769	0	0	0	0.0040889	
0.977477	0.0148004	0	0.00381221	0.273596	0	0	0	0.00403751	
0.977405	0.0148304	0	0.00381994	0.272427	0	0	0	0.00398703	
0.977333	0.0148603	0	0.00382764	0.271264	0	0	0	0.00393745	
0.977261	0.01489	0	0.0038353	0.270106	0	0	0	0.00388874	
0.977189	0.0149196	0	0.00384293	0.268953	0	0	0	0.00384089	
0.977117	0.0149491	0	0.00385053	0.267804	0	0	0	0.00379389	
0.977045	0.0149785	0	0.00385809	0.266661	0	0	0	0.00374771	
0.976973	0.0150077	0	0.00386562	0.265522	0	0	0	0.00370235	
0.976902	0.0150368	0	0.00387312	0.264388	0	0	0	0.00365778	
0.97683	0.0150658	0	0.00388058	0.26326	0	0	0	0.003614	
0.976758	0.0150946	0	0.00388801	0.262136	0	0	0	0.00357098	
0.976686	0.0151234	0	0.00389541	0.261016	0	0	0	0.00352871	
0.976614	0.015152	0	0.00390277	0.259902	0	0	0	0.00348718	
0.976542	0.0151804	0	0.0039101	0.258792	0	0	0	0.00344637	
0.976471	0.0152088	0	0.0039174	0.257687	0	0	0	0.00340627	
0.976399	0.015237	0	0.00392467	0.256587	0	0	0	0.00336687	
0.976327	0.0152651	0	0.00393191	0.255492	0	0	0	0.00332815	
0.976255	0.015293	0	0.00393911	0.254401	0	0	0	0.0032901	
0.976184	0.0153209	0	0.00394628	0.253315	0	0	0	0.0032527	
0.976112	0.0153486	0	0.00395342	0.252233	0	0	0	0.00321595	
0.97604	0.0153762	0	0.00396053	0.251156	0	0	0	0.00317983	
0.975968	0.0154037	0	0.00396761	0.250084	0	0	0	0.00314433	
0.975897	0.015431	0	0.00397465	0.249016	0	0	0	0.00310943	
0.975825	0.0154583	0	0.00398167	0.247953	0	0	0	0.00307513	
0.975753	0.0154854	0	0.00398865	0.246895	0	0	0	0.00304142	
0.975681	0.0155124	0	0.0039956	0.245841	0	0	0	0.00300828	
0.97561	0.0155392	0	0.00400253	0.244791	0	0	0	0.00297571	
0.975538	0.015566	0	0.00400942	0.243746	0	0	0	0.00294369	
0.975466	0.0155926	0	0.00401628	0.242705	0	0	0	0.00291221	
0.975394	0.0156192	0	0.00402311	0.241669	0	0	0	0.00288126	
0.975323	0.0156456	0	0.00402991	0.240637	0	0	0	0.00285083	
0.975251	0.0156718	0	0.00403668	0.23961	0	0	0	0.00282091	
0.975179	0.015698	0	0.00404342	0.238587	0	0	0	0.0027915	
0.975108	0.0157241	0	0.00405013	0.237569	0	0	0	0.00276258	
0.975036	0.01575	0	0.00405681	0.236554	0	0	0	0.00273414	
0.974964	0.0157758	0	0.00406346	0.235545	0	0	0	0.00270617	
0.974893	0.0158015	0	0.00407008	0.234539	0	0	0	0.00267868	
0.974821	0.0158271	0	0.00407667	0.233538	0	0	0	0.00265163	
0.974749	0.0158526	0	0.00408323	0.232541	0	0	0	0.00262504	
0.974678	0.0158779	0	0.00408976	0.231548	0	0	0	0.00259889	
0.974606	0.0159032	0	0.00409626	0.23056	0	0	0	0.00257317	
0.974535	0.0159283	0	0.00410274	0.229575	0	0	0	0.00254787	
0.974463	0.0159533	0	0.00410918	0.228595	0	0	0	0.00252298	
0.974391	0.0159783	0	0.0041156	0.22762	0	0	0	0.00249851	
0.97432	0.0160031	0	0.00412199	0.226648	0	0	0	0.00247443	
0.974248	0.0160277	0	0.00412835	0.22568	0	0	0	0.00245075	
0.974176	0.0160523	0	0.00413468	0.224717	0	0	0	0.00242746	
0.974105	0.0160768	0	0.00414098	0.223758	0	0	0	0.00240454	
0.974033	0.0161012	0	0.00414726	0.222803	0	0	0	0.00238199	
0.973962	0.0161254	0	0.0041535	0.221852	0	0	0	0.00235981	
0.97389	0.0161495	0	0.00415972	0.220905	0	0	0	0.00233798	
0.973819	0.0161736	0	0.00416591	0.219962	0	0	0	0.00231651	
0.973747	0.0161975	0	0.00417208	0.219023	0	0	0	0.00229538	
0.973675	0.0162213	0	0.00417821	0.218088	0	0	0	0.00227459	
0.973604	0.016245	0	0.00418432	0.217157	0	0	0	0.00225413	
0.973532	0.0162687	0	0.0041904	0.21623	0	0	0	0.002234	
0.973461	0.0162922	0	0.00419645	0.215307	0	0	0	0.00221419	
0.973389	0.0163156	0	0.00420248	0.214388	0	0	0	0.00219469	
0.973318	0.0163388	0	0.00420848	0.213473	0	0	0	0.0021755	
0.973246	0.016362	0	0.00421445	0.212562	0	0	0	0.00215662	
0.973175	0.0163851	0	0.0042204	0.211654	0	0	0	0.00213803	
0.973103	0.0164081	0	0.00422632	0.210751	0	0	0	0.00211973	
0.973032	0.016431	0	0.00423221	0.209851	0	0	0	0.00210172	
0.97296	0.0164537	0	0.00423807	0.208956	0	0	0	0.00208399	
0.972889	0.0164764	0	0.00424391	0.208064	0	0	0	0.00206654	
0.972817	0.016499	0	0.00424973	0.207176	0	0	0	0.00204935	
0.972746	0.0165214	0	0.00425551	0.206291	0	0	0	0.00203244	
0.972674	0.0165438	0	0.00426128	0.205411	0	0	0	0.00201578	
0.972603	0.0165661	0	0.00426701	0.204534	0	0	0	0.00199939	
0.972532	0.0165882	0	0.00427272	0.203661	0	0	0	0.00198324	
0.97246	0.0166103	0	0.0042784	0.202792	0	0	0	0.00196734	
0.972389	0.0166323	0	0.00428406	0.201926	0	0	0	0.00195169	
0.972317	0.0166541	0	0.00428969	0.201064	0	0	0	0.00193627	
0.972246	0.0166759	0	0.0042953	0.200206	0	0	0	0.00192109	
0.972174	0.0166976	0	0.00430088	0.199352	0	0	0	0.00190614	
0.972103	0.0167192	0	0.00430644	0.198501	0	0	0	0.00189142	
0.972032	0.0167406	0	0.00431197	0.197654	0	0	0	0.00187692	
0.97196	0.016762	0	0.00431748	0.19681	0	0	0	0.00186264	
0.971889	0.0167833	0	0.00432296	0.19597	0	0	0	0.00184857	
0.971817	0.0168045	0	0.00432842	0.195134	0	0	0	0.00183471	
0.971746	0.0168256	0	0.00433385	0.194301	0	0	0	0.00182106	
0.971675	0.0168466	0	0.00433926	0.193472	0	0	0	0.00180761	
0.971603	0.0168675	0	0.00434464	0.192646	0	0	0	0.00179436	
0.971532	0.0168883	0	0.00435	0.191824	0	0	0	0.00178131	
0.971461	0.016909	0	0.00435533	0.191005	0	0	0	0.00176845	
0.971389	0.0169296	0	0.00436064	0.19019	0	0	0	0.00175578	
0.971318	0.0169501	0	0.00436593	0.189378	0	0	0	0.00174329	
0.971247	0.0169706	0	0.00437119	0.18857	0	0	0	0.00173099	
0.971175	0.0169909	0	0.00437643	0.187765	0	0	0	0.00171887	
0.971104	0.0170111	0	0.00438164	0.186964	0	0	0	0.00170693	
0.971033	0.0170313	0	0.00438684	0.186166	0	0	0	0.00169515	
0.970961	0.0170514	0	0.004392	0.185371	0	0	0	0.00168355	
0.97089	0.0170713	0	0.00439715	0.18458	0	0	0	0.00167212	
0.970819	0.0170912	0	0.00440227	0.183793	0	0	0	0.00166085	
0.970747	0.017111	0	0.00440737	0.183008	0	0	0	0.00164974	
0.970676	0.0171307	0	0.00441244	0.182227	0	0	0	0.00163879	
0.970605	0.0171503	0	0.00441749	0.18145	0	0	0	0.001628	
0.970533	0.0171698	0	0.00442252	0.180675	0	0	0	0.00161736	
0.970462	0.0171893	0	0.00442752	0.179904	0	0	0	0.00160687	
0.970391	0.0172086	0	0.00443251	0.179136	0	0	0	0.00159653	
0.97032	0.0172279	0	0.00443747	0.178372	0	0	0	0.00158634	
0.970248	0.017247	0	0.0044424	0.177611	0	0	0	0.00157629	
0.970177	0.0172661	0	0.00444732	0.176853	0	0	0	0.00156638	
0.970106	0.0172851	0	0.00445221	0.176098	0	0	0	0.00155661	
0.970035	0.017304	0	0.00445708	0.175347	0	0	0	0.00154697	
0.969963	0.0173228	0	0.00446193	0.174598	0	0	0	0.00153747	
0.969892	0.0173416	0	0.00446676	0.173853	0	0	0	0.0015281	
0.969821	0.0173602	0	0.00447156	0.173111	0	0	0	0.00151887	
0.96975	0.0173788	0	0.00447634	0.172373	0	0	0	0.00150975	
0.969679	0.0173973	0	0.0044811	0.171637	0	0	0	0.00150077	
0.969607	0.0174157	0	0.00448584	0.170905	0	0	0	0.0014919	
0.969536	0.017434	0	0.00449056	0.170175	0	0	0	0.00148316	
0.969465	0.0174522	0	0.00449525	0.169449	0	0	0	0.00147454	
0.969394	0.0174703	0	0.00449992	0.168726	0	0	0	0.00146603	
0.969323	0.0174884	0	0.00450458	0.168006	0	0	0	0.00145764	
0.969251	0.0175064	0	0.00450921	0.167289	0	0	0	0.00144936	
0.96918	0.0175243	0	0.00451382	0.166575	0	0	0	0.00144119	
0.969109	0.0175421	0	0.00451841	0.165865	0	0	0	0.00143314	
0.969038	0.0175598	0	0.00452297	0.165157	0	0	0	0.00142519	
0.968967	0.0175775	0	0.00452752	0.164452	0	0	0	0.00141734	
0.968896	0.017595	0	0.00453204	0.16375	0	0	0	0.0014096	
0.968825	0.0176125	0	0.00453655	0.163052	0	0	0	0.00140197	
0.968753	0.0176299	0	0.00454103	0.162356	0	0	0	0.00139443	
0.968682	0.0176473	0	0.0045455	0.161663	0	0	0	0.001387	
0.968611	0.0176645	0	0.00454994	0.160973	0	0	0	0.00137966	
0.96854	0.0176817	0	0.00455436	0.160287	0	0	0	0.00137242	
0.968469	0.0176988	0	0.00455877	0.159603	0	0	0	0.00136527	
0.968398	0.0177158	0	0.00456315	0.158922	0	0	0	0.00135822	
0.968327	0.0177327	0	0.00456751	0.158244	0	0	0	0.00135126	
0.968256	0.0177496	0	0.00457185	0.157568	0	0	0	0.00134439	
0.968185	0.0177664	0	0.00457617	0.156896	0	0	0	0.00133761	
0.968114	0.0177831	0	0.00458048	0.156227	0	0	0	0.00133091	
0.968043	0.0177997	0	0.00458476	0.15556	0	0	0	0.0013243	
0.967971	0.0178163	0	0.00458902	0.154896	0	0	0	0.00131778	
0.9679	0.0178327	0	0.00459326	0.154235	0	0	0	0.00131134	
0.967829	0.0178491	0	0.00459749	0.153577	0	0	0	0.00130498	
0.967758	0.0178654	0	0.00460169	0.152922	0	0	0	0.0012987	
0.967687	0.0178817	0	0.00460587	0.15227	0	0	0	0.00129251	
0.967616	0.0178979	0	0.00461004	0.15162	0	0	0	0.00128639	
0.967545	0.0179139	0	0.00461418	0.150973	0	0	0	0.00128035	
0.967474	0.01793	0	0.00461831	0.150329	0	0	0	0.00127438	
0.967403	0.0179459	0	0.00462242	0.149688	0	0	0	0.00126849	
0.967332	0.0179618	0	0.00462651	0.149049	0	0	0	0.00126268	
0.967261	0.0179776	0	0.00463058	0.148413	0	0	0	0.00125693	
0.96719	0.0179933	0	0.00463463	0.14778	0	0	0	0.00125126	
0.967119	0.018009	0	0.00463866	0.147149	0	0	0	0.00124566	
0.967048	0.0180246	0	0.00464267	0.146522	0	0	0	0.00124013	
0.966977	0.0180401	0	0.00464667	0.145897	0	0	0	0.00123466	
0.966906	0.0180555	0	0.00465064	0.145274	0	0	0	0.00122927	
0.966835	0.0180709	0	0.0046546	0.144654	0	0	0	0.00122394	
0.966764	0.0180862	0	0.00465854	0.144037	0	0	0	0.00121868	
0.966693	0.0181014	0	0.00466246	0.143423	0	0	0	0.00121348	
0.966622	0.0181165	0	0.00466636	0.142811	0	0	0	0.00120834	
0.966551	0.0181316	0	0.00467025	0.142202	0	0	0	0.00120327	
0.966481	0.0181466	0	0.00467412	0.141595	0	0	0	0.00119826	
0.96641	0.0181616	0	0.00467796	0.140991	0	0	0	0.00119331	
0.966339	0.0181764	0	0.0046818	0.140389	0	0	0	0.00118842	
0.966268	0.0181912	0	0.00468561	0.139791	0	0	0	0.00118359	
0.966197	0.018206	0	0.0046894	0.139194	0	0	0	0.00117882	
0.966126	0.0182206	0	0.00469318	0.1386	0	0	0	0.0011741	
0.966055	0.0182352	0	0.00469694	0.138009	0	0	0	0.00116945	
0.965984	0.0182498	0	0.00470068	0.13742	0	0	0	0.00116485	
0.965913	0.0182642	0	0.00470441	0.136834	0	0	0	0.0011603	
0.965842	0.0182786	0	0.00470811	0.13625	0	0	0	0.00115581	
0.965771	0.0182929	0	0.00471181	0.135669	0	0	0	0.00115137	
0.965701	0.0183072	0	0.00471548	0.135091	0	0	0	0.00114699	
0.96563	0.0183214	0	0.00471913	0.134514	0	0	0	0.00114265	
0.965559	0.0183355	0	0.00472277	0.13394	0	0	0	0.00113837	
0.965488	0.0183496	0	0.00472639	0.133369	0	0	0	0.00113414	
0.965417	0.0183636	0	0.00473	0.1328	0	0	0	0.00112996	
0.965346	0.0183775	0	0.00473359	0.132234	0	0	0	0.00112583	
0.965276	0.0183914	0	0.00473716	0.13167	0	0	0	0.00112175	
0.965205	0.0184052	0	0.00474071	0.131108	0	0	0	0.00111772	
0.965134	0.0184189	0	0.00474425	0.130549	0	0	0	0.00111373	
0.965063	0.0184326	0	0.00474777	0.129992	0	0	0	0.0011098	
0.964992	0.0184462	0	0.00475127	0.129437	0	0	0	0.0011059	
0.964921	0.0184597	0	0.00475476	0.128885	0	0	0	0.00110206	
0.964851	0.0184732	0	0.00475823	0.128336	0	0	0	0.00109826	
0.96478	0.0184866	0	0.00476169	0.127788	0	0	0	0.0010945	
0.964709	0.0185	0	0.00476513	0.127243	0	0	0	0.00109079	
0.964638	0.0185133	0	0.00476855	0.1267	0	0	0	0.00108712	
0.964567	0.0185265	0	0.00477196	0.12616	0	0	0	0.0010835	
0.964497	0.0185397	0	0.00477535	0.125622	0	0	0	0.00107991	
0.964426	0.0185528	0	0.00477872	0.125086	0	0	0	0.00107637	
0.964355	0.0185658	0	0.00478208	0.124552	0	0	0	0.00107287	
0.964284	0.0185788	0	0.00478543	0.124021	0	0	0	0.00106941	
0.964214	0.0185917	0	0.00478875	0.123492	0	0	0	0.001066	
0.964143	0.0186046	0	0.00479207	0.122966	0	0	0	0.00106262	
0.964072	0.0186174	0	0.00479536	0.122441	0	0	0	0.00105928	
0.964001	0.0186301	0	0.00479864	0.121919	0	0	0	0.00105598	
0.963931	0.0186428	0	0.00480191	0.121399	0	0	0	0.00105272	
0.96386	0.0186554	0	0.00480516	0.120881	0	0	0	0.0010495	
0.963789	0.0186679	0	0.00480839	0.120366	0	0	0	0.00104631	
0.963719	0.0186804	0	0.00481161	0.119852	0	0	0	0.00104316	
0.963648	0.0186929	0	0.00481481	0.119341	0	0	0	0.00104005	
0.963577	0.0187052	0	0.004818	0.118832	0	0	0	0.00103698	
0.963506	0.0187176	0	0.00482118	0.118325	0	0	0	0.00103394	
0.963436	0.0187298	0	0.00482433	0.117821	0	0	0	0.00103094	
0.963365	0.018742	0	0.00482748	0.117318	0	0	0	0.00102797	
0.963294	0.0187542	0	0.00483061	0.116818	0	0	0	0.00102504	
0.963224	0.0187663	0	0.00483372	0.11632	0	0	0	0.00102214	
0.963153	0.0187783	0	0.00483682	0.115824	0	0	0	0.00101927	
0.963082	0.0187903	0	0.0048399	0.11533	0	0	0	0.00101644	
0.963012	0.0188022	0	0.00484297	0.114838	0	0	0	0.00101365	
0.962941	0.018814	0	0.00484603	0.114348	0	0	0	0.00101088	
0.96287	0.0188259	0	0.00484907	0.11386	0	0	0	0.00100815	
0.9628	0.0188376	0	0.00485209	0.113375	0	0	0	0.00100545	
0.962729	0.0188493	0	0.0048551	0.112891	0	0	0	0.00100279	
0.962659	0.0188609	0	0.0048581	0.11241	0	0	0	0.00100015	
0.962588	0.0188725	0	0.00486108	0.111931	0	0	0	0.000997548	
0.962517	0.018884	0	0.00486405	0.111453	0	0	0	0.000994975	
0.962447	0.0188955	0	0.00486701	0.110978	0	0	0	0.000992434	
0.962376	0.0189069	0	0.00486995	0.110505	0	0	0	0.000989922	
0.962306	0.0189183	0	0.00487287	0.110033	0	0	0	0.000987441	
0.962235	0.0189296	0	0.00487579	0.109564	0	0	0	0.00098499	
0.962164	0.0189408	0	0.00487868	0.109097	0	0	0	0.000982569	
0.962094	0.018952	0	0.00488157	0.108632	0	0	0	0.000980177	
0.962023	0.0189632	0	0.00488444	0.108169	0	0	0	0.000977814	
0.961953	0.0189743	0	0.0048873	0.107707	0	0	0	0.00097548	
0.961882	0.0189853	0	0.00489014	0.107248	0	0	0	0.000973174	
0.961812	0.0189963	0	0.00489297	0.106791	0	0	0	0.000970897	
0.961741	0.0190072	0	0.00489578	0.106335	0	0	0	0.000968648	
0.96167	0.0190181	0	0.00489859	0.105882	0	0	0	0.000966427	
0.9616	0.0190289	0	0.00490138	0.10543	0	0	0	0.000964234	
0.961529	0.0190397	0	0.00490415	0.104981	0	0	0	0.000962067	
0.961459	0.0190504	0	0.00490691	0.104533	0	0	0	0.000959928	
0.961388	0.0190611	0	0.00490966	0.104088	0	0	0	0.000957816	
0.961318	0.0190717	0	0.0049124	0.103644	0	0	0	0.000955731	
0.961247	0.0190823	0	0.00491512	0.103202	0	0	0	0.000953672	
0.961177	0.0190928	0	0.00491783	0.102762	0	0	0	0.00095164	
0.961106	0.0191033	0	0.00492053	0.102324	0	0	0	0.000949633	
0.961036	0.0191137	0	0.00492321	0.101887	0	0	0	0.000947653	
0.960965	0.0191241	0	0.00492588	0.101453	0	0	0	0.000945698	
0.960895	0.0191344	0	0.00492854	0.10102	0	0	0	0.000943769	
0.960824	0.0191447	0	0.00493118	0.10059	0	0	0	0.000941865	
0.960754	0.0191549	0	0.00493381	0.100161	0	0	0	0.000939986	
0.960683	0.019165	0	0.00493643	0.0997338	0	0	0	0.000938133	
0.960613	0.0191752	0	0.00493904	0.0993086	0	0	0	0.000936304	
0.960542	0.0191852	0	0.00494163	0.0988852	0	0	0	0.0009345	
0.960472	0.0191953	0	0.00494422	0.0984636	0	0	0	0.00093272	
0.960402	0.0192052	0	0.00494678	0.0980438	0	0	0	0.000930965	
0.960331	0.0192152	0	0.00494934	0.0976259	0	0	0	0.000929233	
0.960261	0.019225	0	0.00495189	0.0972096	0	0	0	0.000927526	
0.96019	0.0192349	0	0.00495442	0.0967952	0	0	0	0.000925843	
0.96012	0.0192446	0	0.00495694	0.0963826	0	0	0	0.000924184	
0.960049	0.0192544	0	0.00495944	0.0959717	0	0	0	0.000922548	
0.959979	0.0192641	0	0.00496194	0.0955625	0	0	0	0.000920935	
0.959909	0.0192737	0	0.00496442	0.0951551	0	0	0	0.000919346	
0.959838	0.0192833	0	0.00496689	0.0947495	0	0	0	0.000917781	
0.959768	0.0192928	0	0.00496935	0.0943456	0	0	0	0.000916238	
0.959697	0.0193023	0	0.0049718	0.0939434	0	0	0	0.000914718	
0.959627	0.0193118	0	0.00497423	0.0935429	0	0	0	0.000913221	
0.959557	0.0193212	0	0.00497665	0.0931441	0	0	0	0.000911747	
0.959486	0.0193306	0	0.00497907	0.0927471	0	0	0	0.000910296	
0.959416	0.0193399	0	0.00498146	0.0923517	0	0	0	0.000908867	
0.959346	0.0193491	0	0.00498385	0.091958	0	0	0	0.000907461	
0.959275	0.0193584	0	0.00498623	0.091566	0	0	0	0.000906077	
0.959205	0.0193675	0	0.00498859	0.0911757	0	0	0	0.000904715	
0.959135	0.0193767	0	0.00499094	0.0907871	0	0	0	0.000903375	
0.959064	0.0193858	0	0.00499329	0.0904001	0	0	0	0.000902058	
0.958994	0.0193948	0	0.00499562	0.0900148	0	0	0	0.000900762	
0.958924	0.0194038	0	0.00499793	0.0896311	0	0	0	0.000899489	
0.958853	0.0194128	0	0.00500024	0.089249	0	0	0	0.000898237	
0.958783	0.0194217	0	0.00500254	0.0888686	0	0	0	0.000897007	
0.958713	0.0194306	0	0.00500482	0.0884898	0	0	0	0.000895799	
0.958642	0.0194394	0	0.00500709	0.0881126	0	0	0	0.000894612	
0.958572	0.0194482	0	0.00500935	0.0877371	0	0	0	0.000893447	
0.958502	0.0194569	0	0.00501161	0.0873631	0	0	0	0.000892303	
0.958431	0.0194656	0	0.00501385	0.0869907	0	0	0	0.000891181	
0.958361	0.0194742	0	0.00501607	0.08662	0	0	0	0.000890081	
0.958291	0.0194829	0	0.00501829	0.0862508	0	0	0	0.000889002	
0.958221	0.0194914	0	0.0050205	0.0858832	0	0	0	0.000887944	
0.95815	0.0194999	0	0.00502269	0.0855171	0	0	0	0.000886907	
0.95808	0.0195084	0	0.00502488	0.0851527	0	0	0	0.000885892	
0.95801	0.0195169	0	0.00502705	0.0847897	0	0	0	0.000884898	
0.95794	0.0195253	0	0.00502922	0.0844284	0	0	0	0.000883925	
0.957869	0.0195336	0	0.00503137	0.0840685	0	0	0	0.000882974	
0.957799	0.0195419	0	0.00503351	0.0837103	0	0	0	0.000882043	
0.957729	0.0195502	0	0.00503564	0.0833535	0	0	0	0.000881134	
0.957659	0.0195584	0	0.00503776	0.0829983	0	0	0	0.000880245	
0.957589	0.0195666	0	0.00503987	0.0826446	0	0	0	0.000879378	
0.957518	0.0195748	0	0.00504197	0.0822924	0	0	0	0.000878532	
0.957448	0.0195829	0	0.00504406	0.0819417	0	0	0	0.000877707	
0.957378	0.019591	0	0.00504614	0.0815925	0	0	0	0.000876904	
0.957308	0.019599	0	0.00504821	0.0812448	0	0	0	0.000876121	
0.957238	0.019607	0	0.00505027	0.0808985	0	0	0	0.000875359	
0.957167	0.0196149	0	0.00505231	0.0805538	0	0	0	0.000874619	
0.957097	0.0196229	0	0.00505435	0.0802105	0	0	0	0.0008739	
0.957027	0.0196307	0	0.00505638	0.0798687	0	0	0	0.000873202	
0.956957	0.0196386	0	0.0050584	0.0795284	0	0	0	0.000872525	
0.956887	0.0196464	0	0.00506041	0.0791895	0	0	0	0.000871869	
0.956816	0.0196541	0	0.0050624	0.078852	0	0	0	0.000871234	
0.956746	0.0196618	0	0.00506439	0.078516	0	0	0	0.000870621	
0.956676	0.0196695	0	0.00506637	0.0781815	0	0	0	0.000870029	
0.956606	0.0196771	0	0.00506834	0.0778484	0	0	0	0.000869459	
0.956536	0.0196847	0	0.00507029	0.0775166	0	0	0	0.00086891	
0.956466	0.0196923	0	0.00507224	0.0771863	0	0	0	0.000868382	
0.956396	0.0196998	0	0.00507418	0.0768575	0	0	0	0.000867876	
0.956326	0.0197073	0	0.00507611	0.07653	0	0	0	0.000867391	
0.956255	0.0197148	0	0.00507803	0.0762039	0	0	0	0.000866929	
0.956185	0.0197222	0	0.00507994	0.0758792	0	0	0	0.000866488	
0.956115	0.0197296	0	0.00508183	0.0755559	0	0	0	0.000866068	
0.956045	0.0197369	0	0.00508372	0.075234	0	0	0	0.000865671	
0.955975	0.0197442	0	0.0050856	0.0749135	0	0	0	0.000865295	
0.955905	0.0197515	0	0.00508748	0.0745943	0	0	0	0.000864942	
0.955835	0.0197587	0	0.00508934	0.0742765	0	0	0	0.000864611	
0.955765	0.0197659	0	0.00509119	0.07396	0	0	0	0.000864301	
0.955695	0.019773	0	0.00509303	0.0736449	0	0	0	0.000864015	
0.955625	0.0197801	0	0.00509487	0.0733312	0	0	0	0.000863751	
0.955555	0.0197872	0	0.00509669	0.0730188	0	0	0	0.000863509	
0.955485	0.0197943	0	0.0050985	0.0727077	0	0	0	0.00086329	
0.955415	0.0198013	0	0.00510031	0.072398	0	0	0	0.000863094	
0.955345	0.0198083	0	0.00510211	0.0720895	0	0	0	0.000862921	
0.955274	0.0198152	0	0.00510389	0.0717824	0	0	0	0.000862771	
0.955204	0.0198221	0	0.00510567	0.0714766	0	0	0	0.000862644	
0.955134	0.019829	0	0.00510744	0.0711722	0	0	0	0.000862541	
0.955064	0.0198358	0	0.0051092	0.070869	0	0	0	0.000862461	
0.954994	0.0198426	0	0.00511095	0.0705671	0	0	0	0.000862405	
0.954924	0.0198494	0	0.0051127	0.0702665	0	0	0	0.000862373	
0.954854	0.0198561	0	0.00511443	0.0699672	0	0	0	0.000862365	
0.954784	0.0198628	0	0.00511615	0.0696691	0	0	0	0.000862381	
0.954714	0.0198695	0	0.00511787	0.0693724	0	0	0	0.000862422	
0.954644	0.0198761	0	0.00511958	0.0690769	0	0	0	0.000862487	
0.954574	0.0198827	0	0.00512128	0.0687826	0	0	0	0.000862577	
0.954504	0.0198892	0	0.00512297	0.0684897	0	0	0	0.000862693	
0.954435	0.0198958	0	0.00512465	0.068198	0	0	0	0.000862833	
0.954365	0.0199023	0	0.00512632	0.0679075	0	0	0	0.000863	
0.954295	0.0199087	0	0.00512799	0.0676182	0	0	0	0.000863192	
0.954225	0.0199152	0	0.00512964	0.0673302	0	0	0	0.00086341	
0.954155	0.0199215	0	0.00513129	0.0670435	0	0	0	0.000863654	
0.954085	0.0199279	0	0.00513293	0.0667579	0	0	0	0.000863926	
0.954015	0.0199342	0	0.00513456	0.0664736	0	0	0	0.000864224	
0.953945	0.0199405	0	0.00513618	0.0661905	0	0	0	0.000864549	
0.953875	0.0199468	0	0.00513779	0.0659086	0	0	0	0.000864902	
0.953805	0.019953	0	0.0051394	0.0656279	0	0	0	0.000865282	
0.953735	0.0199592	0	0.00514099	0.0653484	0	0	0	0.000865691	
0.953665	0.0199654	0	0.00514258	0.0650701	0	0	0	0.000866129	
0.953595	0.0199715	0	0.00514416	0.064793	0	0	0	0.000866595	
0.953525	0.0199776	0	0.00514574	0.0645171	0	0	0	0.00086709	
0.953456	0.0199837	0	0.0051473	0.0642423	0	0	0	0.000867615	
0.953386	0.0199898	0	0.00514886	0.0639688	0	0	0	0.000868171	
0.953316	0.0199958	0	0.00515041	0.0636964	0	0	0	0.000868756	
0.953246	0.0200018	0	0.00515195	0.0634251	0	0	0	0.000869373	
0.953176	0.0200077	0	0.00515348	0.0631551	0	0	0	0.000870021	
0.953106	0.0200136	0	0.005155	0.0628861	0	0	0	0.0008707	
0.953036	0.0200195	0	0.00515652	0.0626184	0	0	0	0.000871413	
0.952967	0.0200254	0	0.00515803	0.0623517	0	0	0	0.000872158	
0.952897	0.0200312	0	0.00515953	0.0620862	0	0	0	0.000872936	
0.952827	0.020037	0	0.00516102	0.0618219	0	0	0	0.000873748	
0.952757	0.0200428	0	0.00516251	0.0615587	0	0	0	0.000874595	
0.952687	0.0200485	0	0.00516399	0.0612966	0	0	0	0.000875477	
0.952617	0.0200542	0	0.00516546	0.0610356	0	0	0	0.000876394	
0.952548	0.0200599	0	0.00516692	0.0607757	0	0	0	0.000877348	
0.952478	0.0200655	0	0.00516837	0.060517	0	0	0	0.00087834	
0.952408	0.0200711	0	0.00516982	0.0602593	0	0	0	0.000879368	
0.952338	0.0200767	0	0.00517126	0.0600028	0	0	0	0.000880436	
0.952268	0.0200823	0	0.00517269	0.0597473	0	0	0	0.000881543	
0.952199	0.0200878	0	0.00517412	0.059493	0	0	0	0.00088269	
0.952129	0.0200933	0	0.00517553	0.0592397	0	0	0	0.000883877	
0.952059	0.0200988	0	0.00517694	0.0589875	0	0	0	0.000885107	
0.951989	0.0201043	0	0.00517835	0.0587364	0	0	0	0.00088638	
0.951919	0.0201097	0	0.00517974	0.0584864	0	0	0	0.000887696	
0.95185	0.0201151	0	0.00518113	0.0582374	0	0	0	0.000889057	
0.95178	0.0201204	0	0.00518251	0.0579895	0	0	0	0.000890464	
0.95171	0.0201258	0	0.00518389	0.0577426	0	0	0	0.000891918	
0.95164	0.0201311	0	0.00518525	0.0574969	0	0	0	0.000893421	
0.951571	0.0201363	0	0.00518661	0.0572521	0	0	0	0.000894973	
0.951501	0.0201416	0	0.00518796	0.0570084	0	0	0	0.000896575	
0.951431	0.0201468	0	0.00518931	0.0567658	0	0	0	0.00089823	
0.951362	0.020152	0	0.00519065	0.0565242	0	0	0	0.000899939	
0.951292	0.0201572	0	0.00519198	0.0562836	0	0	0	0.000901703	
0.951222	0.0201623	0	0.0051933	0.056044	0	0	0	0.000903523	
0.951152	0.0201674	0	0.00519462	0.0558055	0	0	0	0.000905403	
0.951083	0.0201725	0	0.00519593	0.055568	0	0	0	0.000907343	
0.951013	0.0201776	0	0.00519723	0.0553315	0	0	0	0.000909345	
0.950943	0.0201826	0	0.00519853	0.0550961	0	0	0	0.000911413	
0.950874	0.0201876	0	0.00519982	0.0548616	0	0	0	0.000913547	
0.950804	0.0201926	0	0.0052011	0.0546281	0	0	0	0.00091575	
0.950734	0.0201976	0	0.00520238	0.0543957	0	0	0	0.000918025	
0.950665	0.0202025	0	0.00520365	0.0541642	0	0	0	0.000920375	
0.950595	0.0202074	0	0.00520491	0.0539337	0	0	0	0.000922803	
0.950525	0.0202123	0	0.00520617	0.0537042	0	0	0	0.000925311	
0.950456	0.0202171	0	0.00520742	0.0534757	0	0	0	0.000927904	
0.950386	0.020222	0	0.00520866	0.0532481	0	0	0	0.000930584	
0.950316	0.0202268	0	0.0052099	0.0530216	0	0	0	0.000933357	
0.950247	0.0202315	0	0.00521113	0.052796	0	0	0	0.000936226	
0.950177	0.0202363	0	0.00521236	0.0525714	0	0	0	0.000939195	
0.950108	0.020241	0	0.00521357	0.0523477	0	0	0	0.000942271	
0.950038	0.0202457	0	0.00521479	0.052125	0	0	0	0.000945459	
0.949968	0.0202504	0	0.00521599	0.0519032	0	0	0	0.000948765	
0.949899	0.0202551	0	0.00521719	0.0516824	0	0	0	0.000952195	
0.949829	0.0202597	0	0.00521838	0.0514626	0	0	0	0.000955758	
0.94976	0.0202643	0	0.00521957	0.0512436	0	0	0	0.000959461	
0.94969	0.0202689	0	0.00522075	0.0510257	0	0	0	0.000963313	
0.94962	0.0202734	0	0.00522193	0.0508086	0	0	0	0.000967325	
0.949551	0.020278	0	0.00522309	0.0505925	0	0	0	0.000971507	
0.949481	0.0202825	0	0.00522426	0.0503773	0	0	0	0.000975872	
0.949412	0.020287	0	0.00522541	0.050163	0	0	0	0.000980435	
0.949342	0.0202915	0	0.00522657	0.0499497	0	0	0	0.000985209	
0.949273	0.0202959	0	0.00522771	0.0497372	0	0	0	0.000990214	
