1	0	0	0	1	0	0	0	1	
0.999852	1.73872e-06	0	5.49662e-07	0.996328	0	0	0	0.976138	
0.999706	6.80827e-06	0	2.1533e-06	0.992699	0	0	0	0.953245	
0.99956	1.50129e-05	0	4.74804e-06	0.989088	0	0	0	0.930894	
0.999415	2.61636e-05	0	8.27415e-06	0.985495	0	0	0	0.909072	
0.99927	4.00878e-05	0	1.2677e-05	0.98192	0	0	0	0.887767	
0.999126	5.66271e-05	0	1.79067e-05	0.978361	0	0	0	0.866967	
0.998983	7.56361e-05	0	2.39171e-05	0.974819	0	0	0	0.846658	
0.99884	9.69806e-05	0	3.06658e-05	0.971294	0	0	0	0.82683	
0.998698	0.000120536	0	3.81136e-05	0.967785	0	0	0	0.807471	
0.998556	0.000146188	0	4.62239e-05	0.964292	0	0	0	0.78857	
0.998415	0.000173827	0	5.49628e-05	0.960814	0	0	0	0.770115	
0.998274	0.000203356	0	6.42988e-05	0.957352	0	0	0	0.752097	
0.998133	0.000234679	0	7.42021e-05	0.953906	0	0	0	0.734504	
0.997993	0.000267709	0	8.4645e-05	0.950475	0	0	0	0.717327	
0.997853	0.000302363	0	9.56015e-05	0.947058	0	0	0	0.700555	
0.997714	0.000338565	0	0.000107047	0.943657	0	0	0	0.68418	
0.997575	0.00037624	0	0.000118959	0.94027	0	0	0	0.668191	
0.997436	0.00041532	0	0.000131314	0.936898	0	0	0	0.652579	
0.997298	0.000455739	0	0.000144093	0.93354	0	0	0	0.637336	
0.99716	0.000497436	0	0.000157276	0.930196	0	0	0	0.622452	
0.997022	0.000540352	0	0.000170844	0.926866	0	0	0	0.60792	
0.996884	0.00058443	0	0.00018478	0.923551	0	0	0	0.59373	
0.996747	0.000629619	0	0.000199067	0.920249	0	0	0	0.579875	
0.99661	0.000675867	0	0.000213688	0.91696	0	0	0	0.566346	
0.996474	0.000723127	0	0.00022863	0.913686	0	0	0	0.553136	
0.996337	0.000771353	0	0.000243877	0.910424	0	0	0	0.540238	
0.996201	0.0008205	0	0.000259415	0.907176	0	0	0	0.527644	
0.996065	0.000870528	0	0.000275231	0.903941	0	0	0	0.515346	
0.99593	0.000921395	0	0.000291313	0.90072	0	0	0	0.503338	
0.995794	0.000973065	0	0.000307649	0.897511	0	0	0	0.491613	
0.995659	0.0010255	0	0.000324226	0.894315	0	0	0	0.480164	
0.995524	0.00107867	0	0.000341035	0.891132	0	0	0	0.468984	
0.995389	0.00113253	0	0.000358064	0.887962	0	0	0	0.458068	
0.995255	0.00118705	0	0.000375302	0.884804	0	0	0	0.447409	
0.99512	0.00124221	0	0.000392741	0.881659	0	0	0	0.437	
0.994986	0.00129798	0	0.000410371	0.878526	0	0	0	0.426837	
0.994852	0.00135432	0	0.000428183	0.875405	0	0	0	0.416912	
0.994718	0.00141121	0	0.000446169	0.872297	0	0	0	0.407221	
0.994584	0.00146862	0	0.000464319	0.869201	0	0	0	0.397758	
0.994451	0.00152652	0	0.000482626	0.866117	0	0	0	0.388518	
0.994317	0.0015849	0	0.000501082	0.863045	0	0	0	0.379495	
0.994184	0.00164373	0	0.00051968	0.859984	0	0	0	0.370684	
0.994051	0.00170298	0	0.000538414	0.856936	0	0	0	0.36208	
0.993918	0.00176264	0	0.000557274	0.853899	0	0	0	0.353679	
0.993786	0.00182268	0	0.000576257	0.850875	0	0	0	0.345475	
0.993653	0.00188309	0	0.000595354	0.847861	0	0	0	0.337463	
0.99352	0.00194384	0	0.00061456	0.844859	0	0	0	0.32964	
0.993388	0.00200491	0	0.000633869	0.841869	0	0	0	0.322001	
0.993256	0.00206629	0	0.000653275	0.83889	0	0	0	0.314541	
0.993124	0.00212797	0	0.000672773	0.835922	0	0	0	0.307257	
0.992992	0.00218991	0	0.000692358	0.832966	0	0	0	0.300143	
0.99286	0.00225212	0	0.000712024	0.830021	0	0	0	0.293196	
0.992728	0.00231457	0	0.000731766	0.827087	0	0	0	0.286413	
0.992597	0.00237724	0	0.000751581	0.824164	0	0	0	0.279789	
0.992465	0.00244012	0	0.000771462	0.821252	0	0	0	0.27332	
0.992334	0.00250321	0	0.000791406	0.818351	0	0	0	0.267003	
0.992203	0.00256648	0	0.000811409	0.815461	0	0	0	0.260834	
0.992071	0.00262992	0	0.000831466	0.812582	0	0	0	0.25481	
0.99194	0.00269352	0	0.000851574	0.809713	0	0	0	0.248927	
0.991809	0.00275727	0	0.000871728	0.806855	0	0	0	0.243182	
0.991678	0.00282116	0	0.000891925	0.804008	0	0	0	0.237572	
0.991548	0.00288516	0	0.000912161	0.801171	0	0	0	0.232093	
0.991417	0.00294929	0	0.000932434	0.798345	0	0	0	0.226743	
0.991286	0.00301351	0	0.000952739	0.79553	0	0	0	0.221519	
0.991156	0.00307783	0	0.000973073	0.792725	0	0	0	0.216416	
0.991025	0.00314223	0	0.000993433	0.78993	0	0	0	0.211433	
0.990895	0.00320671	0	0.00101382	0.787145	0	0	0	0.206567	
0.990765	0.00327125	0	0.00103422	0.784371	0	0	0	0.201815	
0.990635	0.00333584	0	0.00105464	0.781607	0	0	0	0.197175	
0.990504	0.00340049	0	0.00107508	0.778854	0	0	0	0.192642	
0.990374	0.00346517	0	0.00109553	0.77611	0	0	0	0.188216	
0.990244	0.00352988	0	0.00111599	0.773376	0	0	0	0.183894	
0.990115	0.00359461	0	0.00113645	0.770653	0	0	0	0.179673	
0.989985	0.00365936	0	0.00115692	0.767939	0	0	0	0.17555	
0.989855	0.00372412	0	0.0011774	0.765236	0	0	0	0.171525	
0.989725	0.00378888	0	0.00119787	0.762542	0	0	0	0.167593	
0.989596	0.00385364	0	0.00121834	0.759858	0	0	0	0.163753	
0.989466	0.00391838	0	0.00123881	0.757184	0	0	0	0.160003	
0.989337	0.00398311	0	0.00125927	0.75452	0	0	0	0.156341	
0.989207	0.00404781	0	0.00127973	0.751865	0	0	0	0.152764	
0.989078	0.00411248	0	0.00130018	0.74922	0	0	0	0.149271	
0.988949	0.00417712	0	0.00132061	0.746585	0	0	0	0.145859	
0.988819	0.00424171	0	0.00134103	0.743959	0	0	0	0.142528	
0.98869	0.00430626	0	0.00136144	0.741343	0	0	0	0.139274	
0.988561	0.00437076	0	0.00138183	0.738736	0	0	0	0.136096	
0.988432	0.0044352	0	0.0014022	0.736138	0	0	0	0.132992	
0.988303	0.00449958	0	0.00142256	0.73355	0	0	0	0.129961	
0.988174	0.00456389	0	0.00144289	0.730972	0	0	0	0.127	
0.988045	0.00462814	0	0.0014632	0.728403	0	0	0	0.124109	
0.987916	0.00469231	0	0.00148349	0.725843	0	0	0	0.121285	
0.987787	0.0047564	0	0.00150375	0.723292	0	0	0	0.118527	
0.987659	0.00482041	0	0.00152399	0.72075	0	0	0	0.115834	
0.98753	0.00488433	0	0.0015442	0.718218	0	0	0	0.113203	
0.987401	0.00494817	0	0.00156438	0.715695	0	0	0	0.110633	
0.987273	0.00501191	0	0.00158453	0.71318	0	0	0	0.108124	
0.987144	0.00507555	0	0.00160465	0.710675	0	0	0	0.105673	
0.987016	0.00513909	0	0.00162474	0.708179	0	0	0	0.103279	
0.986887	0.00520253	0	0.00164479	0.705692	0	0	0	0.100941	
0.986759	0.00526586	0	0.00166482	0.703214	0	0	0	0.0986572	
0.98663	0.00532908	0	0.0016848	0.700744	0	0	0	0.0964268	
0.986502	0.00539219	0	0.00170476	0.698284	0	0	0	0.0942483	
0.986374	0.00545519	0	0.00172467	0.695832	0	0	0	0.0921205	
0.986246	0.00551806	0	0.00174455	0.693389	0	0	0	0.0900422	
0.986117	0.00558082	0	0.00176439	0.690955	0	0	0	0.0880123	
0.985989	0.00564345	0	0.00178419	0.688529	0	0	0	0.0860297	
0.985861	0.00570596	0	0.00180395	0.686113	0	0	0	0.0840931	
0.985733	0.00576834	0	0.00182367	0.683705	0	0	0	0.0822016	
0.985605	0.00583059	0	0.00184335	0.681305	0	0	0	0.0803541	
0.985477	0.0058927	0	0.00186299	0.678914	0	0	0	0.0785496	
0.985349	0.00595468	0	0.00188259	0.676532	0	0	0	0.076787	
0.985221	0.00601653	0	0.00190214	0.674158	0	0	0	0.0750653	
0.985093	0.00607824	0	0.00192165	0.671792	0	0	0	0.0733836	
0.984965	0.00613981	0	0.00194111	0.669435	0	0	0	0.071741	
0.984838	0.00620123	0	0.00196053	0.667087	0	0	0	0.0701366	
0.98471	0.00626251	0	0.00197991	0.664746	0	0	0	0.0685694	
0.984582	0.00632365	0	0.00199923	0.662415	0	0	0	0.0670385	
0.984454	0.00638464	0	0.00201852	0.660091	0	0	0	0.0655432	
0.984327	0.00644549	0	0.00203775	0.657776	0	0	0	0.0640826	
0.984199	0.00650618	0	0.00205694	0.655468	0	0	0	0.0626559	
0.984071	0.00656672	0	0.00207608	0.65317	0	0	0	0.0612622	
0.983944	0.00662711	0	0.00209517	0.650879	0	0	0	0.0599008	
0.983816	0.00668735	0	0.00211421	0.648596	0	0	0	0.058571	
0.983689	0.00674743	0	0.00213321	0.646322	0	0	0	0.057272	
0.983561	0.00680735	0	0.00215215	0.644055	0	0	0	0.0560031	
0.983434	0.00686712	0	0.00217105	0.641797	0	0	0	0.0547636	
0.983306	0.00692673	0	0.0021899	0.639547	0	0	0	0.0535527	
0.983179	0.00698618	0	0.00220869	0.637304	0	0	0	0.0523699	
0.983052	0.00704547	0	0.00222743	0.63507	0	0	0	0.0512145	
0.982924	0.0071046	0	0.00224613	0.632843	0	0	0	0.0500857	
0.982797	0.00716357	0	0.00226477	0.630625	0	0	0	0.0489831	
0.98267	0.00722237	0	0.00228336	0.628414	0	0	0	0.047906	
0.982543	0.00728101	0	0.0023019	0.626211	0	0	0	0.0468537	
0.982415	0.00733949	0	0.00232039	0.624016	0	0	0	0.0458258	
0.982288	0.0073978	0	0.00233882	0.621829	0	0	0	0.0448216	
0.982161	0.00745595	0	0.00235721	0.619649	0	0	0	0.0438406	
0.982034	0.00751392	0	0.00237554	0.617477	0	0	0	0.0428822	
0.981907	0.00757174	0	0.00239381	0.615313	0	0	0	0.041946	
0.98178	0.00762938	0	0.00241204	0.613157	0	0	0	0.0410313	
0.981653	0.00768686	0	0.00243021	0.611008	0	0	0	0.0401378	
0.981526	0.00774417	0	0.00244833	0.608867	0	0	0	0.0392648	
0.981399	0.00780131	0	0.00246639	0.606733	0	0	0	0.0384119	
0.981272	0.00785827	0	0.0024844	0.604607	0	0	0	0.0375787	
0.981145	0.00791507	0	0.00250236	0.602488	0	0	0	0.0367647	
0.981018	0.0079717	0	0.00252026	0.600377	0	0	0	0.0359694	
0.980891	0.00802816	0	0.00253811	0.598273	0	0	0	0.0351925	
0.980764	0.00808445	0	0.00255591	0.596177	0	0	0	0.0344334	
0.980637	0.00814056	0	0.00257365	0.594088	0	0	0	0.0336917	
0.980511	0.00819651	0	0.00259133	0.592007	0	0	0	0.0329671	
0.980384	0.00825228	0	0.00260897	0.589932	0	0	0	0.0322592	
0.980257	0.00830788	0	0.00262654	0.587866	0	0	0	0.0315675	
0.98013	0.00836331	0	0.00264407	0.585806	0	0	0	0.0308917	
0.980004	0.00841856	0	0.00266153	0.583754	0	0	0	0.0302314	
0.979877	0.00847364	0	0.00267895	0.581709	0	0	0	0.0295862	
0.97975	0.00852855	0	0.00269631	0.579671	0	0	0	0.0289559	
0.979624	0.00858329	0	0.00271361	0.57764	0	0	0	0.02834	
0.979497	0.00863785	0	0.00273086	0.575617	0	0	0	0.0277382	
0.97937	0.00869224	0	0.00274806	0.573601	0	0	0	0.0271502	
0.979244	0.00874646	0	0.0027652	0.571591	0	0	0	0.0265757	
0.979117	0.0088005	0	0.00278228	0.569589	0	0	0	0.0260143	
0.978991	0.00885437	0	0.00279931	0.567594	0	0	0	0.0254657	
0.978864	0.00890807	0	0.00281629	0.565606	0	0	0	0.0249297	
0.978738	0.00896159	0	0.00283321	0.563625	0	0	0	0.024406	
0.978611	0.00901494	0	0.00285008	0.561651	0	0	0	0.0238942	
0.978485	0.00906812	0	0.00286689	0.559684	0	0	0	0.0233941	
0.978359	0.00912112	0	0.00288365	0.557724	0	0	0	0.0229054	
0.978232	0.00917395	0	0.00290035	0.55577	0	0	0	0.0224279	
0.978106	0.0092266	0	0.002917	0.553824	0	0	0	0.0219612	
0.97798	0.00927909	0	0.00293359	0.551884	0	0	0	0.0215052	
0.977853	0.0093314	0	0.00295012	0.549952	0	0	0	0.0210596	
0.977727	0.00938353	0	0.00296661	0.548026	0	0	0	0.0206241	
0.977601	0.0094355	0	0.00298304	0.546107	0	0	0	0.0201986	
0.977475	0.00948729	0	0.00299941	0.544194	0	0	0	0.0197827	
0.977348	0.00953891	0	0.00301573	0.542289	0	0	0	0.0193762	
0.977222	0.00959035	0	0.00303199	0.54039	0	0	0	0.0189791	
0.977096	0.00964163	0	0.0030482	0.538497	0	0	0	0.0185909	
0.97697	0.00969273	0	0.00306436	0.536612	0	0	0	0.0182115	
0.976844	0.00974366	0	0.00308046	0.534733	0	0	0	0.0178408	
0.976718	0.00979442	0	0.00309651	0.53286	0	0	0	0.0174784	
0.976592	0.00984501	0	0.0031125	0.530995	0	0	0	0.0171243	
0.976466	0.00989542	0	0.00312844	0.529135	0	0	0	0.0167782	
0.976339	0.00994567	0	0.00314433	0.527283	0	0	0	0.0164399	
0.976213	0.00999574	0	0.00316016	0.525437	0	0	0	0.0161093	
0.976087	0.0100456	0	0.00317593	0.523597	0	0	0	0.0157861	
0.975961	0.0100954	0	0.00319166	0.521764	0	0	0	0.0154703	
0.975836	0.0101449	0	0.00320733	0.519937	0	0	0	0.0151616	
0.97571	0.0101943	0	0.00322294	0.518116	0	0	0	0.0148598	
0.975584	0.0102436	0	0.0032385	0.516303	0	0	0	0.0145649	
0.975458	0.0102926	0	0.00325401	0.514495	0	0	0	0.0142766	
0.975332	0.0103415	0	0.00326947	0.512694	0	0	0	0.0139948	
0.975206	0.0103902	0	0.00328487	0.510899	0	0	0	0.0137193	
0.97508	0.0104388	0	0.00330022	0.50911	0	0	0	0.0134501	
0.974954	0.0104872	0	0.00331551	0.507328	0	0	0	0.0131868	
0.974829	0.0105354	0	0.00333076	0.505552	0	0	0	0.0129295	
0.974703	0.0105834	0	0.00334595	0.503782	0	0	0	0.012678	
0.974577	0.0106313	0	0.00336108	0.502018	0	0	0	0.0124322	
0.974451	0.010679	0	0.00337617	0.500261	0	0	0	0.0121918	
0.974326	0.0107265	0	0.0033912	0.49851	0	0	0	0.0119568	
0.9742	0.0107739	0	0.00340618	0.496765	0	0	0	0.0117271	
0.974074	0.0108211	0	0.0034211	0.495026	0	0	0	0.0115025	
0.973949	0.0108682	0	0.00343598	0.493293	0	0	0	0.0112829	
0.973823	0.0109151	0	0.0034508	0.491566	0	0	0	0.0110683	
0.973697	0.0109618	0	0.00346557	0.489845	0	0	0	0.0108584	
0.973572	0.0110084	0	0.00348029	0.488131	0	0	0	0.0106532	
0.973446	0.0110547	0	0.00349496	0.486422	0	0	0	0.0104526	
0.973321	0.011101	0	0.00350957	0.48472	0	0	0	0.0102564	
0.973195	0.011147	0	0.00352413	0.483023	0	0	0	0.0100647	
0.97307	0.0111929	0	0.00353865	0.481332	0	0	0	0.00987713	
0.972944	0.0112387	0	0.00355311	0.479647	0	0	0	0.00969377	
0.972819	0.0112843	0	0.00356752	0.477968	0	0	0	0.00951448	
0.972693	0.0113297	0	0.00358187	0.476296	0	0	0	0.00933916	
0.972568	0.0113749	0	0.00359618	0.474628	0	0	0	0.00916773	
0.972442	0.01142	0	0.00361044	0.472967	0	0	0	0.00900009	
0.972317	0.011465	0	0.00362464	0.471312	0	0	0	0.00883615	
0.972192	0.0115097	0	0.0036388	0.469662	0	0	0	0.00867584	
0.972066	0.0115543	0	0.0036529	0.468018	0	0	0	0.00851906	
0.971941	0.0115988	0	0.00366696	0.46638	0	0	0	0.00836575	
0.971816	0.0116431	0	0.00368096	0.464748	0	0	0	0.0082158	
0.97169	0.0116872	0	0.00369491	0.463121	0	0	0	0.00806916	
0.971565	0.0117312	0	0.00370882	0.461501	0	0	0	0.00792574	
0.97144	0.011775	0	0.00372267	0.459885	0	0	0	0.00778547	
0.971315	0.0118187	0	0.00373648	0.458276	0	0	0	0.00764828	
0.971189	0.0118622	0	0.00375023	0.456672	0	0	0	0.0075141	
0.971064	0.0119055	0	0.00376394	0.455074	0	0	0	0.00738285	
0.970939	0.0119487	0	0.00377759	0.453481	0	0	0	0.00725448	
0.970814	0.0119918	0	0.0037912	0.451894	0	0	0	0.0071289	
0.970689	0.0120347	0	0.00380476	0.450312	0	0	0	0.00700607	
0.970564	0.0120774	0	0.00381827	0.448737	0	0	0	0.00688592	
0.970439	0.01212	0	0.00383173	0.447166	0	0	0	0.00676838	
0.970313	0.0121624	0	0.00384514	0.445601	0	0	0	0.0066534	
0.970188	0.0122047	0	0.0038585	0.444042	0	0	0	0.00654092	
0.970063	0.0122468	0	0.00387181	0.442488	0	0	0	0.00643088	
0.969938	0.0122887	0	0.00388508	0.440939	0	0	0	0.00632322	
0.969813	0.0123305	0	0.0038983	0.439396	0	0	0	0.00621789	
0.969688	0.0123722	0	0.00391147	0.437859	0	0	0	0.00611484	
0.969563	0.0124137	0	0.00392459	0.436326	0	0	0	0.00601402	
0.969438	0.0124551	0	0.00393767	0.434799	0	0	0	0.00591537	
0.969313	0.0124963	0	0.00395069	0.433278	0	0	0	0.00581885	
0.969188	0.0125373	0	0.00396367	0.431762	0	0	0	0.0057244	
0.969064	0.0125782	0	0.00397661	0.430251	0	0	0	0.00563198	
0.968939	0.012619	0	0.00398949	0.428745	0	0	0	0.00554154	
0.968814	0.0126596	0	0.00400233	0.427245	0	0	0	0.00545305	
0.968689	0.0127001	0	0.00401512	0.42575	0	0	0	0.00536644	
0.968564	0.0127404	0	0.00402787	0.42426	0	0	0	0.00528169	
0.968439	0.0127806	0	0.00404057	0.422775	0	0	0	0.00519875	
0.968315	0.0128206	0	0.00405322	0.421296	0	0	0	0.00511757	
0.96819	0.0128604	0	0.00406582	0.419822	0	0	0	0.00503812	
0.968065	0.0129002	0	0.00407838	0.418353	0	0	0	0.00496036	
0.96794	0.0129398	0	0.0040909	0.416889	0	0	0	0.00488425	
0.967816	0.0129792	0	0.00410336	0.41543	0	0	0	0.00480975	
0.967691	0.0130185	0	0.00411579	0.413977	0	0	0	0.00473683	
0.967566	0.0130576	0	0.00412816	0.412528	0	0	0	0.00466544	
0.967442	0.0130966	0	0.00414049	0.411084	0	0	0	0.00459557	
0.967317	0.0131355	0	0.00415278	0.409646	0	0	0	0.00452716	
0.967192	0.0131742	0	0.00416502	0.408213	0	0	0	0.00446019	
0.967068	0.0132128	0	0.00417721	0.406784	0	0	0	0.00439463	
0.966943	0.0132512	0	0.00418937	0.405361	0	0	0	0.00433044	
0.966818	0.0132895	0	0.00420147	0.403943	0	0	0	0.0042676	
0.966694	0.0133277	0	0.00421353	0.402529	0	0	0	0.00420606	
0.966569	0.0133657	0	0.00422555	0.401121	0	0	0	0.00414581	
0.966445	0.0134035	0	0.00423752	0.399717	0	0	0	0.00408681	
0.96632	0.0134413	0	0.00424945	0.398319	0	0	0	0.00402904	
0.966196	0.0134789	0	0.00426133	0.396925	0	0	0	0.00397247	
0.966071	0.0135163	0	0.00427317	0.395536	0	0	0	0.00391707	
0.965947	0.0135536	0	0.00428497	0.394152	0	0	0	0.00386281	
0.965823	0.0135908	0	0.00429672	0.392773	0	0	0	0.00380968	
0.965698	0.0136278	0	0.00430843	0.391399	0	0	0	0.00375763	
0.965574	0.0136647	0	0.00432009	0.39003	0	0	0	0.00370666	
0.965449	0.0137015	0	0.00433172	0.388665	0	0	0	0.00365673	
0.965325	0.0137381	0	0.0043433	0.387305	0	0	0	0.00360783	
0.965201	0.0137746	0	0.00435483	0.38595	0	0	0	0.00355992	
0.965076	0.013811	0	0.00436633	0.3846	0	0	0	0.00351299	
0.964952	0.0138472	0	0.00437778	0.383254	0	0	0	0.00346701	
0.964828	0.0138833	0	0.00438918	0.381913	0	0	0	0.00342197	
0.964704	0.0139192	0	0.00440055	0.380577	0	0	0	0.00337784	
0.964579	0.013955	0	0.00441187	0.379246	0	0	0	0.00333461	
0.964455	0.0139907	0	0.00442315	0.377919	0	0	0	0.00329225	
0.964331	0.0140263	0	0.00443439	0.376597	0	0	0	0.00325074	
0.964207	0.0140617	0	0.00444559	0.375279	0	0	0	0.00321006	
0.964082	0.014097	0	0.00445675	0.373966	0	0	0	0.0031702	
0.963958	0.0141321	0	0.00446786	0.372658	0	0	0	0.00313114	
0.963834	0.0141671	0	0.00447893	0.371354	0	0	0	0.00309286	
0.96371	0.014202	0	0.00448996	0.370055	0	0	0	0.00305534	
0.963586	0.0142368	0	0.00450095	0.36876	0	0	0	0.00301856	
0.963462	0.0142714	0	0.0045119	0.36747	0	0	0	0.00298252	
0.963338	0.0143059	0	0.00452281	0.366185	0	0	0	0.00294718	
0.963214	0.0143403	0	0.00453368	0.364903	0	0	0	0.00291255	
0.96309	0.0143745	0	0.0045445	0.363627	0	0	0	0.00287859	
0.962966	0.0144087	0	0.00455529	0.362355	0	0	0	0.00284531	
0.962842	0.0144427	0	0.00456603	0.361087	0	0	0	0.00281267	
0.962718	0.0144765	0	0.00457674	0.359824	0	0	0	0.00278068	
0.962594	0.0145102	0	0.0045874	0.358565	0	0	0	0.0027493	
0.96247	0.0145439	0	0.00459803	0.357311	0	0	0	0.00271854	
0.962346	0.0145773	0	0.00460861	0.356061	0	0	0	0.00268838	
0.962222	0.0146107	0	0.00461916	0.354815	0	0	0	0.00265879	
0.962098	0.0146439	0	0.00462967	0.353574	0	0	0	0.00262978	
0.961974	0.014677	0	0.00464013	0.352337	0	0	0	0.00260133	
0.96185	0.01471	0	0.00465056	0.351104	0	0	0	0.00257342	
0.961726	0.0147429	0	0.00466095	0.349876	0	0	0	0.00254605	
0.961603	0.0147756	0	0.00467129	0.348652	0	0	0	0.0025192	
0.961479	0.0148082	0	0.0046816	0.347432	0	0	0	0.00249286	
0.961355	0.0148407	0	0.00469187	0.346217	0	0	0	0.00246702	
0.961231	0.0148731	0	0.00470211	0.345006	0	0	0	0.00244166	
0.961107	0.0149053	0	0.0047123	0.343799	0	0	0	0.00241679	
0.960984	0.0149374	0	0.00472246	0.342596	0	0	0	0.00239239	
0.96086	0.0149694	0	0.00473257	0.341398	0	0	0	0.00236844	
0.960736	0.0150013	0	0.00474265	0.340204	0	0	0	0.00234494	
0.960613	0.0150331	0	0.00475269	0.339014	0	0	0	0.00232188	
0.960489	0.0150647	0	0.00476269	0.337828	0	0	0	0.00229925	
0.960365	0.0150962	0	0.00477266	0.336646	0	0	0	0.00227704	
0.960242	0.0151276	0	0.00478258	0.335468	0	0	0	0.00225524	
0.960118	0.0151589	0	0.00479247	0.334295	0	0	0	0.00223384	
0.959994	0.0151901	0	0.00480233	0.333126	0	0	0	0.00221283	
0.959871	0.0152211	0	0.00481214	0.33196	0	0	0	0.00219221	
0.959747	0.015252	0	0.00482192	0.330799	0	0	0	0.00217197	
0.959624	0.0152828	0	0.00483166	0.329642	0	0	0	0.00215209	
0.9595	0.0153135	0	0.00484136	0.328489	0	0	0	0.00213257	
0.959377	0.0153441	0	0.00485103	0.32734	0	0	0	0.00211341	
0.959253	0.0153746	0	0.00486066	0.326195	0	0	0	0.00209459	
0.95913	0.0154049	0	0.00487025	0.325054	0	0	0	0.00207611	
0.959006	0.0154351	0	0.00487981	0.323917	0	0	0	0.00205796	
0.958883	0.0154653	0	0.00488933	0.322784	0	0	0	0.00204014	
0.958759	0.0154953	0	0.00489881	0.321655	0	0	0	0.00202263	
0.958636	0.0155251	0	0.00490826	0.32053	0	0	0	0.00200543	
0.958513	0.0155549	0	0.00491768	0.319408	0	0	0	0.00198853	
0.958389	0.0155846	0	0.00492705	0.318291	0	0	0	0.00197194	
0.958266	0.0156141	0	0.00493639	0.317178	0	0	0	0.00195563	
0.958143	0.0156436	0	0.0049457	0.316068	0	0	0	0.00193961	
0.958019	0.0156729	0	0.00495497	0.314963	0	0	0	0.00192386	
0.957896	0.0157021	0	0.0049642	0.313861	0	0	0	0.00190839	
0.957773	0.0157312	0	0.0049734	0.312763	0	0	0	0.00189319	
0.957649	0.0157602	0	0.00498257	0.311669	0	0	0	0.00187825	
0.957526	0.0157891	0	0.0049917	0.310579	0	0	0	0.00186356	
0.957403	0.0158178	0	0.00500079	0.309493	0	0	0	0.00184913	
0.95728	0.0158465	0	0.00500985	0.30841	0	0	0	0.00183494	
0.957156	0.015875	0	0.00501887	0.307332	0	0	0	0.00182099	
0.957033	0.0159035	0	0.00502786	0.306257	0	0	0	0.00180728	
0.95691	0.0159318	0	0.00503682	0.305186	0	0	0	0.0017938	
0.956787	0.01596	0	0.00504574	0.304118	0	0	0	0.00178054	
0.956664	0.0159881	0	0.00505463	0.303055	0	0	0	0.00176751	
0.956541	0.0160161	0	0.00506348	0.301995	0	0	0	0.00175469	
0.956418	0.016044	0	0.0050723	0.300938	0	0	0	0.00174209	
0.956294	0.0160718	0	0.00508109	0.299886	0	0	0	0.00172969	
0.956171	0.0160995	0	0.00508984	0.298837	0	0	0	0.0017175	
0.956048	0.0161271	0	0.00509856	0.297792	0	0	0	0.0017055	
0.955925	0.0161545	0	0.00510725	0.29675	0	0	0	0.00169371	
0.955802	0.0161819	0	0.0051159	0.295712	0	0	0	0.0016821	
0.955679	0.0162092	0	0.00512452	0.294678	0	0	0	0.00167068	
0.955556	0.0162363	0	0.0051331	0.293647	0	0	0	0.00165945	
0.955433	0.0162634	0	0.00514165	0.29262	0	0	0	0.00164839	
0.95531	0.0162903	0	0.00515017	0.291597	0	0	0	0.00163751	
0.955187	0.0163172	0	0.00515866	0.290577	0	0	0	0.00162681	
0.955065	0.0163439	0	0.00516711	0.289561	0	0	0	0.00161627	
0.954942	0.0163706	0	0.00517554	0.288548	0	0	0	0.00160591	
0.954819	0.0163971	0	0.00518392	0.287539	0	0	0	0.0015957	
0.954696	0.0164235	0	0.00519228	0.286533	0	0	0	0.00158565	
0.954573	0.0164499	0	0.00520061	0.285531	0	0	0	0.00157576	
0.95445	0.0164761	0	0.0052089	0.284533	0	0	0	0.00156603	
0.954327	0.0165022	0	0.00521716	0.283537	0	0	0	0.00155644	
0.954205	0.0165282	0	0.00522539	0.282546	0	0	0	0.001547	
0.954082	0.0165542	0	0.00523358	0.281558	0	0	0	0.00153771	
0.953959	0.01658	0	0.00524175	0.280573	0	0	0	0.00152855	
0.953836	0.0166057	0	0.00524988	0.279592	0	0	0	0.00151954	
0.953714	0.0166313	0	0.00525798	0.278614	0	0	0	0.00151066	
0.953591	0.0166569	0	0.00526605	0.27764	0	0	0	0.00150192	
0.953468	0.0166823	0	0.00527409	0.276669	0	0	0	0.0014933	
0.953346	0.0167076	0	0.0052821	0.275701	0	0	0	0.00148482	
0.953223	0.0167329	0	0.00529008	0.274737	0	0	0	0.00147646	
0.9531	0.016758	0	0.00529803	0.273776	0	0	0	0.00146822	
0.952978	0.016783	0	0.00530594	0.272819	0	0	0	0.00146011	
0.952855	0.016808	0	0.00531383	0.271865	0	0	0	0.00145211	
0.952732	0.0168328	0	0.00532168	0.270914	0	0	0	0.00144424	
0.95261	0.0168576	0	0.0053295	0.269966	0	0	0	0.00143647	
0.952487	0.0168822	0	0.0053373	0.269022	0	0	0	0.00142882	
0.952365	0.0169068	0	0.00534506	0.268082	0	0	0	0.00142128	
0.952242	0.0169312	0	0.00535279	0.267144	0	0	0	0.00141384	
0.95212	0.0169556	0	0.0053605	0.26621	0	0	0	0.00140651	
0.951997	0.0169799	0	0.00536817	0.265279	0	0	0	0.00139929	
0.951875	0.017004	0	0.00537581	0.264351	0	0	0	0.00139217	
0.951752	0.0170281	0	0.00538342	0.263427	0	0	0	0.00138515	
0.95163	0.0170521	0	0.00539101	0.262506	0	0	0	0.00137822	
0.951507	0.017076	0	0.00539856	0.261588	0	0	0	0.00137139	
0.951385	0.0170998	0	0.00540609	0.260673	0	0	0	0.00136466	
0.951263	0.0171235	0	0.00541358	0.259761	0	0	0	0.00135802	
0.95114	0.0171471	0	0.00542105	0.258853	0	0	0	0.00135147	
0.951018	0.0171706	0	0.00542848	0.257948	0	0	0	0.00134502	
0.950896	0.0171941	0	0.00543589	0.257046	0	0	0	0.00133864	
0.950773	0.0172174	0	0.00544327	0.256147	0	0	0	0.00133236	
0.950651	0.0172407	0	0.00545062	0.255251	0	0	0	0.00132616	
0.950529	0.0172638	0	0.00545794	0.254359	0	0	0	0.00132005	
0.950406	0.0172869	0	0.00546523	0.253469	0	0	0	0.00131401	
0.950284	0.0173099	0	0.0054725	0.252583	0	0	0	0.00130806	
0.950162	0.0173328	0	0.00547973	0.251699	0	0	0	0.00130218	
0.95004	0.0173556	0	0.00548694	0.250819	0	0	0	0.00129639	
0.949917	0.0173783	0	0.00549412	0.249942	0	0	0	0.00129067	
0.949795	0.0174009	0	0.00550127	0.249068	0	0	0	0.00128502	
0.949673	0.0174234	0	0.00550839	0.248197	0	0	0	0.00127945	
0.949551	0.0174458	0	0.00551549	0.24733	0	0	0	0.00127395	
0.949429	0.0174682	0	0.00552255	0.246465	0	0	0	0.00126852	
0.949307	0.0174905	0	0.00552959	0.245603	0	0	0	0.00126316	
0.949185	0.0175126	0	0.0055366	0.244744	0	0	0	0.00125787	
0.949063	0.0175347	0	0.00554359	0.243888	0	0	0	0.00125264	
0.94894	0.0175567	0	0.00555054	0.243035	0	0	0	0.00124749	
0.948818	0.0175786	0	0.00555747	0.242186	0	0	0	0.0012424	
0.948696	0.0176005	0	0.00556437	0.241339	0	0	0	0.00123737	
0.948574	0.0176222	0	0.00557125	0.240495	0	0	0	0.0012324	
0.948452	0.0176439	0	0.00557809	0.239654	0	0	0	0.0012275	
0.94833	0.0176655	0	0.00558491	0.238816	0	0	0	0.00122266	
0.948208	0.0176869	0	0.00559171	0.237981	0	0	0	0.00121788	
0.948086	0.0177083	0	0.00559847	0.237149	0	0	0	0.00121316	
0.947964	0.0177297	0	0.00560521	0.23632	0	0	0	0.00120849	
0.947843	0.0177509	0	0.00561193	0.235493	0	0	0	0.00120389	
0.947721	0.017772	0	0.00561861	0.23467	0	0	0	0.00119933	
0.947599	0.0177931	0	0.00562527	0.23385	0	0	0	0.00119484	
0.947477	0.0178141	0	0.00563191	0.233032	0	0	0	0.0011904	
0.947355	0.017835	0	0.00563852	0.232217	0	0	0	0.00118601	
0.947233	0.0178558	0	0.0056451	0.231405	0	0	0	0.00118167	
0.947111	0.0178765	0	0.00565165	0.230596	0	0	0	0.00117739	
0.94699	0.0178972	0	0.00565818	0.22979	0	0	0	0.00117316	
0.946868	0.0179178	0	0.00566468	0.228986	0	0	0	0.00116897	
0.946746	0.0179383	0	0.00567116	0.228186	0	0	0	0.00116484	
0.946624	0.0179587	0	0.00567761	0.227388	0	0	0	0.00116076	
0.946503	0.017979	0	0.00568404	0.226593	0	0	0	0.00115672	
0.946381	0.0179992	0	0.00569044	0.225801	0	0	0	0.00115273	
0.946259	0.0180194	0	0.00569682	0.225011	0	0	0	0.00114879	
0.946137	0.0180395	0	0.00570317	0.224225	0	0	0	0.00114489	
0.946016	0.0180595	0	0.00570949	0.223441	0	0	0	0.00114104	
0.945894	0.0180794	0	0.00571579	0.222659	0	0	0	0.00113723	
0.945772	0.0180993	0	0.00572206	0.221881	0	0	0	0.00113347	
0.945651	0.018119	0	0.00572831	0.221105	0	0	0	0.00112975	
0.945529	0.0181387	0	0.00573454	0.220332	0	0	0	0.00112607	
0.945408	0.0181583	0	0.00574074	0.219562	0	0	0	0.00112243	
0.945286	0.0181779	0	0.00574691	0.218794	0	0	0	0.00111884	
0.945164	0.0181973	0	0.00575306	0.218029	0	0	0	0.00111528	
0.945043	0.0182167	0	0.00575919	0.217267	0	0	0	0.00111177	
0.944921	0.018236	0	0.00576529	0.216508	0	0	0	0.0011083	
0.9448	0.0182552	0	0.00577136	0.215751	0	0	0	0.00110486	
0.944678	0.0182744	0	0.00577742	0.214996	0	0	0	0.00110146	
0.944557	0.0182934	0	0.00578344	0.214245	0	0	0	0.0010981	
0.944435	0.0183124	0	0.00578945	0.213496	0	0	0	0.00109478	
0.944314	0.0183313	0	0.00579543	0.212749	0	0	0	0.0010915	
0.944193	0.0183502	0	0.00580138	0.212006	0	0	0	0.00108825	
0.944071	0.0183689	0	0.00580731	0.211264	0	0	0	0.00108504	
0.94395	0.0183876	0	0.00581322	0.210526	0	0	0	0.00108186	
0.943828	0.0184062	0	0.00581911	0.20979	0	0	0	0.00107872	
0.943707	0.0184248	0	0.00582497	0.209056	0	0	0	0.00107561	
0.943586	0.0184432	0	0.0058308	0.208326	0	0	0	0.00107254	
0.943464	0.0184616	0	0.00583662	0.207597	0	0	0	0.0010695	
0.943343	0.0184799	0	0.00584241	0.206872	0	0	0	0.00106649	
0.943222	0.0184982	0	0.00584818	0.206148	0	0	0	0.00106352	
0.943101	0.0185163	0	0.00585392	0.205428	0	0	0	0.00106058	
0.942979	0.0185344	0	0.00585964	0.20471	0	0	0	0.00105767	
0.942858	0.0185525	0	0.00586534	0.203994	0	0	0	0.00105479	
0.942737	0.0185704	0	0.00587101	0.203281	0	0	0	0.00105194	
0.942616	0.0185883	0	0.00587666	0.20257	0	0	0	0.00104913	
0.942494	0.0186061	0	0.00588229	0.201862	0	0	0	0.00104634	
0.942373	0.0186238	0	0.0058879	0.201156	0	0	0	0.00104358	
0.942252	0.0186415	0	0.00589348	0.200453	0	0	0	0.00104086	
0.942131	0.0186591	0	0.00589904	0.199753	0	0	0	0.00103816	
0.94201	0.0186766	0	0.00590458	0.199054	0	0	0	0.00103549	
0.941889	0.018694	0	0.00591009	0.198358	0	0	0	0.00103286	
0.941768	0.0187114	0	0.00591559	0.197665	0	0	0	0.00103025	
0.941647	0.0187287	0	0.00592106	0.196974	0	0	0	0.00102766	
0.941525	0.0187459	0	0.00592651	0.196286	0	0	0	0.00102511	
0.941404	0.0187631	0	0.00593193	0.195599	0	0	0	0.00102258	
0.941283	0.0187802	0	0.00593734	0.194916	0	0	0	0.00102008	
0.941162	0.0187972	0	0.00594272	0.194234	0	0	0	0.00101761	
0.941041	0.0188142	0	0.00594808	0.193555	0	0	0	0.00101516	
0.94092	0.0188311	0	0.00595342	0.192879	0	0	0	0.00101274	
0.940799	0.0188479	0	0.00595874	0.192205	0	0	0	0.00101035	
0.940678	0.0188646	0	0.00596403	0.191533	0	0	0	0.00100798	
0.940558	0.0188813	0	0.00596931	0.190863	0	0	0	0.00100563	
0.940437	0.0188979	0	0.00597456	0.190196	0	0	0	0.00100332	
0.940316	0.0189145	0	0.00597979	0.189531	0	0	0	0.00100102	
0.940195	0.018931	0	0.005985	0.188869	0	0	0	0.000998755	
0.940074	0.0189474	0	0.00599019	0.188209	0	0	0	0.000996511	
0.939953	0.0189637	0	0.00599535	0.187551	0	0	0	0.000994291	
0.939832	0.01898	0	0.0060005	0.186895	0	0	0	0.000992095	
0.939711	0.0189962	0	0.00600562	0.186242	0	0	0	0.000989922	
0.939591	0.0190123	0	0.00601073	0.185591	0	0	0	0.000987774	
0.93947	0.0190284	0	0.00601581	0.184942	0	0	0	0.000985648	
0.939349	0.0190444	0	0.00602087	0.184296	0	0	0	0.000983546	
0.939228	0.0190604	0	0.00602591	0.183652	0	0	0	0.000981467	
0.939108	0.0190763	0	0.00603093	0.18301	0	0	0	0.00097941	
0.938987	0.0190921	0	0.00603593	0.18237	0	0	0	0.000977375	
0.938866	0.0191078	0	0.00604091	0.181733	0	0	0	0.000975363	
0.938746	0.0191235	0	0.00604587	0.181098	0	0	0	0.000973373	
0.938625	0.0191391	0	0.00605081	0.180465	0	0	0	0.000971405	
0.938504	0.0191547	0	0.00605573	0.179834	0	0	0	0.000969459	
0.938384	0.0191702	0	0.00606063	0.179205	0	0	0	0.000967534	
0.938263	0.0191856	0	0.0060655	0.178579	0	0	0	0.000965631	
0.938142	0.019201	0	0.00607036	0.177955	0	0	0	0.000963748	
0.938022	0.0192163	0	0.0060752	0.177333	0	0	0	0.000961887	
0.937901	0.0192315	0	0.00608002	0.176713	0	0	0	0.000960047	
0.937781	0.0192467	0	0.00608481	0.176096	0	0	0	0.000958227	
0.93766	0.0192618	0	0.00608959	0.17548	0	0	0	0.000956428	
0.93754	0.0192768	0	0.00609435	0.174867	0	0	0	0.000954649	
0.937419	0.0192918	0	0.00609909	0.174256	0	0	0	0.00095289	
0.937299	0.0193068	0	0.00610381	0.173647	0	0	0	0.000951152	
0.937178	0.0193216	0	0.0061085	0.17304	0	0	0	0.000949434	
0.937058	0.0193364	0	0.00611318	0.172435	0	0	0	0.000947735	
0.936937	0.0193512	0	0.00611784	0.171833	0	0	0	0.000946056	
0.936817	0.0193658	0	0.00612248	0.171232	0	0	0	0.000944396	
0.936696	0.0193805	0	0.00612711	0.170634	0	0	0	0.000942756	
0.936576	0.019395	0	0.00613171	0.170037	0	0	0	0.000941136	
0.936456	0.0194095	0	0.00613629	0.169443	0	0	0	0.000939534	
0.936335	0.0194239	0	0.00614086	0.168851	0	0	0	0.000937952	
0.936215	0.0194383	0	0.0061454	0.168261	0	0	0	0.000936388	
0.936095	0.0194526	0	0.00614993	0.167673	0	0	0	0.000934843	
0.935974	0.0194669	0	0.00615443	0.167087	0	0	0	0.000933317	
0.935854	0.0194811	0	0.00615892	0.166503	0	0	0	0.00093181	
0.935734	0.0194952	0	0.00616339	0.165921	0	0	0	0.000930321	
0.935613	0.0195093	0	0.00616784	0.165341	0	0	0	0.000928851	
0.935493	0.0195233	0	0.00617227	0.164763	0	0	0	0.000927399	
0.935373	0.0195373	0	0.00617669	0.164188	0	0	0	0.000925965	
0.935253	0.0195512	0	0.00618108	0.163614	0	0	0	0.000924549	
0.935132	0.019565	0	0.00618546	0.163042	0	0	0	0.000923151	
0.935012	0.0195788	0	0.00618982	0.162472	0	0	0	0.000921771	
0.934892	0.0195925	0	0.00619416	0.161905	0	0	0	0.000920409	
0.934772	0.0196062	0	0.00619848	0.161339	0	0	0	0.000919065	
0.934652	0.0196198	0	0.00620278	0.160775	0	0	0	0.000917738	
0.934532	0.0196334	0	0.00620707	0.160213	0	0	0	0.000916429	
0.934412	0.0196469	0	0.00621134	0.159653	0	0	0	0.000915138	
0.934292	0.0196603	0	0.00621559	0.159096	0	0	0	0.000913864	
0.934171	0.0196737	0	0.00621982	0.15854	0	0	0	0.000912608	
0.934051	0.019687	0	0.00622403	0.157986	0	0	0	0.000911369	
0.933931	0.0197003	0	0.00622823	0.157434	0	0	0	0.000910147	
0.933811	0.0197135	0	0.0062324	0.156884	0	0	0	0.000908942	
0.933691	0.0197267	0	0.00623657	0.156335	0	0	0	0.000907755	
0.933571	0.0197398	0	0.00624071	0.155789	0	0	0	0.000906584	
0.933451	0.0197528	0	0.00624483	0.155245	0	0	0	0.000905431	
0.933331	0.0197658	0	0.00624894	0.154702	0	0	0	0.000904295	
0.933211	0.0197788	0	0.00625303	0.154162	0	0	0	0.000903175	
0.933092	0.0197917	0	0.0062571	0.153623	0	0	0	0.000902073	
0.932972	0.0198045	0	0.00626116	0.153086	0	0	0	0.000900987	
0.932852	0.0198173	0	0.0062652	0.152551	0	0	0	0.000899918	
0.932732	0.01983	0	0.00626922	0.152018	0	0	0	0.000898866	
0.932612	0.0198426	0	0.00627323	0.151487	0	0	0	0.000897831	
0.932492	0.0198553	0	0.00627721	0.150958	0	0	0	0.000896812	
0.932372	0.0198678	0	0.00628118	0.15043	0	0	0	0.00089581	
0.932252	0.0198803	0	0.00628514	0.149905	0	0	0	0.000894825	
0.932133	0.0198928	0	0.00628907	0.149381	0	0	0	0.000893856	
0.932013	0.0199052	0	0.00629299	0.148859	0	0	0	0.000892904	
0.931893	0.0199175	0	0.0062969	0.148339	0	0	0	0.000891968	
0.931773	0.0199298	0	0.00630078	0.147821	0	0	0	0.000891049	
0.931654	0.019942	0	0.00630465	0.147304	0	0	0	0.000890146	
0.931534	0.0199542	0	0.0063085	0.14679	0	0	0	0.00088926	
0.931414	0.0199664	0	0.00631234	0.146277	0	0	0	0.00088839	
0.931295	0.0199785	0	0.00631616	0.145766	0	0	0	0.000887537	
0.931175	0.0199905	0	0.00631996	0.145257	0	0	0	0.0008867	
0.931055	0.0200025	0	0.00632375	0.144749	0	0	0	0.00088588	
0.930936	0.0200144	0	0.00632752	0.144243	0	0	0	0.000885076	
0.930816	0.0200263	0	0.00633128	0.143739	0	0	0	0.000884289	
0.930696	0.0200381	0	0.00633502	0.143237	0	0	0	0.000883517	
0.930577	0.0200499	0	0.00633874	0.142737	0	0	0	0.000882763	
0.930457	0.0200616	0	0.00634245	0.142238	0	0	0	0.000882025	
0.930338	0.0200733	0	0.00634614	0.141741	0	0	0	0.000881303	
0.930218	0.0200849	0	0.00634981	0.141246	0	0	0	0.000880598	
0.930099	0.0200965	0	0.00635347	0.140753	0	0	0	0.000879909	
0.929979	0.020108	0	0.00635711	0.140261	0	0	0	0.000879236	
0.92986	0.0201195	0	0.00636074	0.139771	0	0	0	0.00087858	
0.92974	0.0201309	0	0.00636435	0.139283	0	0	0	0.000877941	
0.929621	0.0201423	0	0.00636795	0.138796	0	0	0	0.000877318	
0.929501	0.0201536	0	0.00637153	0.138311	0	0	0	0.000876712	
0.929382	0.0201649	0	0.00637509	0.137828	0	0	0	0.000876122	
0.929262	0.0201761	0	0.00637864	0.137347	0	0	0	0.000875549	
0.929143	0.0201873	0	0.00638218	0.136867	0	0	0	0.000874992	
0.929024	0.0201984	0	0.00638569	0.136389	0	0	0	0.000874452	
0.928904	0.0202095	0	0.0063892	0.135912	0	0	0	0.000873929	
0.928785	0.0202205	0	0.00639269	0.135438	0	0	0	0.000873422	
0.928666	0.0202315	0	0.00639616	0.134964	0	0	0	0.000872932	
0.928546	0.0202424	0	0.00639962	0.134493	0	0	0	0.000872459	
0.928427	0.0202533	0	0.00640306	0.134023	0	0	0	0.000872003	
0.928308	0.0202642	0	0.00640649	0.133555	0	0	0	0.000871564	
0.928188	0.0202749	0	0.0064099	0.133089	0	0	0	0.000871142	
0.928069	0.0202857	0	0.0064133	0.132624	0	0	0	0.000870736	
0.92795	0.0202964	0	0.00641668	0.13216	0	0	0	0.000870348	
0.927831	0.020307	0	0.00642005	0.131699	0	0	0	0.000869977	
0.927711	0.0203177	0	0.0064234	0.131239	0	0	0	0.000869623	
0.927592	0.0203282	0	0.00642674	0.13078	0	0	0	0.000869286	
0.927473	0.0203387	0	0.00643006	0.130324	0	0	0	0.000868967	
0.927354	0.0203492	0	0.00643337	0.129868	0	0	0	0.000868664	
0.927235	0.0203596	0	0.00643666	0.129415	0	0	0	0.00086838	
0.927116	0.02037	0	0.00643994	0.128963	0	0	0	0.000868113	
0.926997	0.0203803	0	0.00644321	0.128512	0	0	0	0.000867863	
0.926877	0.0203906	0	0.00644646	0.128063	0	0	0	0.000867631	
0.926758	0.0204008	0	0.0064497	0.127616	0	0	0	0.000867417	
0.926639	0.020411	0	0.00645292	0.12717	0	0	0	0.000867221	
0.92652	0.0204212	0	0.00645613	0.126726	0	0	0	0.000867043	
0.926401	0.0204313	0	0.00645932	0.126284	0	0	0	0.000866883	
0.926282	0.0204413	0	0.0064625	0.125843	0	0	0	0.000866741	
0.926163	0.0204513	0	0.00646567	0.125403	0	0	0	0.000866617	
0.926044	0.0204613	0	0.00646882	0.124965	0	0	0	0.000866511	
0.925925	0.0204712	0	0.00647195	0.124529	0	0	0	0.000866424	
0.925806	0.0204811	0	0.00647508	0.124094	0	0	0	0.000866356	
0.925687	0.020491	0	0.00647819	0.12366	0	0	0	0.000866306	
0.925568	0.0205007	0	0.00648128	0.123229	0	0	0	0.000866276	
0.92545	0.0205105	0	0.00648437	0.122798	0	0	0	0.000866264	
0.925331	0.0205202	0	0.00648743	0.122369	0	0	0	0.000866271	
0.925212	0.0205299	0	0.00649049	0.121942	0	0	0	0.000866297	
0.925093	0.0205395	0	0.00649353	0.121516	0	0	0	0.000866343	
0.924974	0.0205491	0	0.00649656	0.121092	0	0	0	0.000866409	
0.924855	0.0205586	0	0.00649957	0.120669	0	0	0	0.000866493	
0.924736	0.0205681	0	0.00650257	0.120247	0	0	0	0.000866598	
0.924618	0.0205775	0	0.00650556	0.119828	0	0	0	0.000866723	
0.924499	0.0205869	0	0.00650853	0.119409	0	0	0	0.000866868	
0.92438	0.0205963	0	0.00651149	0.118992	0	0	0	0.000867033	
0.924261	0.0206056	0	0.00651444	0.118577	0	0	0	0.000867219	
0.924143	0.0206149	0	0.00651737	0.118163	0	0	0	0.000867425	
0.924024	0.0206241	0	0.00652029	0.11775	0	0	0	0.000867653	
0.923905	0.0206333	0	0.0065232	0.117339	0	0	0	0.000867901	
0.923787	0.0206425	0	0.00652609	0.116929	0	0	0	0.000868171	
0.923668	0.0206516	0	0.00652897	0.116521	0	0	0	0.000868462	
0.923549	0.0206607	0	0.00653184	0.116114	0	0	0	0.000868774	
0.923431	0.0206697	0	0.0065347	0.115708	0	0	0	0.000869109	
0.923312	0.0206787	0	0.00653754	0.115304	0	0	0	0.000869466	
0.923193	0.0206876	0	0.00654037	0.114902	0	0	0	0.000869845	
0.923075	0.0206965	0	0.00654318	0.114501	0	0	0	0.000870246	
0.922956	0.0207054	0	0.00654599	0.114101	0	0	0	0.000870671	
0.922838	0.0207142	0	0.00654878	0.113702	0	0	0	0.000871118	
0.922719	0.020723	0	0.00655156	0.113305	0	0	0	0.000871589	
0.922601	0.0207318	0	0.00655432	0.11291	0	0	0	0.000872084	
0.922482	0.0207405	0	0.00655707	0.112516	0	0	0	0.000872602	
0.922364	0.0207491	0	0.00655982	0.112123	0	0	0	0.000873145	
0.922245	0.0207578	0	0.00656254	0.111731	0	0	0	0.000873712	
0.922127	0.0207664	0	0.00656526	0.111341	0	0	0	0.000874303	
0.922008	0.0207749	0	0.00656796	0.110952	0	0	0	0.00087492	
0.92189	0.0207834	0	0.00657065	0.110565	0	0	0	0.000875563	
0.921771	0.0207919	0	0.00657333	0.110179	0	0	0	0.000876231	
0.921653	0.0208003	0	0.006576	0.109794	0	0	0	0.000876925	
0.921535	0.0208087	0	0.00657865	0.109411	0	0	0	0.000877646	
0.921416	0.0208171	0	0.00658129	0.109029	0	0	0	0.000878394	
0.921298	0.0208254	0	0.00658392	0.108648	0	0	0	0.000879169	
0.92118	0.0208337	0	0.00658654	0.108269	0	0	0	0.000879972	
0.921061	0.0208419	0	0.00658914	0.107891	0	0	0	0.000880802	
0.920943	0.0208501	0	0.00659174	0.107514	0	0	0	0.000881661	
0.920825	0.0208583	0	0.00659432	0.107139	0	0	0	0.000882549	
0.920706	0.0208664	0	0.00659689	0.106765	0	0	0	0.000883467	
0.920588	0.0208745	0	0.00659945	0.106392	0	0	0	0.000884414	
0.92047	0.0208826	0	0.00660199	0.106021	0	0	0	0.000885392	
0.920352	0.0208906	0	0.00660453	0.105651	0	0	0	0.000886401	
0.920233	0.0208986	0	0.00660705	0.105282	0	0	0	0.000887441	
0.920115	0.0209065	0	0.00660956	0.104915	0	0	0	0.000888512	
0.919997	0.0209144	0	0.00661206	0.104548	0	0	0	0.000889617	
0.919879	0.0209223	0	0.00661455	0.104183	0	0	0	0.000890754	
0.919761	0.0209301	0	0.00661702	0.10382	0	0	0	0.000891926	
0.919643	0.0209379	0	0.00661949	0.103457	0	0	0	0.000893131	
0.919525	0.0209457	0	0.00662194	0.103096	0	0	0	0.000894372	
0.919406	0.0209534	0	0.00662438	0.102736	0	0	0	0.000895648	
0.919288	0.0209611	0	0.00662681	0.102378	0	0	0	0.00089696	
0.91917	0.0209687	0	0.00662923	0.10202	0	0	0	0.00089831	
0.919052	0.0209763	0	0.00663164	0.101664	0	0	0	0.000899697	
0.918934	0.0209839	0	0.00663403	0.10131	0	0	0	0.000901124	
0.918816	0.0209915	0	0.00663642	0.100956	0	0	0	0.000902589	
0.918698	0.020999	0	0.00663879	0.100604	0	0	0	0.000904095	
0.91858	0.0210064	0	0.00664116	0.100252	0	0	0	0.000905643	
0.918462	0.0210139	0	0.00664351	0.0999026	0	0	0	0.000907232	
0.918344	0.0210213	0	0.00664585	0.0995539	0	0	0	0.000908865	
0.918226	0.0210286	0	0.00664818	0.0992065	0	0	0	0.000910542	
0.918108	0.021036	0	0.0066505	0.0988602	0	0	0	0.000912264	
0.917991	0.0210433	0	0.00665281	0.0985152	0	0	0	0.000914033	
0.917873	0.0210506	0	0.0066551	0.0981714	0	0	0	0.000915849	
0.917755	0.0210578	0	0.00665739	0.0978288	0	0	0	0.000917715	
0.917637	0.021065	0	0.00665966	0.0974874	0	0	0	0.00091963	
0.917519	0.0210721	0	0.00666193	0.0971472	0	0	0	0.000921597	
0.917401	0.0210793	0	0.00666418	0.0968082	0	0	0	0.000923617	
0.917283	0.0210864	0	0.00666643	0.0964703	0	0	0	0.000925691	
0.917166	0.0210934	0	0.00666866	0.0961337	0	0	0	0.000927822	
0.917048	0.0211005	0	0.00667088	0.0957982	0	0	0	0.00093001	
0.91693	0.0211075	0	0.00667309	0.0954639	0	0	0	0.000932257	
0.916812	0.0211144	0	0.0066753	0.0951308	0	0	0	0.000934566	
0.916695	0.0211214	0	0.00667749	0.0947989	0	0	0	0.000936939	
0.916577	0.0211283	0	0.00667967	0.0944681	0	0	0	0.000939376	
0.916459	0.0211351	0	0.00668184	0.0941385	0	0	0	0.000941882	
0.916342	0.021142	0	0.006684	0.09381	0	0	0	0.000944457	
0.916224	0.0211488	0	0.00668615	0.0934827	0	0	0	0.000947105	
0.916106	0.0211555	0	0.00668829	0.0931565	0	0	0	0.000949829	
0.915989	0.0211623	0	0.00669042	0.0928315	0	0	0	0.00095263	
0.915871	0.021169	0	0.00669254	0.0925076	0	0	0	0.000955512	
0.915753	0.0211756	0	0.00669465	0.0921848	0	0	0	0.000958479	
0.915636	0.0211823	0	0.00669675	0.0918632	0	0	0	0.000961534	
0.915518	0.0211889	0	0.00669884	0.0915427	0	0	0	0.000964681	
0.915401	0.0211955	0	0.00670092	0.0912233	0	0	0	0.000967923	
0.915283	0.021202	0	0.00670299	0.0909051	0	0	0	0.000971265	
0.915166	0.0212085	0	0.00670505	0.0905879	0	0	0	0.000974712	
0.915048	0.021215	0	0.0067071	0.0902719	0	0	0	0.00097827	
0.914931	0.0212215	0	0.00670914	0.089957	0	0	0	0.000981943	
0.914813	0.0212279	0	0.00671117	0.0896432	0	0	0	0.000985737	
0.914696	0.0212343	0	0.00671319	0.0893305	0	0	0	0.00098966	
0.914578	0.0212406	0	0.0067152	0.0890189	0	0	0	0.000993718	
0.914461	0.021247	0	0.0067172	0.0887083	0	0	0	0.00099792	
0.914343	0.0212533	0	0.0067192	0.0883989	0	0	0	0.00100227	
0.914226	0.0212596	0	0.00672118	0.0880906	0	0	0	0.00100679	
0.914109	0.0212658	0	0.00672315	0.0877833	0	0	0	0.00101148	
0.913991	0.021272	0	0.00672512	0.0874771	0	0	0	0.00101635	
0.913874	0.0212782	0	0.00672707	0.087172	0	0	0	0.00102142	
0.913756	0.0212844	0	0.00672902	0.086868	0	0	0	0.0010267	
0.913639	0.0212905	0	0.00673096	0.086565	0	0	0	0.00103221	
0.913522	0.0212966	0	0.00673289	0.0862631	0	0	0	0.00103796	
0.913405	0.0213027	0	0.00673481	0.0859622	0	0	0	0.00104398	
0.913287	0.0213087	0	0.00673672	0.0856624	0	0	0	0.00105029	
