1	0	0	0	1	0	0	0	1	
0.99715	0	0	0	0.994485	0	0	0	0.988503	
0.994319	0	0	0	0.989029	0	0	0	0.977232	
0.991497	0	0	0	0.983603	0	0	0	0.96609	
0.988682	0	0	0	0.978206	0	0	0	0.955074	
0.985875	0	0	0	0.97284	0	0	0	0.944185	
0.983077	0	0	0	0.967503	0	0	0	0.933419	
0.980286	0	0	0	0.962195	0	0	0	0.922776	
0.977503	0	0	0	0.956916	0	0	0	0.912254	
0.974728	0	0	0	0.951666	0	0	0	0.901853	
0.971961	0	0	0	0.946445	0	0	0	0.89157	
0.969202	0	0	0	0.941252	0	0	0	0.881404	
0.96645	0	0	0	0.936088	0	0	0	0.871354	
0.963707	0	0	0	0.930953	0	0	0	0.861419	
0.960971	0	0	0	0.925845	0	0	0	0.851597	
0.958243	0	0	0	0.920766	0	0	0	0.841887	
0.955523	0	0	0	0.915714	0	0	0	0.832287	
0.95281	0	0	0	0.91069	0	0	0	0.822798	
0.950105	0	0	0	0.905694	0	0	0	0.813416	
0.947408	0	0	0	0.900725	0	0	0	0.804141	
0.944719	0	0	0	0.895784	0	0	0	0.794972	
0.942037	0	0	0	0.890869	0	0	0	0.785908	
0.939363	0	0	0	0.885982	0	0	0	0.776947	
0.936696	0	0	0	0.881121	0	0	0	0.768088	
0.934037	0	0	0	0.876287	0	0	0	0.75933	
0.931385	0	0	0	0.871479	0	0	0	0.750672	
0.928741	0	0	0	0.866698	0	0	0	0.742113	
0.926105	0	0	0	0.861943	0	0	0	0.733651	
0.923476	0	0	0	0.857214	0	0	0	0.725286	
0.920854	0	0	0	0.852511	0	0	0	0.717016	
0.91824	0	0	0	0.847834	0	0	0	0.708841	
0.915633	0	0	0	0.843183	0	0	0	0.700759	
0.913034	0	0	0	0.838557	0	0	0	0.692768	
0.910442	0	0	0	0.833956	0	0	0	0.684869	
0.907858	0	0	0	0.829381	0	0	0	0.67706	
0.90528	0	0	0	0.824831	0	0	0	0.66934	
0.90271	0	0	0	0.820306	0	0	0	0.661709	
0.900148	0	0	0	0.815805	0	0	0	0.654164	
0.897592	0	0	0	0.811329	0	0	0	0.646705	
0.895044	0	0	0	0.806878	0	0	0	0.639331	
0.892503	0	0	0	0.802452	0	0	0	0.632041	
0.88997	0	0	0	0.798049	0	0	0	0.624835	
0.887443	0	0	0	0.793671	0	0	0	0.61771	
0.884924	0	0	0	0.789317	0	0	0	0.610667	
0.882412	0	0	0	0.784986	0	0	0	0.603704	
0.879907	0	0	0	0.780679	0	0	0	0.596821	
0.877409	0	0	0	0.776396	0	0	0	0.590016	
0.874918	0	0	0	0.772137	0	0	0	0.583288	
0.872435	0	0	0	0.767901	0	0	0	0.576637	
0.869958	0	0	0	0.763688	0	0	0	0.570063	
0.867488	0	0	0	0.759498	0	0	0	0.563563	
0.865026	0	0	0	0.755331	0	0	0	0.557137	
0.86257	0	0	0	0.751187	0	0	0	0.550784	
0.860121	0	0	0	0.747066	0	0	0	0.544504	
0.85768	0	0	0	0.742968	0	0	0	0.538296	
0.855245	0	0	0	0.738891	0	0	0	0.532158	
0.852817	0	0	0	0.734838	0	0	0	0.52609	
0.850396	0	0	0	0.730806	0	0	0	0.520092	
0.847982	0	0	0	0.726797	0	0	0	0.514162	
0.845575	0	0	0	0.722809	0	0	0	0.508299	
0.843174	0	0	0	0.718844	0	0	0	0.502503	
0.840781	0	0	0	0.7149	0	0	0	0.496774	
0.838394	0	0	0	0.710978	0	0	0	0.491109	
0.836014	0	0	0	0.707077	0	0	0	0.48551	
0.83364	0	0	0	0.703198	0	0	0	0.479974	
0.831274	0	0	0	0.69934	0	0	0	0.474501	
0.828914	0	0	0	0.695503	0	0	0	0.469091	
0.826561	0	0	0	0.691688	0	0	0	0.463742	
0.824214	0	0	0	0.687893	0	0	0	0.458455	
0.821875	0	0	0	0.684119	0	0	0	0.453227	
0.819542	0	0	0	0.680366	0	0	0	0.448059	
0.817215	0	0	0	0.676633	0	0	0	0.442951	
0.814895	0	0	0	0.672921	0	0	0	0.4379	
0.812582	0	0	0	0.669229	0	0	0	0.432907	
0.810275	0	0	0	0.665557	0	0	0	0.427971	
0.807975	0	0	0	0.661906	0	0	0	0.423091	
0.805681	0	0	0	0.658275	0	0	0	0.418267	
0.803394	0	0	0	0.654663	0	0	0	0.413498	
0.801113	0	0	0	0.651072	0	0	0	0.408783	
0.798839	0	0	0	0.6475	0	0	0	0.404122	
0.796571	0	0	0	0.643947	0	0	0	0.399514	
0.79431	0	0	0	0.640414	0	0	0	0.394959	
0.792055	0	0	0	0.636901	0	0	0	0.390456	
0.789807	0	0	0	0.633407	0	0	0	0.386004	
0.787564	0	0	0	0.629932	0	0	0	0.381602	
0.785329	0	0	0	0.626476	0	0	0	0.377251	
0.783099	0	0	0	0.623039	0	0	0	0.37295	
0.780876	0	0	0	0.619621	0	0	0	0.368697	
0.77866	0	0	0	0.616221	0	0	0	0.364493	
0.776449	0	0	0	0.61284	0	0	0	0.360337	
0.774245	0	0	0	0.609478	0	0	0	0.356229	
0.772047	0	0	0	0.606134	0	0	0	0.352167	
0.769855	0	0	0	0.602809	0	0	0	0.348152	
0.76767	0	0	0	0.599502	0	0	0	0.344182	
0.765491	0	0	0	0.596213	0	0	0	0.340258	
0.763317	0	0	0	0.592942	0	0	0	0.336378	
0.761151	0	0	0	0.589689	0	0	0	0.332543	
0.75899	0	0	0	0.586454	0	0	0	0.328751	
0.756835	0	0	0	0.583236	0	0	0	0.325002	
0.754687	0	0	0	0.580036	0	0	0	0.321297	
0.752544	0	0	0	0.576854	0	0	0	0.317633	
0.750408	0	0	0	0.573689	0	0	0	0.314011	
0.748278	0	0	0	0.570542	0	0	0	0.310431	
0.746153	0	0	0	0.567412	0	0	0	0.306892	
0.744035	0	0	0	0.564299	0	0	0	0.303392	
0.741923	0	0	0	0.561203	0	0	0	0.299933	
0.739817	0	0	0	0.558124	0	0	0	0.296513	
0.737717	0	0	0	0.555062	0	0	0	0.293132	
0.735622	0	0	0	0.552017	0	0	0	0.28979	
0.733534	0	0	0	0.548988	0	0	0	0.286486	
0.731452	0	0	0	0.545976	0	0	0	0.283219	
0.729375	0	0	0	0.542981	0	0	0	0.27999	
0.727305	0	0	0	0.540002	0	0	0	0.276797	
0.72524	0	0	0	0.53704	0	0	0	0.273641	
0.723181	0	0	0	0.534093	0	0	0	0.270521	
0.721128	0	0	0	0.531163	0	0	0	0.267437	
0.719081	0	0	0	0.528249	0	0	0	0.264387	
0.71704	0	0	0	0.525351	0	0	0	0.261373	
0.715004	0	0	0	0.522469	0	0	0	0.258393	
0.712975	0	0	0	0.519602	0	0	0	0.255446	
0.710951	0	0	0	0.516751	0	0	0	0.252534	
0.708932	0	0	0	0.513916	0	0	0	0.249654	
0.70692	0	0	0	0.511097	0	0	0	0.246808	
0.704913	0	0	0	0.508293	0	0	0	0.243994	
0.702912	0	0	0	0.505504	0	0	0	0.241212	
0.700916	0	0	0	0.502731	0	0	0	0.238461	
0.698927	0	0	0	0.499973	0	0	0	0.235742	
0.696943	0	0	0	0.49723	0	0	0	0.233054	
0.694964	0	0	0	0.494502	0	0	0	0.230397	
0.692991	0	0	0	0.491789	0	0	0	0.22777	
0.691024	0	0	0	0.489091	0	0	0	0.225173	
0.689062	0	0	0	0.486408	0	0	0	0.222605	
0.687106	0	0	0	0.483739	0	0	0	0.220067	
0.685156	0	0	0	0.481085	0	0	0	0.217558	
0.683211	0	0	0	0.478446	0	0	0	0.215077	
0.681271	0	0	0	0.475821	0	0	0	0.212625	
0.679337	0	0	0	0.47321	0	0	0	0.210201	
0.677409	0	0	0	0.470614	0	0	0	0.207804	
0.675486	0	0	0	0.468032	0	0	0	0.205435	
0.673568	0	0	0	0.465465	0	0	0	0.203092	
0.671656	0	0	0	0.462911	0	0	0	0.200776	
0.669749	0	0	0	0.460371	0	0	0	0.198487	
0.667848	0	0	0	0.457846	0	0	0	0.196224	
0.665952	0	0	0	0.455334	0	0	0	0.193987	
0.664061	0	0	0	0.452836	0	0	0	0.191775	
0.662176	0	0	0	0.450351	0	0	0	0.189588	
0.660297	0	0	0	0.447881	0	0	0	0.187426	
0.658422	0	0	0	0.445423	0	0	0	0.185289	
0.656553	0	0	0	0.44298	0	0	0	0.183177	
0.654689	0	0	0	0.440549	0	0	0	0.181088	
0.652831	0	0	0	0.438132	0	0	0	0.179023	
0.650977	0	0	0	0.435729	0	0	0	0.176982	
0.649129	0	0	0	0.433338	0	0	0	0.174964	
0.647287	0	0	0	0.430961	0	0	0	0.172969	
0.645449	0	0	0	0.428596	0	0	0	0.170997	
0.643617	0	0	0	0.426245	0	0	0	0.169047	
0.64179	0	0	0	0.423906	0	0	0	0.16712	
0.639968	0	0	0	0.421581	0	0	0	0.165214	
0.638151	0	0	0	0.419268	0	0	0	0.16333	
0.636339	0	0	0	0.416968	0	0	0	0.161468	
0.634533	0	0	0	0.41468	0	0	0	0.159627	
0.632732	0	0	0	0.412405	0	0	0	0.157807	
0.630935	0	0	0	0.410142	0	0	0	0.156008	
0.629144	0	0	0	0.407892	0	0	0	0.154229	
0.627358	0	0	0	0.405655	0	0	0	0.15247	
0.625577	0	0	0	0.403429	0	0	0	0.150732	
0.623801	0	0	0	0.401216	0	0	0	0.149013	
0.622031	0	0	0	0.399015	0	0	0	0.147314	
0.620265	0	0	0	0.396825	0	0	0	0.145634	
0.618504	0	0	0	0.394648	0	0	0	0.143974	
0.616748	0	0	0	0.392483	0	0	0	0.142332	
0.614997	0	0	0	0.39033	0	0	0	0.140709	
0.613251	0	0	0	0.388188	0	0	0	0.139105	
0.611511	0	0	0	0.386059	0	0	0	0.137519	
0.609775	0	0	0	0.383941	0	0	0	0.135951	
0.608044	0	0	0	0.381834	0	0	0	0.134401	
0.606317	0	0	0	0.37974	0	0	0	0.132868	
0.604596	0	0	0	0.377656	0	0	0	0.131353	
0.60288	0	0	0	0.375584	0	0	0	0.129856	
0.601168	0	0	0	0.373524	0	0	0	0.128375	
0.599462	0	0	0	0.371474	0	0	0	0.126911	
0.59776	0	0	0	0.369436	0	0	0	0.125464	
0.596063	0	0	0	0.36741	0	0	0	0.124034	
0.594371	0	0	0	0.365394	0	0	0	0.122619	
0.592684	0	0	0	0.363389	0	0	0	0.121221	
0.591001	0	0	0	0.361396	0	0	0	0.119839	
0.589323	0	0	0	0.359413	0	0	0	0.118473	
0.587651	0	0	0	0.357441	0	0	0	0.117122	
0.585982	0	0	0	0.35548	0	0	0	0.115786	
0.584319	0	0	0	0.35353	0	0	0	0.114466	
0.58266	0	0	0	0.35159	0	0	0	0.113161	
0.581006	0	0	0	0.349661	0	0	0	0.111871	
0.579357	0	0	0	0.347743	0	0	0	0.110595	
0.577712	0	0	0	0.345835	0	0	0	0.109334	
0.576072	0	0	0	0.343938	0	0	0	0.108087	
0.574437	0	0	0	0.342051	0	0	0	0.106855	
0.572806	0	0	0	0.340174	0	0	0	0.105637	
0.57118	0	0	0	0.338308	0	0	0	0.104432	
0.569558	0	0	0	0.336452	0	0	0	0.103241	
0.567941	0	0	0	0.334606	0	0	0	0.102064	
0.566329	0	0	0	0.33277	0	0	0	0.1009	
