1	0	0	0	1	0	0	0	1	
0.999997	1.65585e-06	0	0	0.989747	0	0	0	0.989747	
0.999993	6.47869e-06	0	0	0.979707	0	0	0	0.979707	
0.99999	1.4308e-05	0	0	0.969774	0	0	0	0.969774	
0.999986	2.4981e-05	0	0	0.959946	0	0	0	0.959946	
0.999983	3.83481e-05	0	0	0.950222	0	0	0	0.950222	
0.999979	5.4271e-05	0	0	0.940601	0	0	0	0.940601	
0.999976	7.26219e-05	0	0	0.931082	0	0	0	0.931082	
0.999972	9.3282e-05	0	0	0.921662	0	0	0	0.921662	
0.999969	0.000116141	0	0	0.912342	0	0	0	0.912342	
0.999966	0.000141094	0	0	0.903119	0	0	0	0.903119	
0.999962	0.000168046	0	0	0.893993	0	0	0	0.893993	
0.999959	0.000196905	0	0	0.884963	0	0	0	0.884963	
0.999955	0.000227586	0	0	0.876028	0	0	0	0.876028	
0.999952	0.000260008	0	0	0.867185	0	0	0	0.867185	
0.999948	0.000294095	0	0	0.858435	0	0	0	0.858435	
0.999945	0.000329774	0	0	0.849777	0	0	0	0.849777	
0.999941	0.000366977	0	0	0.841209	0	0	0	0.841209	
0.999938	0.000405639	0	0	0.83273	0	0	0	0.83273	
0.999935	0.000445697	0	0	0.824339	0	0	0	0.824339	
0.999931	0.000487093	0	0	0.816035	0	0	0	0.816035	
0.999928	0.00052977	0	0	0.807818	0	0	0	0.807818	
0.999924	0.000573674	0	0	0.799686	0	0	0	0.799686	
0.999921	0.000618754	0	0	0.791639	0	0	0	0.791639	
0.999917	0.000664959	0	0	0.783675	0	0	0	0.783675	
0.999914	0.000712244	0	0	0.775793	0	0	0	0.775793	
0.99991	0.000760561	0	0	0.767993	0	0	0	0.767993	
0.999907	0.000809868	0	0	0.760274	0	0	0	0.760274	
0.999903	0.000860123	0	0	0.752635	0	0	0	0.752635	
0.9999	0.000911284	0	0	0.745075	0	0	0	0.745075	
0.999897	0.000963314	0	0	0.737592	0	0	0	0.737592	
0.999893	0.00101617	0	0	0.730188	0	0	0	0.730188	
0.99989	0.00106983	0	0	0.722859	0	0	0	0.722859	
0.999886	0.00112424	0	0	0.715606	0	0	0	0.715606	
0.999883	0.00117938	0	0	0.708428	0	0	0	0.708428	
0.999879	0.00123522	0	0	0.701324	0	0	0	0.701324	
0.999876	0.00129171	0	0	0.694292	0	0	0	0.694292	
0.999872	0.00134884	0	0	0.687334	0	0	0	0.687334	
0.999869	0.00140657	0	0	0.680446	0	0	0	0.680446	
0.999866	0.00146488	0	0	0.67363	0	0	0	0.67363	
0.999862	0.00152373	0	0	0.666884	0	0	0	0.666884	
0.999859	0.0015831	0	0	0.660207	0	0	0	0.660207	
0.999855	0.00164297	0	0	0.653598	0	0	0	0.653598	
0.999852	0.00170331	0	0	0.647058	0	0	0	0.647058	
0.999848	0.00176409	0	0	0.640584	0	0	0	0.640584	
0.999845	0.0018253	0	0	0.634177	0	0	0	0.634177	
0.999841	0.0018869	0	0	0.627836	0	0	0	0.627836	
0.999838	0.00194888	0	0	0.621559	0	0	0	0.621559	
0.999835	0.00201122	0	0	0.615347	0	0	0	0.615347	
0.999831	0.0020739	0	0	0.609198	0	0	0	0.609198	
0.999828	0.00213689	0	0	0.603112	0	0	0	0.603112	
0.999824	0.00220018	0	0	0.597089	0	0	0	0.597089	
0.999821	0.00226375	0	0	0.591127	0	0	0	0.591127	
0.999817	0.00232758	0	0	0.585226	0	0	0	0.585226	
0.999814	0.00239165	0	0	0.579385	0	0	0	0.579385	
0.99981	0.00245594	0	0	0.573604	0	0	0	0.573604	
0.999807	0.00252045	0	0	0.567882	0	0	0	0.567882	
0.999804	0.00258515	0	0	0.562218	0	0	0	0.562218	
0.9998	0.00265002	0	0	0.556613	0	0	0	0.556613	
0.999797	0.00271506	0	0	0.551064	0	0	0	0.551064	
0.999793	0.00278024	0	0	0.545572	0	0	0	0.545572	
0.99979	0.00284555	0	0	0.540135	0	0	0	0.540135	
0.999786	0.00291099	0	0	0.534755	0	0	0	0.534755	
0.999783	0.00297653	0	0	0.529428	0	0	0	0.529428	
0.999779	0.00304216	0	0	0.524157	0	0	0	0.524157	
0.999776	0.00310787	0	0	0.518938	0	0	0	0.518938	
0.999773	0.00317365	0	0	0.513773	0	0	0	0.513773	
0.999769	0.00323949	0	0	0.508661	0	0	0	0.508661	
0.999766	0.00330537	0	0	0.5036	0	0	0	0.5036	
0.999762	0.00337128	0	0	0.498591	0	0	0	0.498591	
0.999759	0.00343721	0	0	0.493632	0	0	0	0.493632	
0.999755	0.00350316	0	0	0.488724	0	0	0	0.488724	
0.999752	0.0035691	0	0	0.483866	0	0	0	0.483866	
0.999748	0.00363504	0	0	0.479057	0	0	0	0.479057	
0.999745	0.00370095	0	0	0.474297	0	0	0	0.474297	
0.999742	0.00376684	0	0	0.469586	0	0	0	0.469586	
0.999738	0.00383269	0	0	0.464922	0	0	0	0.464922	
0.999735	0.0038985	0	0	0.460305	0	0	0	0.460305	
0.999731	0.00396425	0	0	0.455735	0	0	0	0.455735	
0.999728	0.00402993	0	0	0.451211	0	0	0	0.451211	
0.999724	0.00409555	0	0	0.446733	0	0	0	0.446733	
0.999721	0.00416108	0	0	0.442301	0	0	0	0.442301	
0.999717	0.00422653	0	0	0.437913	0	0	0	0.437913	
0.999714	0.00429189	0	0	0.43357	0	0	0	0.43357	
0.999711	0.00435714	0	0	0.429271	0	0	0	0.429271	
0.999707	0.00442229	0	0	0.425015	0	0	0	0.425015	
0.999704	0.00448732	0	0	0.420802	0	0	0	0.420802	
0.9997	0.00455223	0	0	0.416632	0	0	0	0.416632	
0.999697	0.00461701	0	0	0.412503	0	0	0	0.412503	
0.999693	0.00468166	0	0	0.408417	0	0	0	0.408417	
0.99969	0.00474616	0	0	0.404372	0	0	0	0.404372	
0.999686	0.00481053	0	0	0.400368	0	0	0	0.400368	
0.999683	0.00487474	0	0	0.396404	0	0	0	0.396404	
0.99968	0.00493879	0	0	0.39248	0	0	0	0.39248	
0.999676	0.00500269	0	0	0.388595	0	0	0	0.388595	
0.999673	0.00506641	0	0	0.38475	0	0	0	0.38475	
0.999669	0.00512997	0	0	0.380944	0	0	0	0.380944	
0.999666	0.00519335	0	0	0.377176	0	0	0	0.377176	
0.999662	0.00525655	0	0	0.373446	0	0	0	0.373446	
0.999659	0.00531956	0	0	0.369753	0	0	0	0.369753	
0.999655	0.00538238	0	0	0.366098	0	0	0	0.366098	
0.999652	0.00544501	0	0	0.362479	0	0	0	0.362479	
0.999649	0.00550745	0	0	0.358897	0	0	0	0.358897	
0.999645	0.00556968	0	0	0.355351	0	0	0	0.355351	
0.999642	0.0056317	0	0	0.351841	0	0	0	0.351841	
0.999638	0.00569352	0	0	0.348366	0	0	0	0.348366	
0.999635	0.00575513	0	0	0.344926	0	0	0	0.344926	
0.999631	0.00581652	0	0	0.34152	0	0	0	0.34152	
0.999628	0.00587769	0	0	0.338149	0	0	0	0.338149	
0.999624	0.00593864	0	0	0.334812	0	0	0	0.334812	
0.999621	0.00599937	0	0	0.331508	0	0	0	0.331508	
0.999618	0.00605987	0	0	0.328237	0	0	0	0.328237	
0.999614	0.00612014	0	0	0.324999	0	0	0	0.324999	
0.999611	0.00618017	0	0	0.321794	0	0	0	0.321794	
0.999607	0.00623998	0	0	0.318621	0	0	0	0.318621	
0.999604	0.00629954	0	0	0.315479	0	0	0	0.315479	
0.9996	0.00635886	0	0	0.31237	0	0	0	0.31237	
0.999597	0.00641795	0	0	0.309291	0	0	0	0.309291	
0.999593	0.00647678	0	0	0.306243	0	0	0	0.306243	
0.99959	0.00653537	0	0	0.303226	0	0	0	0.303226	
0.999587	0.00659372	0	0	0.300239	0	0	0	0.300239	
0.999583	0.00665181	0	0	0.297282	0	0	0	0.297282	
0.99958	0.00670965	0	0	0.294355	0	0	0	0.294355	
0.999576	0.00676724	0	0	0.291457	0	0	0	0.291457	
0.999573	0.00682457	0	0	0.288588	0	0	0	0.288588	
0.999569	0.00688165	0	0	0.285747	0	0	0	0.285747	
0.999566	0.00693846	0	0	0.282935	0	0	0	0.282935	
0.999562	0.00699502	0	0	0.280152	0	0	0	0.280152	
0.999559	0.00705132	0	0	0.277396	0	0	0	0.277396	
0.999556	0.00710735	0	0	0.274667	0	0	0	0.274667	
0.999552	0.00716313	0	0	0.271966	0	0	0	0.271966	
0.999549	0.00721863	0	0	0.269292	0	0	0	0.269292	
0.999545	0.00727388	0	0	0.266645	0	0	0	0.266645	
0.999542	0.00732885	0	0	0.264024	0	0	0	0.264024	
0.999538	0.00738356	0	0	0.261429	0	0	0	0.261429	
0.999535	0.007438	0	0	0.258861	0	0	0	0.258861	
0.999531	0.00749217	0	0	0.256317	0	0	0	0.256317	
0.999528	0.00754607	0	0	0.2538	0	0	0	0.2538	
0.999525	0.00759971	0	0	0.251307	0	0	0	0.251307	
0.999521	0.00765307	0	0	0.24884	0	0	0	0.24884	
0.999518	0.00770616	0	0	0.246396	0	0	0	0.246396	
0.999514	0.00775898	0	0	0.243978	0	0	0	0.243978	
0.999511	0.00781152	0	0	0.241583	0	0	0	0.241583	
0.999507	0.00786379	0	0	0.239213	0	0	0	0.239213	
0.999504	0.00791579	0	0	0.236866	0	0	0	0.236866	
0.9995	0.00796752	0	0	0.234542	0	0	0	0.234542	
0.999497	0.00801897	0	0	0.232241	0	0	0	0.232241	
0.999494	0.00807015	0	0	0.229964	0	0	0	0.229964	
0.99949	0.00812106	0	0	0.227709	0	0	0	0.227709	
0.999487	0.00817169	0	0	0.225477	0	0	0	0.225477	
0.999483	0.00822205	0	0	0.223266	0	0	0	0.223266	
0.99948	0.00827213	0	0	0.221078	0	0	0	0.221078	
0.999476	0.00832194	0	0	0.218912	0	0	0	0.218912	
0.999473	0.00837147	0	0	0.216767	0	0	0	0.216767	
0.999469	0.00842073	0	0	0.214644	0	0	0	0.214644	
0.999466	0.00846972	0	0	0.212541	0	0	0	0.212541	
0.999463	0.00851843	0	0	0.21046	0	0	0	0.21046	
0.999459	0.00856686	0	0	0.208399	0	0	0	0.208399	
0.999456	0.00861503	0	0	0.206359	0	0	0	0.206359	
0.999452	0.00866292	0	0	0.204339	0	0	0	0.204339	
0.999449	0.00871054	0	0	0.202339	0	0	0	0.202339	
0.999445	0.00875788	0	0	0.200359	0	0	0	0.200359	
0.999442	0.00880496	0	0	0.198399	0	0	0	0.198399	
0.999438	0.00885176	0	0	0.196458	0	0	0	0.196458	
0.999435	0.00889829	0	0	0.194536	0	0	0	0.194536	
0.999432	0.00894455	0	0	0.192634	0	0	0	0.192634	
0.999428	0.00899053	0	0	0.19075	0	0	0	0.19075	
0.999425	0.00903625	0	0	0.188886	0	0	0	0.188886	
0.999421	0.0090817	0	0	0.187039	0	0	0	0.187039	
0.999418	0.00912688	0	0	0.185211	0	0	0	0.185211	
0.999414	0.00917179	0	0	0.183401	0	0	0	0.183401	
0.999411	0.00921643	0	0	0.181609	0	0	0	0.181609	
0.999407	0.0092608	0	0	0.179835	0	0	0	0.179835	
0.999404	0.00930491	0	0	0.178078	0	0	0	0.178078	
0.999401	0.00934875	0	0	0.176339	0	0	0	0.176339	
0.999397	0.00939233	0	0	0.174617	0	0	0	0.174617	
0.999394	0.00943564	0	0	0.172912	0	0	0	0.172912	
0.99939	0.00947869	0	0	0.171224	0	0	0	0.171224	
0.999387	0.00952147	0	0	0.169553	0	0	0	0.169553	
0.999383	0.00956399	0	0	0.167898	0	0	0	0.167898	
0.99938	0.00960625	0	0	0.16626	0	0	0	0.16626	
0.999376	0.00964824	0	0	0.164638	0	0	0	0.164638	
0.999373	0.00968998	0	0	0.163032	0	0	0	0.163032	
0.99937	0.00973146	0	0	0.161442	0	0	0	0.161442	
0.999366	0.00977267	0	0	0.159868	0	0	0	0.159868	
0.999363	0.00981363	0	0	0.158309	0	0	0	0.158309	
0.999359	0.00985434	0	0	0.156765	0	0	0	0.156765	
0.999356	0.00989478	0	0	0.155237	0	0	0	0.155237	
0.999352	0.00993497	0	0	0.153724	0	0	0	0.153724	
0.999349	0.00997491	0	0	0.152226	0	0	0	0.152226	
0.999345	0.0100146	0	0	0.150743	0	0	0	0.150743	
0.999342	0.010054	0	0	0.149274	0	0	0	0.149274	
0.999339	0.0100932	0	0	0.14782	0	0	0	0.14782	
0.999335	0.0101321	0	0	0.146381	0	0	0	0.146381	
0.999332	0.0101708	0	0	0.144955	0	0	0	0.144955	
0.999328	0.0102092	0	0	0.143544	0	0	0	0.143544	
0.999325	0.0102474	0	0	0.142146	0	0	0	0.142146	
0.999321	0.0102853	0	0	0.140763	0	0	0	0.140763	
0.999318	0.010323	0	0	0.139393	0	0	0	0.139393	
0.999314	0.0103605	0	0	0.138036	0	0	0	0.138036	
0.999311	0.0103977	0	0	0.136693	0	0	0	0.136693	
0.999308	0.0104346	0	0	0.135363	0	0	0	0.135363	
0.999304	0.0104713	0	0	0.134047	0	0	0	0.134047	
0.999301	0.0105078	0	0	0.132743	0	0	0	0.132743	
0.999297	0.010544	0	0	0.131452	0	0	0	0.131452	
0.999294	0.01058	0	0	0.130174	0	0	0	0.130174	
0.99929	0.0106158	0	0	0.128908	0	0	0	0.128908	
0.999287	0.0106513	0	0	0.127655	0	0	0	0.127655	
0.999283	0.0106866	0	0	0.126415	0	0	0	0.126415	
0.99928	0.0107216	0	0	0.125186	0	0	0	0.125186	
0.999277	0.0107565	0	0	0.12397	0	0	0	0.12397	
0.999273	0.010791	0	0	0.122766	0	0	0	0.122766	
0.99927	0.0108254	0	0	0.121573	0	0	0	0.121573	
0.999266	0.0108595	0	0	0.120392	0	0	0	0.120392	
0.999263	0.0108934	0	0	0.119223	0	0	0	0.119223	
0.999259	0.0109271	0	0	0.118066	0	0	0	0.118066	
0.999256	0.0109605	0	0	0.116919	0	0	0	0.116919	
0.999252	0.0109937	0	0	0.115784	0	0	0	0.115784	
0.999249	0.0110267	0	0	0.114661	0	0	0	0.114661	
0.999246	0.0110594	0	0	0.113548	0	0	0	0.113548	
0.999242	0.011092	0	0	0.112446	0	0	0	0.112446	
0.999239	0.0111243	0	0	0.111355	0	0	0	0.111355	
0.999235	0.0111564	0	0	0.110275	0	0	0	0.110275	
0.999232	0.0111883	0	0	0.109205	0	0	0	0.109205	
0.999228	0.0112199	0	0	0.108146	0	0	0	0.108146	
0.999225	0.0112514	0	0	0.107098	0	0	0	0.107098	
0.999221	0.0112826	0	0	0.106059	0	0	0	0.106059	
0.999218	0.0113136	0	0	0.105031	0	0	0	0.105031	
0.999215	0.0113444	0	0	0.104013	0	0	0	0.104013	
0.999211	0.011375	0	0	0.103005	0	0	0	0.103005	
0.999208	0.0114053	0	0	0.102007	0	0	0	0.102007	
0.999204	0.0114355	0	0	0.101019	0	0	0	0.101019	
0.999201	0.0114655	0	0	0.10004	0	0	0	0.10004	
0.999197	0.0114952	0	0	0.0990711	0	0	0	0.0990711	
0.999194	0.0115247	0	0	0.0981117	0	0	0	0.0981117	
0.99919	0.0115541	0	0	0.0971616	0	0	0	0.0971616	
0.999187	0.0115832	0	0	0.0962208	0	0	0	0.0962208	
0.999184	0.0116121	0	0	0.0952893	0	0	0	0.0952893	
0.99918	0.0116408	0	0	0.0943669	0	0	0	0.0943669	
0.999177	0.0116693	0	0	0.0934536	0	0	0	0.0934536	
0.999173	0.0116977	0	0	0.0925492	0	0	0	0.0925492	
0.99917	0.0117258	0	0	0.0916537	0	0	0	0.0916537	
0.999166	0.0117537	0	0	0.090767	0	0	0	0.090767	
0.999163	0.0117814	0	0	0.089889	0	0	0	0.089889	
0.999159	0.011809	0	0	0.0890196	0	0	0	0.0890196	
0.999156	0.0118363	0	0	0.0881587	0	0	0	0.0881587	
0.999153	0.0118634	0	0	0.0873062	0	0	0	0.0873062	
0.999149	0.0118904	0	0	0.0864621	0	0	0	0.0864621	
0.999146	0.0119171	0	0	0.0856263	0	0	0	0.0856263	
0.999142	0.0119437	0	0	0.0847986	0	0	0	0.0847986	
0.999139	0.0119701	0	0	0.0839791	0	0	0	0.0839791	
0.999135	0.0119962	0	0	0.0831676	0	0	0	0.0831676	
0.999132	0.0120222	0	0	0.082364	0	0	0	0.082364	
0.999128	0.0120481	0	0	0.0815683	0	0	0	0.0815683	
0.999125	0.0120737	0	0	0.0807804	0	0	0	0.0807804	
0.999122	0.0120991	0	0	0.0800002	0	0	0	0.0800002	
0.999118	0.0121244	0	0	0.0792276	0	0	0	0.0792276	
0.999115	0.0121495	0	0	0.0784626	0	0	0	0.0784626	
0.999111	0.0121744	0	0	0.0777051	0	0	0	0.0777051	
0.999108	0.0121991	0	0	0.076955	0	0	0	0.076955	
0.999104	0.0122237	0	0	0.0762122	0	0	0	0.0762122	
0.999101	0.012248	0	0	0.0754767	0	0	0	0.0754767	
0.999097	0.0122722	0	0	0.0747484	0	0	0	0.0747484	
0.999094	0.0122962	0	0	0.0740272	0	0	0	0.0740272	
0.999091	0.0123201	0	0	0.073313	0	0	0	0.073313	
0.999087	0.0123437	0	0	0.0726058	0	0	0	0.0726058	
0.999084	0.0123672	0	0	0.0719056	0	0	0	0.0719056	
0.99908	0.0123906	0	0	0.0712122	0	0	0	0.0712122	
0.999077	0.0124137	0	0	0.0705255	0	0	0	0.0705255	
0.999073	0.0124367	0	0	0.0698456	0	0	0	0.0698456	
0.99907	0.0124595	0	0	0.0691723	0	0	0	0.0691723	
0.999066	0.0124822	0	0	0.0685055	0	0	0	0.0685055	
0.999063	0.0125047	0	0	0.0678453	0	0	0	0.0678453	
0.99906	0.012527	0	0	0.0671916	0	0	0	0.0671916	
0.999056	0.0125492	0	0	0.0665442	0	0	0	0.0665442	
0.999053	0.0125712	0	0	0.0659031	0	0	0	0.0659031	
0.999049	0.012593	0	0	0.0652683	0	0	0	0.0652683	
0.999046	0.0126147	0	0	0.0646397	0	0	0	0.0646397	
0.999042	0.0126362	0	0	0.0640172	0	0	0	0.0640172	
0.999039	0.0126576	0	0	0.0634008	0	0	0	0.0634008	
0.999035	0.0126788	0	0	0.0627904	0	0	0	0.0627904	
0.999032	0.0126998	0	0	0.0621859	0	0	0	0.0621859	
0.999029	0.0127207	0	0	0.0615874	0	0	0	0.0615874	
0.999025	0.0127414	0	0	0.0609947	0	0	0	0.0609947	
0.999022	0.012762	0	0	0.0604077	0	0	0	0.0604077	
0.999018	0.0127825	0	0	0.0598265	0	0	0	0.0598265	
0.999015	0.0128027	0	0	0.0592509	0	0	0	0.0592509	
0.999011	0.0128229	0	0	0.058681	0	0	0	0.058681	
0.999008	0.0128429	0	0	0.0581166	0	0	0	0.0581166	
0.999005	0.0128627	0	0	0.0575577	0	0	0	0.0575577	
0.999001	0.0128824	0	0	0.0570042	0	0	0	0.0570042	
0.998998	0.0129019	0	0	0.0564562	0	0	0	0.0564562	
0.998994	0.0129213	0	0	0.0559134	0	0	0	0.0559134	
0.998991	0.0129406	0	0	0.055376	0	0	0	0.055376	
0.998987	0.0129597	0	0	0.0548438	0	0	0	0.0548438	
0.998984	0.0129786	0	0	0.0543168	0	0	0	0.0543168	
0.99898	0.0129975	0	0	0.0537949	0	0	0	0.0537949	
0.998977	0.0130162	0	0	0.053278	0	0	0	0.053278	
0.998974	0.0130347	0	0	0.0527662	0	0	0	0.0527662	
0.99897	0.0130531	0	0	0.0522594	0	0	0	0.0522594	
0.998967	0.0130714	0	0	0.0517575	0	0	0	0.0517575	
0.998963	0.0130895	0	0	0.0512605	0	0	0	0.0512605	
0.99896	0.0131075	0	0	0.0507684	0	0	0	0.0507684	
0.998956	0.0131254	0	0	0.050281	0	0	0	0.050281	
0.998953	0.0131431	0	0	0.0497983	0	0	0	0.0497983	
0.998949	0.0131607	0	0	0.0493204	0	0	0	0.0493204	
0.998946	0.0131781	0	0	0.0488471	0	0	0	0.0488471	
0.998943	0.0131955	0	0	0.0483783	0	0	0	0.0483783	
0.998939	0.0132127	0	0	0.0479142	0	0	0	0.0479142	
0.998936	0.0132297	0	0	0.0474545	0	0	0	0.0474545	
0.998932	0.0132467	0	0	0.0469994	0	0	0	0.0469994	
0.998929	0.0132635	0	0	0.0465486	0	0	0	0.0465486	
0.998925	0.0132802	0	0	0.0461022	0	0	0	0.0461022	
0.998922	0.0132968	0	0	0.0456602	0	0	0	0.0456602	
0.998918	0.0133132	0	0	0.0452224	0	0	0	0.0452224	
0.998915	0.0133295	0	0	0.0447889	0	0	0	0.0447889	
0.998912	0.0133457	0	0	0.0443596	0	0	0	0.0443596	
0.998908	0.0133618	0	0	0.0439345	0	0	0	0.0439345	
0.998905	0.0133777	0	0	0.0435135	0	0	0	0.0435135	
0.998901	0.0133935	0	0	0.0430965	0	0	0	0.0430965	
0.998898	0.0134092	0	0	0.0426837	0	0	0	0.0426837	
0.998894	0.0134248	0	0	0.0422748	0	0	0	0.0422748	
0.998891	0.0134403	0	0	0.0418699	0	0	0	0.0418699	
0.998887	0.0134556	0	0	0.0414689	0	0	0	0.0414689	
0.998884	0.0134709	0	0	0.0410718	0	0	0	0.0410718	
0.998881	0.013486	0	0	0.0406786	0	0	0	0.0406786	
0.998877	0.013501	0	0	0.0402892	0	0	0	0.0402892	
0.998874	0.0135159	0	0	0.0399035	0	0	0	0.0399035	
0.99887	0.0135306	0	0	0.0395216	0	0	0	0.0395216	
0.998867	0.0135453	0	0	0.0391434	0	0	0	0.0391434	
0.998863	0.0135599	0	0	0.0387688	0	0	0	0.0387688	
0.99886	0.0135743	0	0	0.0383979	0	0	0	0.0383979	
0.998856	0.0135886	0	0	0.0380306	0	0	0	0.0380306	
0.998853	0.0136028	0	0	0.0376668	0	0	0	0.0376668	
0.99885	0.0136169	0	0	0.0373066	0	0	0	0.0373066	
0.998846	0.013631	0	0	0.0369498	0	0	0	0.0369498	
0.998843	0.0136448	0	0	0.0365965	0	0	0	0.0365965	
0.998839	0.0136586	0	0	0.0362466	0	0	0	0.0362466	
0.998836	0.0136723	0	0	0.0359001	0	0	0	0.0359001	
0.998832	0.0136859	0	0	0.035557	0	0	0	0.035557	
0.998829	0.0136994	0	0	0.0352172	0	0	0	0.0352172	
0.998825	0.0137127	0	0	0.0348806	0	0	0	0.0348806	
0.998822	0.013726	0	0	0.0345473	0	0	0	0.0345473	
0.998819	0.0137392	0	0	0.0342173	0	0	0	0.0342173	
0.998815	0.0137522	0	0	0.0338904	0	0	0	0.0338904	
0.998812	0.0137652	0	0	0.0335667	0	0	0	0.0335667	
0.998808	0.0137781	0	0	0.0332462	0	0	0	0.0332462	
0.998805	0.0137908	0	0	0.0329287	0	0	0	0.0329287	
0.998801	0.0138035	0	0	0.0326143	0	0	0	0.0326143	
0.998798	0.0138161	0	0	0.0323029	0	0	0	0.0323029	
0.998795	0.0138286	0	0	0.0319946	0	0	0	0.0319946	
0.998791	0.0138409	0	0	0.0316892	0	0	0	0.0316892	
0.998788	0.0138532	0	0	0.0313868	0	0	0	0.0313868	
0.998784	0.0138654	0	0	0.0310873	0	0	0	0.0310873	
0.998781	0.0138775	0	0	0.0307907	0	0	0	0.0307907	
0.998777	0.0138895	0	0	0.030497	0	0	0	0.030497	
0.998774	0.0139014	0	0	0.030206	0	0	0	0.030206	
0.99877	0.0139132	0	0	0.029918	0	0	0	0.029918	
0.998767	0.0139249	0	0	0.0296326	0	0	0	0.0296326	
0.998764	0.0139366	0	0	0.0293501	0	0	0	0.0293501	
0.99876	0.0139481	0	0	0.0290703	0	0	0	0.0290703	
0.998757	0.0139596	0	0	0.0287931	0	0	0	0.0287931	
0.998753	0.0139709	0	0	0.0285187	0	0	0	0.0285187	
0.99875	0.0139822	0	0	0.0282469	0	0	0	0.0282469	
0.998746	0.0139934	0	0	0.0279777	0	0	0	0.0279777	
0.998743	0.0140045	0	0	0.0277111	0	0	0	0.0277111	
0.998739	0.0140155	0	0	0.0274471	0	0	0	0.0274471	
0.998736	0.0140265	0	0	0.0271856	0	0	0	0.0271856	
0.998733	0.0140373	0	0	0.0269267	0	0	0	0.0269267	
0.998729	0.0140481	0	0	0.0266702	0	0	0	0.0266702	
0.998726	0.0140588	0	0	0.0264163	0	0	0	0.0264163	
0.998722	0.0140694	0	0	0.0261647	0	0	0	0.0261647	
0.998719	0.0140799	0	0	0.0259156	0	0	0	0.0259156	
0.998715	0.0140903	0	0	0.0256689	0	0	0	0.0256689	
0.998712	0.0141007	0	0	0.0254246	0	0	0	0.0254246	
0.998708	0.0141109	0	0	0.0251826	0	0	0	0.0251826	
0.998705	0.0141211	0	0	0.024943	0	0	0	0.024943	
0.998702	0.0141312	0	0	0.0247057	0	0	0	0.0247057	
0.998698	0.0141413	0	0	0.0244706	0	0	0	0.0244706	
0.998695	0.0141512	0	0	0.0242379	0	0	0	0.0242379	
0.998691	0.0141611	0	0	0.0240073	0	0	0	0.0240073	
0.998688	0.0141709	0	0	0.023779	0	0	0	0.023779	
0.998684	0.0141806	0	0	0.0235529	0	0	0	0.0235529	
0.998681	0.0141903	0	0	0.023329	0	0	0	0.023329	
0.998677	0.0141998	0	0	0.0231072	0	0	0	0.0231072	
0.998674	0.0142093	0	0	0.0228875	0	0	0	0.0228875	
0.998671	0.0142188	0	0	0.02267	0	0	0	0.02267	
0.998667	0.0142281	0	0	0.0224545	0	0	0	0.0224545	
0.998664	0.0142374	0	0	0.0222412	0	0	0	0.0222412	
0.99866	0.0142466	0	0	0.0220299	0	0	0	0.0220299	
0.998657	0.0142557	0	0	0.0218206	0	0	0	0.0218206	
0.998653	0.0142648	0	0	0.0216133	0	0	0	0.0216133	
0.99865	0.0142738	0	0	0.021408	0	0	0	0.021408	
0.998647	0.0142827	0	0	0.0212047	0	0	0	0.0212047	
0.998643	0.0142916	0	0	0.0210034	0	0	0	0.0210034	
0.99864	0.0143003	0	0	0.020804	0	0	0	0.020804	
0.998636	0.0143091	0	0	0.0206065	0	0	0	0.0206065	
0.998633	0.0143177	0	0	0.0204109	0	0	0	0.0204109	
0.998629	0.0143263	0	0	0.0202172	0	0	0	0.0202172	
0.998626	0.0143348	0	0	0.0200253	0	0	0	0.0200253	
0.998622	0.0143432	0	0	0.0198353	0	0	0	0.0198353	
0.998619	0.0143516	0	0	0.0196471	0	0	0	0.0196471	
0.998616	0.0143599	0	0	0.0194607	0	0	0	0.0194607	
0.998612	0.0143682	0	0	0.0192761	0	0	0	0.0192761	
0.998609	0.0143763	0	0	0.0190933	0	0	0	0.0190933	
0.998605	0.0143845	0	0	0.0189122	0	0	0	0.0189122	
0.998602	0.0143925	0	0	0.0187329	0	0	0	0.0187329	
0.998598	0.0144005	0	0	0.0185553	0	0	0	0.0185553	
0.998595	0.0144084	0	0	0.0183794	0	0	0	0.0183794	
0.998591	0.0144163	0	0	0.0182052	0	0	0	0.0182052	
0.998588	0.0144241	0	0	0.0180327	0	0	0	0.0180327	
0.998585	0.0144318	0	0	0.0178618	0	0	0	0.0178618	
0.998581	0.0144395	0	0	0.0176926	0	0	0	0.0176926	
0.998578	0.0144471	0	0	0.0175249	0	0	0	0.0175249	
0.998574	0.0144547	0	0	0.0173589	0	0	0	0.0173589	
0.998571	0.0144622	0	0	0.0171945	0	0	0	0.0171945	
0.998567	0.0144697	0	0	0.0170317	0	0	0	0.0170317	
0.998564	0.014477	0	0	0.0168704	0	0	0	0.0168704	
0.99856	0.0144844	0	0	0.0167107	0	0	0	0.0167107	
0.998557	0.0144916	0	0	0.0165525	0	0	0	0.0165525	
0.998554	0.0144988	0	0	0.0163958	0	0	0	0.0163958	
0.99855	0.014506	0	0	0.0162406	0	0	0	0.0162406	
0.998547	0.0145131	0	0	0.0160869	0	0	0	0.0160869	
0.998543	0.0145201	0	0	0.0159347	0	0	0	0.0159347	
0.99854	0.0145271	0	0	0.0157839	0	0	0	0.0157839	
0.998536	0.0145341	0	0	0.0156346	0	0	0	0.0156346	
0.998533	0.0145409	0	0	0.0154867	0	0	0	0.0154867	
0.99853	0.0145478	0	0	0.0153403	0	0	0	0.0153403	
0.998526	0.0145545	0	0	0.0151952	0	0	0	0.0151952	
0.998523	0.0145612	0	0	0.0150515	0	0	0	0.0150515	
0.998519	0.0145679	0	0	0.0149092	0	0	0	0.0149092	
0.998516	0.0145745	0	0	0.0147683	0	0	0	0.0147683	
0.998512	0.0145811	0	0	0.0146287	0	0	0	0.0146287	
0.998509	0.0145876	0	0	0.0144904	0	0	0	0.0144904	
0.998505	0.014594	0	0	0.0143535	0	0	0	0.0143535	
0.998502	0.0146004	0	0	0.0142179	0	0	0	0.0142179	
0.998499	0.0146068	0	0	0.0140835	0	0	0	0.0140835	
0.998495	0.0146131	0	0	0.0139505	0	0	0	0.0139505	
0.998492	0.0146193	0	0	0.0138187	0	0	0	0.0138187	
0.998488	0.0146255	0	0	0.0136882	0	0	0	0.0136882	
0.998485	0.0146317	0	0	0.013559	0	0	0	0.013559	
0.998481	0.0146378	0	0	0.0134309	0	0	0	0.0134309	
0.998478	0.0146439	0	0	0.0133041	0	0	0	0.0133041	
0.998474	0.0146499	0	0	0.0131786	0	0	0	0.0131786	
0.998471	0.0146558	0	0	0.0130542	0	0	0	0.0130542	
0.998468	0.0146618	0	0	0.012931	0	0	0	0.012931	
0.998464	0.0146676	0	0	0.012809	0	0	0	0.012809	
0.998461	0.0146734	0	0	0.0126881	0	0	0	0.0126881	
0.998457	0.0146792	0	0	0.0125684	0	0	0	0.0125684	
0.998454	0.014685	0	0	0.0124499	0	0	0	0.0124499	
0.99845	0.0146906	0	0	0.0123324	0	0	0	0.0123324	
0.998447	0.0146963	0	0	0.0122162	0	0	0	0.0122162	
0.998443	0.0147019	0	0	0.012101	0	0	0	0.012101	
0.99844	0.0147074	0	0	0.0119869	0	0	0	0.0119869	
0.998437	0.0147129	0	0	0.0118739	0	0	0	0.0118739	
0.998433	0.0147184	0	0	0.011762	0	0	0	0.011762	
0.99843	0.0147238	0	0	0.0116511	0	0	0	0.0116511	
0.998426	0.0147292	0	0	0.0115413	0	0	0	0.0115413	
0.998423	0.0147345	0	0	0.0114326	0	0	0	0.0114326	
0.998419	0.0147398	0	0	0.0113249	0	0	0	0.0113249	
0.998416	0.0147451	0	0	0.0112182	0	0	0	0.0112182	
0.998413	0.0147503	0	0	0.0111125	0	0	0	0.0111125	
0.998409	0.0147554	0	0	0.0110079	0	0	0	0.0110079	
0.998406	0.0147606	0	0	0.0109042	0	0	0	0.0109042	
0.998402	0.0147657	0	0	0.0108016	0	0	0	0.0108016	
0.998399	0.0147707	0	0	0.0106999	0	0	0	0.0106999	
0.998395	0.0147757	0	0	0.0105992	0	0	0	0.0105992	
0.998392	0.0147807	0	0	0.0104994	0	0	0	0.0104994	
0.998388	0.0147856	0	0	0.0104006	0	0	0	0.0104006	
0.998385	0.0147905	0	0	0.0103027	0	0	0	0.0103027	
0.998382	0.0147953	0	0	0.0102058	0	0	0	0.0102058	
0.998378	0.0148002	0	0	0.0101098	0	0	0	0.0101098	
0.998375	0.0148049	0	0	0.0100147	0	0	0	0.0100147	
0.998371	0.0148097	0	0	0.00992053	0	0	0	0.00992053	
0.998368	0.0148144	0	0	0.00982724	0	0	0	0.00982724	
0.998364	0.014819	0	0	0.00973484	0	0	0	0.00973484	
0.998361	0.0148236	0	0	0.00964332	0	0	0	0.00964332	
0.998357	0.0148282	0	0	0.00955268	0	0	0	0.00955268	
0.998354	0.0148328	0	0	0.0094629	0	0	0	0.0094629	
0.998351	0.0148373	0	0	0.00937397	0	0	0	0.00937397	
0.998347	0.0148418	0	0	0.00928589	0	0	0	0.00928589	
0.998344	0.0148462	0	0	0.00919865	0	0	0	0.00919865	
0.99834	0.0148506	0	0	0.00911223	0	0	0	0.00911223	
0.998337	0.014855	0	0	0.00902665	0	0	0	0.00902665	
0.998333	0.0148593	0	0	0.00894187	0	0	0	0.00894187	
0.99833	0.0148636	0	0	0.0088579	0	0	0	0.0088579	
0.998326	0.0148679	0	0	0.00877474	0	0	0	0.00877474	
0.998323	0.0148721	0	0	0.00869236	0	0	0	0.00869236	
0.99832	0.0148763	0	0	0.00861077	0	0	0	0.00861077	
0.998316	0.0148805	0	0	0.00852995	0	0	0	0.00852995	
0.998313	0.0148846	0	0	0.0084499	0	0	0	0.0084499	
0.998309	0.0148887	0	0	0.00837061	0	0	0	0.00837061	
0.998306	0.0148928	0	0	0.00829208	0	0	0	0.00829208	
0.998302	0.0148969	0	0	0.00821429	0	0	0	0.00821429	
0.998299	0.0149009	0	0	0.00813725	0	0	0	0.00813725	
0.998296	0.0149048	0	0	0.00806093	0	0	0	0.00806093	
0.998292	0.0149088	0	0	0.00798534	0	0	0	0.00798534	
0.998289	0.0149127	0	0	0.00791047	0	0	0	0.00791047	
0.998285	0.0149166	0	0	0.00783632	0	0	0	0.00783632	
0.998282	0.0149204	0	0	0.00776286	0	0	0	0.00776286	
0.998278	0.0149242	0	0	0.00769011	0	0	0	0.00769011	
0.998275	0.014928	0	0	0.00761804	0	0	0	0.00761804	
0.998271	0.0149318	0	0	0.00754666	0	0	0	0.00754666	
0.998268	0.0149355	0	0	0.00747596	0	0	0	0.00747596	
0.998265	0.0149392	0	0	0.00740593	0	0	0	0.00740593	
0.998261	0.0149429	0	0	0.00733656	0	0	0	0.00733656	
0.998258	0.0149465	0	0	0.00726786	0	0	0	0.00726786	
0.998254	0.0149501	0	0	0.0071998	0	0	0	0.0071998	
0.998251	0.0149537	0	0	0.00713239	0	0	0	0.00713239	
0.998247	0.0149573	0	0	0.00706562	0	0	0	0.00706562	
0.998244	0.0149608	0	0	0.00699949	0	0	0	0.00699949	
0.99824	0.0149643	0	0	0.00693398	0	0	0	0.00693398	
0.998237	0.0149678	0	0	0.0068691	0	0	0	0.0068691	
0.998234	0.0149712	0	0	0.00680483	0	0	0	0.00680483	
0.99823	0.0149746	0	0	0.00674117	0	0	0	0.00674117	
0.998227	0.014978	0	0	0.00667811	0	0	0	0.00667811	
0.998223	0.0149814	0	0	0.00661565	0	0	0	0.00661565	
0.99822	0.0149847	0	0	0.00655378	0	0	0	0.00655378	
0.998216	0.014988	0	0	0.00649251	0	0	0	0.00649251	
0.998213	0.0149913	0	0	0.00643181	0	0	0	0.00643181	
0.99821	0.0149945	0	0	0.00637168	0	0	0	0.00637168	
0.998206	0.0149978	0	0	0.00631213	0	0	0	0.00631213	
0.998203	0.015001	0	0	0.00625314	0	0	0	0.00625314	
0.998199	0.0150042	0	0	0.00619472	0	0	0	0.00619472	
0.998196	0.0150073	0	0	0.00613684	0	0	0	0.00613684	
0.998192	0.0150104	0	0	0.00607951	0	0	0	0.00607951	
0.998189	0.0150136	0	0	0.00602273	0	0	0	0.00602273	
0.998185	0.0150166	0	0	0.00596648	0	0	0	0.00596648	
0.998182	0.0150197	0	0	0.00591077	0	0	0	0.00591077	
0.998179	0.0150227	0	0	0.00585559	0	0	0	0.00585559	
0.998175	0.0150257	0	0	0.00580092	0	0	0	0.00580092	
0.998172	0.0150287	0	0	0.00574678	0	0	0	0.00574678	
0.998168	0.0150317	0	0	0.00569315	0	0	0	0.00569315	
0.998165	0.0150346	0	0	0.00564002	0	0	0	0.00564002	
0.998161	0.0150375	0	0	0.0055874	0	0	0	0.0055874	
0.998158	0.0150404	0	0	0.00553528	0	0	0	0.00553528	
0.998154	0.0150433	0	0	0.00548365	0	0	0	0.00548365	
0.998151	0.0150461	0	0	0.00543251	0	0	0	0.00543251	
0.998148	0.0150489	0	0	0.00538185	0	0	0	0.00538185	
0.998144	0.0150517	0	0	0.00533167	0	0	0	0.00533167	
0.998141	0.0150545	0	0	0.00528197	0	0	0	0.00528197	
0.998137	0.0150573	0	0	0.00523274	0	0	0	0.00523274	
0.998134	0.01506	0	0	0.00518397	0	0	0	0.00518397	
0.99813	0.0150627	0	0	0.00513566	0	0	0	0.00513566	
0.998127	0.0150654	0	0	0.00508781	0	0	0	0.00508781	
0.998124	0.0150681	0	0	0.00504042	0	0	0	0.00504042	
0.99812	0.0150707	0	0	0.00499347	0	0	0	0.00499347	
0.998117	0.0150733	0	0	0.00494696	0	0	0	0.00494696	
0.998113	0.0150759	0	0	0.0049009	0	0	0	0.0049009	
0.99811	0.0150785	0	0	0.00485527	0	0	0	0.00485527	
0.998106	0.0150811	0	0	0.00481007	0	0	0	0.00481007	
0.998103	0.0150836	0	0	0.0047653	0	0	0	0.0047653	
0.998099	0.0150862	0	0	0.00472095	0	0	0	0.00472095	
0.998096	0.0150887	0	0	0.00467702	0	0	0	0.00467702	
0.998093	0.0150912	0	0	0.00463351	0	0	0	0.00463351	
0.998089	0.0150936	0	0	0.0045904	0	0	0	0.0045904	
0.998086	0.0150961	0	0	0.00454771	0	0	0	0.00454771	
0.998082	0.0150985	0	0	0.00450541	0	0	0	0.00450541	
0.998079	0.0151009	0	0	0.00446352	0	0	0	0.00446352	
0.998075	0.0151033	0	0	0.00442202	0	0	0	0.00442202	
0.998072	0.0151057	0	0	0.00438092	0	0	0	0.00438092	
0.998068	0.015108	0	0	0.0043402	0	0	0	0.0043402	
0.998065	0.0151103	0	0	0.00429986	0	0	0	0.00429986	
0.998062	0.0151127	0	0	0.00425991	0	0	0	0.00425991	
0.998058	0.0151149	0	0	0.00422034	0	0	0	0.00422034	
0.998055	0.0151172	0	0	0.00418113	0	0	0	0.00418113	
0.998051	0.0151195	0	0	0.0041423	0	0	0	0.0041423	
0.998048	0.0151217	0	0	0.00410383	0	0	0	0.00410383	
0.998044	0.0151239	0	0	0.00406573	0	0	0	0.00406573	
0.998041	0.0151262	0	0	0.00402799	0	0	0	0.00402799	
0.998038	0.0151283	0	0	0.0039906	0	0	0	0.0039906	
0.998034	0.0151305	0	0	0.00395356	0	0	0	0.00395356	
0.998031	0.0151327	0	0	0.00391688	0	0	0	0.00391688	
0.998027	0.0151348	0	0	0.00388054	0	0	0	0.00388054	
0.998024	0.0151369	0	0	0.00384454	0	0	0	0.00384454	
0.99802	0.015139	0	0	0.00380888	0	0	0	0.00380888	
0.998017	0.0151411	0	0	0.00377356	0	0	0	0.00377356	
0.998013	0.0151432	0	0	0.00373857	0	0	0	0.00373857	
0.99801	0.0151452	0	0	0.00370391	0	0	0	0.00370391	
0.998007	0.0151473	0	0	0.00366958	0	0	0	0.00366958	
0.998003	0.0151493	0	0	0.00363557	0	0	0	0.00363557	
0.998	0.0151513	0	0	0.00360188	0	0	0	0.00360188	
0.997996	0.0151533	0	0	0.00356851	0	0	0	0.00356851	
0.997993	0.0151553	0	0	0.00353545	0	0	0	0.00353545	
0.997989	0.0151572	0	0	0.0035027	0	0	0	0.0035027	
0.997986	0.0151592	0	0	0.00347027	0	0	0	0.00347027	
0.997982	0.0151611	0	0	0.00343813	0	0	0	0.00343813	
0.997979	0.015163	0	0	0.00340631	0	0	0	0.00340631	
0.997976	0.0151649	0	0	0.00337478	0	0	0	0.00337478	
0.997972	0.0151668	0	0	0.00334354	0	0	0	0.00334354	
0.997969	0.0151687	0	0	0.0033126	0	0	0	0.0033126	
0.997965	0.0151705	0	0	0.00328196	0	0	0	0.00328196	
0.997962	0.0151724	0	0	0.0032516	0	0	0	0.0032516	
0.997958	0.0151742	0	0	0.00322152	0	0	0	0.00322152	
0.997955	0.015176	0	0	0.00319173	0	0	0	0.00319173	
0.997952	0.0151778	0	0	0.00316222	0	0	0	0.00316222	
0.997948	0.0151796	0	0	0.00313299	0	0	0	0.00313299	
0.997945	0.0151814	0	0	0.00310403	0	0	0	0.00310403	
0.997941	0.0151831	0	0	0.00307534	0	0	0	0.00307534	
0.997938	0.0151848	0	0	0.00304693	0	0	0	0.00304693	
0.997934	0.0151866	0	0	0.00301878	0	0	0	0.00301878	
0.997931	0.0151883	0	0	0.0029909	0	0	0	0.0029909	
0.997927	0.01519	0	0	0.00296327	0	0	0	0.00296327	
0.997924	0.0151917	0	0	0.00293591	0	0	0	0.00293591	
0.997921	0.0151934	0	0	0.00290881	0	0	0	0.00290881	
0.997917	0.015195	0	0	0.00288196	0	0	0	0.00288196	
0.997914	0.0151967	0	0	0.00285536	0	0	0	0.00285536	
0.99791	0.0151983	0	0	0.00282901	0	0	0	0.00282901	
0.997907	0.0151999	0	0	0.00280291	0	0	0	0.00280291	
0.997903	0.0152015	0	0	0.00277706	0	0	0	0.00277706	
0.9979	0.0152031	0	0	0.00275144	0	0	0	0.00275144	
0.997897	0.0152047	0	0	0.00272607	0	0	0	0.00272607	
0.997893	0.0152063	0	0	0.00270094	0	0	0	0.00270094	
0.99789	0.0152079	0	0	0.00267604	0	0	0	0.00267604	
0.997886	0.0152094	0	0	0.00265138	0	0	0	0.00265138	
0.997883	0.0152109	0	0	0.00262695	0	0	0	0.00262695	
0.997879	0.0152125	0	0	0.00260275	0	0	0	0.00260275	
0.997876	0.015214	0	0	0.00257877	0	0	0	0.00257877	
0.997872	0.0152155	0	0	0.00255502	0	0	0	0.00255502	
0.997869	0.015217	0	0	0.00253149	0	0	0	0.00253149	
0.997866	0.0152184	0	0	0.00250819	0	0	0	0.00250819	
0.997862	0.0152199	0	0	0.0024851	0	0	0	0.0024851	
0.997859	0.0152214	0	0	0.00246223	0	0	0	0.00246223	
0.997855	0.0152228	0	0	0.00243957	0	0	0	0.00243957	
0.997852	0.0152242	0	0	0.00241713	0	0	0	0.00241713	
0.997848	0.0152257	0	0	0.0023949	0	0	0	0.0023949	
0.997845	0.0152271	0	0	0.00237287	0	0	0	0.00237287	
0.997841	0.0152285	0	0	0.00235106	0	0	0	0.00235106	
0.997838	0.0152299	0	0	0.00232944	0	0	0	0.00232944	
0.997835	0.0152312	0	0	0.00230803	0	0	0	0.00230803	
0.997831	0.0152326	0	0	0.00228682	0	0	0	0.00228682	
0.997828	0.015234	0	0	0.00226581	0	0	0	0.00226581	
0.997824	0.0152353	0	0	0.002245	0	0	0	0.002245	
0.997821	0.0152367	0	0	0.00222438	0	0	0	0.00222438	
0.997817	0.015238	0	0	0.00220396	0	0	0	0.00220396	
0.997814	0.0152393	0	0	0.00218372	0	0	0	0.00218372	
0.997811	0.0152406	0	0	0.00216368	0	0	0	0.00216368	
0.997807	0.0152419	0	0	0.00214382	0	0	0	0.00214382	
0.997804	0.0152432	0	0	0.00212415	0	0	0	0.00212415	
0.9978	0.0152445	0	0	0.00210467	0	0	0	0.00210467	
0.997797	0.0152457	0	0	0.00208537	0	0	0	0.00208537	
0.997793	0.015247	0	0	0.00206624	0	0	0	0.00206624	
0.99779	0.0152482	0	0	0.0020473	0	0	0	0.0020473	
0.997786	0.0152495	0	0	0.00202854	0	0	0	0.00202854	
0.997783	0.0152507	0	0	0.00200995	0	0	0	0.00200995	
0.99778	0.0152519	0	0	0.00199153	0	0	0	0.00199153	
0.997776	0.0152531	0	0	0.00197329	0	0	0	0.00197329	
0.997773	0.0152543	0	0	0.00195522	0	0	0	0.00195522	
0.997769	0.0152555	0	0	0.00193732	0	0	0	0.00193732	
0.997766	0.0152567	0	0	0.00191958	0	0	0	0.00191958	
0.997762	0.0152579	0	0	0.00190202	0	0	0	0.00190202	
0.997759	0.0152591	0	0	0.00188461	0	0	0	0.00188461	
0.997756	0.0152602	0	0	0.00186737	0	0	0	0.00186737	
0.997752	0.0152614	0	0	0.00185029	0	0	0	0.00185029	
0.997749	0.0152625	0	0	0.00183337	0	0	0	0.00183337	
0.997745	0.0152636	0	0	0.00181661	0	0	0	0.00181661	
0.997742	0.0152648	0	0	0.00180001	0	0	0	0.00180001	
0.997738	0.0152659	0	0	0.00178356	0	0	0	0.00178356	
0.997735	0.015267	0	0	0.00176727	0	0	0	0.00176727	
0.997731	0.0152681	0	0	0.00175112	0	0	0	0.00175112	
0.997728	0.0152692	0	0	0.00173513	0	0	0	0.00173513	
0.997725	0.0152703	0	0	0.00171929	0	0	0	0.00171929	
0.997721	0.0152713	0	0	0.0017036	0	0	0	0.0017036	
0.997718	0.0152724	0	0	0.00168806	0	0	0	0.00168806	
0.997714	0.0152735	0	0	0.00167266	0	0	0	0.00167266	
0.997711	0.0152745	0	0	0.0016574	0	0	0	0.0016574	
0.997707	0.0152755	0	0	0.00164229	0	0	0	0.00164229	
0.997704	0.0152766	0	0	0.00162732	0	0	0	0.00162732	
0.997701	0.0152776	0	0	0.00161249	0	0	0	0.00161249	
0.997697	0.0152786	0	0	0.0015978	0	0	0	0.0015978	
0.997694	0.0152796	0	0	0.00158324	0	0	0	0.00158324	
0.99769	0.0152807	0	0	0.00156883	0	0	0	0.00156883	
0.997687	0.0152817	0	0	0.00155454	0	0	0	0.00155454	
0.997683	0.0152826	0	0	0.00154039	0	0	0	0.00154039	
0.99768	0.0152836	0	0	0.00152638	0	0	0	0.00152638	
0.997676	0.0152846	0	0	0.00151249	0	0	0	0.00151249	
0.997673	0.0152856	0	0	0.00149874	0	0	0	0.00149874	
0.99767	0.0152865	0	0	0.00148511	0	0	0	0.00148511	
0.997666	0.0152875	0	0	0.00147162	0	0	0	0.00147162	
0.997663	0.0152884	0	0	0.00145824	0	0	0	0.00145824	
0.997659	0.0152894	0	0	0.001445	0	0	0	0.001445	
0.997656	0.0152903	0	0	0.00143188	0	0	0	0.00143188	
0.997652	0.0152913	0	0	0.00141888	0	0	0	0.00141888	
0.997649	0.0152922	0	0	0.001406	0	0	0	0.001406	
0.997646	0.0152931	0	0	0.00139325	0	0	0	0.00139325	
0.997642	0.015294	0	0	0.00138061	0	0	0	0.00138061	
0.997639	0.0152949	0	0	0.00136809	0	0	0	0.00136809	
0.997635	0.0152958	0	0	0.0013557	0	0	0	0.0013557	
0.997632	0.0152967	0	0	0.00134341	0	0	0	0.00134341	
0.997628	0.0152976	0	0	0.00133125	0	0	0	0.00133125	
0.997625	0.0152985	0	0	0.00131919	0	0	0	0.00131919	
0.997621	0.0152994	0	0	0.00130725	0	0	0	0.00130725	
0.997618	0.0153002	0	0	0.00129543	0	0	0	0.00129543	
0.997615	0.0153011	0	0	0.00128371	0	0	0	0.00128371	
0.997611	0.015302	0	0	0.00127211	0	0	0	0.00127211	
0.997608	0.0153028	0	0	0.00126061	0	0	0	0.00126061	
0.997604	0.0153037	0	0	0.00124923	0	0	0	0.00124923	
0.997601	0.0153045	0	0	0.00123795	0	0	0	0.00123795	
0.997597	0.0153054	0	0	0.00122678	0	0	0	0.00122678	
0.997594	0.0153062	0	0	0.00121571	0	0	0	0.00121571	
0.99759	0.015307	0	0	0.00120475	0	0	0	0.00120475	
