1	0	0	0	1	0	0	0	1	
0.999987	0	0	0	0.993225	0	0	0	0.985043	
0.999974	0	0	0	0.986552	0	0	0	0.970494	
0.999961	0	0	0	0.979924	0	0	0	0.95616	
0.999949	0	0	0	0.97334	0	0	0	0.942038	
0.999936	0	0	0	0.966801	0	0	0	0.928124	
0.999923	0	0	0	0.960306	0	0	0	0.914415	
0.99991	0	0	0	0.953854	0	0	0	0.900909	
0.999897	0	0	0	0.947446	0	0	0	0.887603	
0.999884	0	0	0	0.94108	0	0	0	0.874493	
0.999871	0	0	0	0.934758	0	0	0	0.861577	
0.999859	0	0	0	0.928478	0	0	0	0.848851	
0.999846	0	0	0	0.92224	0	0	0	0.836314	
0.999833	0	0	0	0.916044	0	0	0	0.823961	
0.99982	0	0	0	0.90989	0	0	0	0.811791	
0.999807	0	0	0	0.903777	0	0	0	0.799801	
0.999794	0	0	0	0.897705	0	0	0	0.787988	
0.999781	0	0	0	0.891674	0	0	0	0.776349	
0.999769	0	0	0	0.885683	0	0	0	0.764883	
0.999756	0	0	0	0.879733	0	0	0	0.753585	
0.999743	0	0	0	0.873823	0	0	0	0.742455	
0.99973	0	0	0	0.867952	0	0	0	0.731489	
0.999717	0	0	0	0.862121	0	0	0	0.720685	
0.999704	0	0	0	0.856329	0	0	0	0.71004	
0.999692	0	0	0	0.850576	0	0	0	0.699553	
0.999679	0	0	0	0.844861	0	0	0	0.689221	
0.999666	0	0	0	0.839185	0	0	0	0.679041	
0.999653	0	0	0	0.833547	0	0	0	0.669011	
0.99964	0	0	0	0.827947	0	0	0	0.65913	
0.999627	0	0	0	0.822385	0	0	0	0.649395	
0.999614	0	0	0	0.816859	0	0	0	0.639803	
0.999602	0	0	0	0.811372	0	0	0	0.630353	
0.999589	0	0	0	0.80592	0	0	0	0.621043	
0.999576	0	0	0	0.800506	0	0	0	0.61187	
0.999563	0	0	0	0.795128	0	0	0	0.602833	
0.99955	0	0	0	0.789786	0	0	0	0.593929	
0.999537	0	0	0	0.78448	0	0	0	0.585156	
0.999525	0	0	0	0.779209	0	0	0	0.576514	
0.999512	0	0	0	0.773974	0	0	0	0.567999	
0.999499	0	0	0	0.768775	0	0	0	0.559609	
0.999486	0	0	0	0.76361	0	0	0	0.551344	
0.999473	0	0	0	0.75848	0	0	0	0.5432	
0.99946	0	0	0	0.753384	0	0	0	0.535177	
0.999447	0	0	0	0.748322	0	0	0	0.527273	
0.999435	0	0	0	0.743295	0	0	0	0.519485	
0.999422	0	0	0	0.738301	0	0	0	0.511812	
0.999409	0	0	0	0.733341	0	0	0	0.504253	
0.999396	0	0	0	0.728414	0	0	0	0.496805	
0.999383	0	0	0	0.72352	0	0	0	0.489467	
0.99937	0	0	0	0.718659	0	0	0	0.482238	
0.999358	0	0	0	0.713831	0	0	0	0.475115	
0.999345	0	0	0	0.709035	0	0	0	0.468097	
0.999332	0	0	0	0.704272	0	0	0	0.461184	
0.999319	0	0	0	0.69954	0	0	0	0.454372	
0.999306	0	0	0	0.694841	0	0	0	0.447661	
0.999293	0	0	0	0.690172	0	0	0	0.441049	
0.99928	0	0	0	0.685536	0	0	0	0.434535	
0.999268	0	0	0	0.68093	0	0	0	0.428117	
0.999255	0	0	0	0.676355	0	0	0	0.421793	
0.999242	0	0	0	0.671811	0	0	0	0.415563	
0.999229	0	0	0	0.667298	0	0	0	0.409425	
0.999216	0	0	0	0.662815	0	0	0	0.403378	
0.999203	0	0	0	0.658362	0	0	0	0.39742	
0.999191	0	0	0	0.653938	0	0	0	0.39155	
0.999178	0	0	0	0.649545	0	0	0	0.385767	
0.999165	0	0	0	0.645181	0	0	0	0.380069	
0.999152	0	0	0	0.640847	0	0	0	0.374456	
0.999139	0	0	0	0.636541	0	0	0	0.368925	
0.999126	0	0	0	0.632265	0	0	0	0.363476	
0.999114	0	0	0	0.628017	0	0	0	0.358108	
0.999101	0	0	0	0.623798	0	0	0	0.352818	
0.999088	0	0	0	0.619607	0	0	0	0.347607	
0.999075	0	0	0	0.615444	0	0	0	0.342473	
0.999062	0	0	0	0.611309	0	0	0	0.337415	
0.999049	0	0	0	0.607202	0	0	0	0.332431	
0.999037	0	0	0	0.603123	0	0	0	0.327521	
0.999024	0	0	0	0.599071	0	0	0	0.322683	
0.999011	0	0	0	0.595046	0	0	0	0.317917	
0.998998	0	0	0	0.591048	0	0	0	0.313222	
0.998985	0	0	0	0.587078	0	0	0	0.308596	
0.998972	0	0	0	0.583133	0	0	0	0.304038	
0.998959	0	0	0	0.579216	0	0	0	0.299547	
0.998947	0	0	0	0.575324	0	0	0	0.295123	
0.998934	0	0	0	0.571459	0	0	0	0.290764	
0.998921	0	0	0	0.56762	0	0	0	0.286469	
0.998908	0	0	0	0.563806	0	0	0	0.282238	
0.998895	0	0	0	0.560018	0	0	0	0.278069	
0.998882	0	0	0	0.556256	0	0	0	0.273962	
0.99887	0	0	0	0.552519	0	0	0	0.269916	
0.998857	0	0	0	0.548807	0	0	0	0.265929	
0.998844	0	0	0	0.54512	0	0	0	0.262001	
0.998831	0	0	0	0.541457	0	0	0	0.258132	
0.998818	0	0	0	0.53782	0	0	0	0.254319	
0.998805	0	0	0	0.534207	0	0	0	0.250563	
0.998793	0	0	0	0.530618	0	0	0	0.246862	
0.99878	0	0	0	0.527053	0	0	0	0.243216	
0.998767	0	0	0	0.523512	0	0	0	0.239623	
0.998754	0	0	0	0.519995	0	0	0	0.236084	
0.998741	0	0	0	0.516501	0	0	0	0.232597	
0.998728	0	0	0	0.513031	0	0	0	0.229162	
0.998716	0	0	0	0.509584	0	0	0	0.225777	
0.998703	0	0	0	0.506161	0	0	0	0.222442	
0.99869	0	0	0	0.50276	0	0	0	0.219157	
0.998677	0	0	0	0.499382	0	0	0	0.21592	
0.998664	0	0	0	0.496027	0	0	0	0.212731	
0.998651	0	0	0	0.492695	0	0	0	0.209589	
0.998639	0	0	0	0.489385	0	0	0	0.206493	
0.998626	0	0	0	0.486097	0	0	0	0.203443	
0.998613	0	0	0	0.482831	0	0	0	0.200438	
0.9986	0	0	0	0.479587	0	0	0	0.197478	
0.998587	0	0	0	0.476365	0	0	0	0.194561	
0.998574	0	0	0	0.473165	0	0	0	0.191687	
0.998562	0	0	0	0.469986	0	0	0	0.188856	
0.998549	0	0	0	0.466829	0	0	0	0.186067	
0.998536	0	0	0	0.463692	0	0	0	0.183318	
0.998523	0	0	0	0.460577	0	0	0	0.180611	
0.99851	0	0	0	0.457483	0	0	0	0.177943	
0.998497	0	0	0	0.454409	0	0	0	0.175315	
0.998485	0	0	0	0.451356	0	0	0	0.172726	
0.998472	0	0	0	0.448324	0	0	0	0.170174	
0.998459	0	0	0	0.445312	0	0	0	0.167661	
0.998446	0	0	0	0.44232	0	0	0	0.165185	
0.998433	0	0	0	0.439348	0	0	0	0.162745	
0.99842	0	0	0	0.436397	0	0	0	0.160341	
0.998408	0	0	0	0.433465	0	0	0	0.157973	
0.998395	0	0	0	0.430553	0	0	0	0.15564	
0.998382	0	0	0	0.42766	0	0	0	0.153341	
0.998369	0	0	0	0.424787	0	0	0	0.151076	
0.998356	0	0	0	0.421933	0	0	0	0.148845	
0.998343	0	0	0	0.419098	0	0	0	0.146646	
0.998331	0	0	0	0.416283	0	0	0	0.14448	
0.998318	0	0	0	0.413486	0	0	0	0.142346	
0.998305	0	0	0	0.410708	0	0	0	0.140244	
0.998292	0	0	0	0.407949	0	0	0	0.138172	
0.998279	0	0	0	0.405208	0	0	0	0.136132	
0.998266	0	0	0	0.402486	0	0	0	0.134121	
0.998254	0	0	0	0.399782	0	0	0	0.13214	
0.998241	0	0	0	0.397096	0	0	0	0.130188	
0.998228	0	0	0	0.394428	0	0	0	0.128265	
0.998215	0	0	0	0.391778	0	0	0	0.126371	
0.998202	0	0	0	0.389146	0	0	0	0.124504	
0.998189	0	0	0	0.386531	0	0	0	0.122665	
0.998177	0	0	0	0.383935	0	0	0	0.120854	
0.998164	0	0	0	0.381355	0	0	0	0.119069	
0.998151	0	0	0	0.378793	0	0	0	0.11731	
0.998138	0	0	0	0.376248	0	0	0	0.115577	
0.998125	0	0	0	0.373721	0	0	0	0.11387	
0.998112	0	0	0	0.37121	0	0	0	0.112188	
0.9981	0	0	0	0.368716	0	0	0	0.110531	
0.998087	0	0	0	0.366239	0	0	0	0.108899	
0.998074	0	0	0	0.363778	0	0	0	0.10729	
0.998061	0	0	0	0.361334	0	0	0	0.105706	
0.998048	0	0	0	0.358907	0	0	0	0.104144	
0.998036	0	0	0	0.356495	0	0	0	0.102606	
0.998023	0	0	0	0.3541	0	0	0	0.101091	
0.99801	0	0	0	0.351721	0	0	0	0.0995975	
0.997997	0	0	0	0.349358	0	0	0	0.0981265	
0.997984	0	0	0	0.347011	0	0	0	0.0966772	
0.997971	0	0	0	0.34468	0	0	0	0.0952492	
0.997959	0	0	0	0.342364	0	0	0	0.0938424	
0.997946	0	0	0	0.340064	0	0	0	0.0924563	
0.997933	0	0	0	0.337779	0	0	0	0.0910908	
0.99792	0	0	0	0.33551	0	0	0	0.0897454	
0.997907	0	0	0	0.333256	0	0	0	0.0884198	
0.997894	0	0	0	0.331017	0	0	0	0.0871138	
0.997882	0	0	0	0.328793	0	0	0	0.0858272	
0.997869	0	0	0	0.326584	0	0	0	0.0845595	
0.997856	0	0	0	0.32439	0	0	0	0.0833106	
0.997843	0	0	0	0.322211	0	0	0	0.0820801	
0.99783	0	0	0	0.320046	0	0	0	0.0808677	
0.997817	0	0	0	0.317896	0	0	0	0.0796733	
0.997805	0	0	0	0.31576	0	0	0	0.0784965	
0.997792	0	0	0	0.313639	0	0	0	0.0773371	
0.997779	0	0	0	0.311532	0	0	0	0.0761949	
0.997766	0	0	0	0.309439	0	0	0	0.0750695	
0.997753	0	0	0	0.30736	0	0	0	0.0739607	
0.997741	0	0	0	0.305295	0	0	0	0.0728683	
0.997728	0	0	0	0.303244	0	0	0	0.071792	
0.997715	0	0	0	0.301206	0	0	0	0.0707317	
0.997702	0	0	0	0.299183	0	0	0	0.069687	
0.997689	0	0	0	0.297173	0	0	0	0.0686577	
0.997676	0	0	0	0.295176	0	0	0	0.0676436	
0.997664	0	0	0	0.293193	0	0	0	0.0666445	
0.997651	0	0	0	0.291223	0	0	0	0.0656602	
0.997638	0	0	0	0.289267	0	0	0	0.0646904	
0.997625	0	0	0	0.287323	0	0	0	0.0637349	
0.997612	0	0	0	0.285393	0	0	0	0.0627935	
0.9976	0	0	0	0.283476	0	0	0	0.0618661	
0.997587	0	0	0	0.281571	0	0	0	0.0609523	
0.997574	0	0	0	0.279679	0	0	0	0.060052	
0.997561	0	0	0	0.2778	0	0	0	0.0591651	
0.997548	0	0	0	0.275934	0	0	0	0.0582912	
0.997535	0	0	0	0.27408	0	0	0	0.0574302	
0.997523	0	0	0	0.272239	0	0	0	0.056582	
0.99751	0	0	0	0.27041	0	0	0	0.0557463	
0.997497	0	0	0	0.268593	0	0	0	0.0549229	
0.997484	0	0	0	0.266789	0	0	0	0.0541117	
0.997471	0	0	0	0.264996	0	0	0	0.0533124	
0.997458	0	0	0	0.263216	0	0	0	0.052525	
0.997446	0	0	0	0.261448	0	0	0	0.0517492	
0.997433	0	0	0	0.259691	0	0	0	0.0509849	
0.99742	0	0	0	0.257946	0	0	0	0.0502318	
0.997407	0	0	0	0.256213	0	0	0	0.0494899	
0.997394	0	0	0	0.254492	0	0	0	0.0487589	
0.997382	0	0	0	0.252782	0	0	0	0.0480388	
0.997369	0	0	0	0.251084	0	0	0	0.0473292	
0.997356	0	0	0	0.249397	0	0	0	0.0466302	
0.997343	0	0	0	0.247722	0	0	0	0.0459415	
0.99733	0	0	0	0.246057	0	0	0	0.0452629	
0.997317	0	0	0	0.244404	0	0	0	0.0445944	
0.997305	0	0	0	0.242762	0	0	0	0.0439357	
0.997292	0	0	0	0.241131	0	0	0	0.0432868	
0.997279	0	0	0	0.239511	0	0	0	0.0426474	
0.997266	0	0	0	0.237902	0	0	0	0.0420175	
0.997253	0	0	0	0.236304	0	0	0	0.0413969	
0.997241	0	0	0	0.234716	0	0	0	0.0407855	
0.997228	0	0	0	0.233139	0	0	0	0.0401831	
0.997215	0	0	0	0.231573	0	0	0	0.0395896	
0.997202	0	0	0	0.230017	0	0	0	0.0390049	
0.997189	0	0	0	0.228472	0	0	0	0.0384287	
0.997177	0	0	0	0.226937	0	0	0	0.0378612	
0.997164	0	0	0	0.225412	0	0	0	0.0373019	
0.997151	0	0	0	0.223898	0	0	0	0.036751	
0.997138	0	0	0	0.222394	0	0	0	0.0362082	
0.997125	0	0	0	0.2209	0	0	0	0.0356734	
0.997112	0	0	0	0.219416	0	0	0	0.0351465	
0.9971	0	0	0	0.217941	0	0	0	0.0346274	
0.997087	0	0	0	0.216477	0	0	0	0.0341159	
0.997074	0	0	0	0.215023	0	0	0	0.033612	
0.997061	0	0	0	0.213578	0	0	0	0.0331156	
0.997048	0	0	0	0.212143	0	0	0	0.0326265	
0.997036	0	0	0	0.210718	0	0	0	0.0321446	
0.997023	0	0	0	0.209302	0	0	0	0.0316698	
0.99701	0	0	0	0.207896	0	0	0	0.031202	
0.996997	0	0	0	0.2065	0	0	0	0.0307412	
0.996984	0	0	0	0.205112	0	0	0	0.0302871	
0.996971	0	0	0	0.203734	0	0	0	0.0298398	
0.996959	0	0	0	0.202365	0	0	0	0.0293991	
0.996946	0	0	0	0.201006	0	0	0	0.0289648	
0.996933	0	0	0	0.199655	0	0	0	0.028537	
0.99692	0	0	0	0.198314	0	0	0	0.0281155	
0.996907	0	0	0	0.196982	0	0	0	0.0277003	
0.996895	0	0	0	0.195658	0	0	0	0.0272911	
0.996882	0	0	0	0.194344	0	0	0	0.026888	
0.996869	0	0	0	0.193038	0	0	0	0.0264909	
0.996856	0	0	0	0.191741	0	0	0	0.0260996	
0.996843	0	0	0	0.190453	0	0	0	0.0257141	
0.996831	0	0	0	0.189174	0	0	0	0.0253343	
0.996818	0	0	0	0.187903	0	0	0	0.0249601	
0.996805	0	0	0	0.18664	0	0	0	0.0245915	
0.996792	0	0	0	0.185386	0	0	0	0.0242283	
0.996779	0	0	0	0.184141	0	0	0	0.0238704	
0.996766	0	0	0	0.182904	0	0	0	0.0235179	
0.996754	0	0	0	0.181675	0	0	0	0.0231705	
0.996741	0	0	0	0.180454	0	0	0	0.0228283	
0.996728	0	0	0	0.179242	0	0	0	0.0224911	
0.996715	0	0	0	0.178038	0	0	0	0.0221589	
0.996702	0	0	0	0.176842	0	0	0	0.0218316	
0.99669	0	0	0	0.175654	0	0	0	0.0215092	
0.996677	0	0	0	0.174473	0	0	0	0.0211915	
0.996664	0	0	0	0.173301	0	0	0	0.0208785	
0.996651	0	0	0	0.172137	0	0	0	0.0205701	
0.996638	0	0	0	0.17098	0	0	0	0.0202663	
0.996626	0	0	0	0.169832	0	0	0	0.0199669	
0.996613	0	0	0	0.168691	0	0	0	0.019672	
0.9966	0	0	0	0.167557	0	0	0	0.0193815	
0.996587	0	0	0	0.166432	0	0	0	0.0190952	
0.996574	0	0	0	0.165314	0	0	0	0.0188132	
0.996562	0	0	0	0.164203	0	0	0	0.0185353	
0.996549	0	0	0	0.1631	0	0	0	0.0182615	
0.996536	0	0	0	0.162004	0	0	0	0.0179918	
0.996523	0	0	0	0.160916	0	0	0	0.0177261	
0.99651	0	0	0	0.159835	0	0	0	0.0174643	
0.996498	0	0	0	0.158761	0	0	0	0.0172063	
0.996485	0	0	0	0.157694	0	0	0	0.0169522	
0.996472	0	0	0	0.156635	0	0	0	0.0167018	
0.996459	0	0	0	0.155582	0	0	0	0.0164551	
0.996446	0	0	0	0.154537	0	0	0	0.0162121	
0.996433	0	0	0	0.153499	0	0	0	0.0159726	
0.996421	0	0	0	0.152468	0	0	0	0.0157367	
0.996408	0	0	0	0.151443	0	0	0	0.0155043	
0.996395	0	0	0	0.150426	0	0	0	0.0152753	
0.996382	0	0	0	0.149415	0	0	0	0.0150496	
0.996369	0	0	0	0.148411	0	0	0	0.0148274	
0.996357	0	0	0	0.147414	0	0	0	0.0146084	
0.996344	0	0	0	0.146424	0	0	0	0.0143926	
0.996331	0	0	0	0.14544	0	0	0	0.01418	
0.996318	0	0	0	0.144463	0	0	0	0.0139706	
0.996305	0	0	0	0.143493	0	0	0	0.0137642	
0.996293	0	0	0	0.142528	0	0	0	0.0135609	
0.99628	0	0	0	0.141571	0	0	0	0.0133606	
0.996267	0	0	0	0.14062	0	0	0	0.0131633	
0.996254	0	0	0	0.139675	0	0	0	0.0129689	
0.996241	0	0	0	0.138737	0	0	0	0.0127773	
0.996229	0	0	0	0.137805	0	0	0	0.0125886	
0.996216	0	0	0	0.136879	0	0	0	0.0124027	
0.996203	0	0	0	0.135959	0	0	0	0.0122195	
0.99619	0	0	0	0.135046	0	0	0	0.012039	
0.996177	0	0	0	0.134138	0	0	0	0.0118612	
0.996165	0	0	0	0.133237	0	0	0	0.011686	
0.996152	0	0	0	0.132342	0	0	0	0.0115134	
0.996139	0	0	0	0.131453	0	0	0	0.0113433	
0.996126	0	0	0	0.13057	0	0	0	0.0111758	
0.996113	0	0	0	0.129693	0	0	0	0.0110107	
0.996101	0	0	0	0.128821	0	0	0	0.0108481	
0.996088	0	0	0	0.127956	0	0	0	0.0106879	
0.996075	0	0	0	0.127096	0	0	0	0.01053	
0.996062	0	0	0	0.126242	0	0	0	0.0103745	
0.996049	0	0	0	0.125394	0	0	0	0.0102213	
0.996037	0	0	0	0.124552	0	0	0	0.0100703	
0.996024	0	0	0	0.123715	0	0	0	0.00992155	
0.996011	0	0	0	0.122884	0	0	0	0.00977501	
0.995998	0	0	0	0.122058	0	0	0	0.00963063	
0.995985	0	0	0	0.121238	0	0	0	0.00948839	
0.995973	0	0	0	0.120424	0	0	0	0.00934824	
0.99596	0	0	0	0.119615	0	0	0	0.00921017	
0.995947	0	0	0	0.118811	0	0	0	0.00907414	
0.995934	0	0	0	0.118013	0	0	0	0.00894011	
0.995921	0	0	0	0.11722	0	0	0	0.00880806	
0.995909	0	0	0	0.116432	0	0	0	0.00867797	
0.995896	0	0	0	0.11565	0	0	0	0.0085498	
0.995883	0	0	0	0.114873	0	0	0	0.00842351	
0.99587	0	0	0	0.114101	0	0	0	0.0082991	
0.995857	0	0	0	0.113335	0	0	0	0.00817652	
0.995845	0	0	0	0.112573	0	0	0	0.00805575	
0.995832	0	0	0	0.111817	0	0	0	0.00793677	
0.995819	0	0	0	0.111066	0	0	0	0.00781954	
0.995806	0	0	0	0.11032	0	0	0	0.00770405	
0.995793	0	0	0	0.109579	0	0	0	0.00759026	
0.995781	0	0	0	0.108842	0	0	0	0.00747815	
0.995768	0	0	0	0.108111	0	0	0	0.0073677	
0.995755	0	0	0	0.107385	0	0	0	0.00725888	
0.995742	0	0	0	0.106663	0	0	0	0.00715166	
0.995729	0	0	0	0.105947	0	0	0	0.00704603	
0.995717	0	0	0	0.105235	0	0	0	0.00694196	
0.995704	0	0	0	0.104528	0	0	0	0.00683943	
0.995691	0	0	0	0.103826	0	0	0	0.00673841	
0.995678	0	0	0	0.103128	0	0	0	0.00663889	
0.995665	0	0	0	0.102435	0	0	0	0.00654083	
0.995653	0	0	0	0.101747	0	0	0	0.00644422	
0.99564	0	0	0	0.101064	0	0	0	0.00634904	
0.995627	0	0	0	0.100385	0	0	0	0.00625527	
0.995614	0	0	0	0.0997101	0	0	0	0.00616287	
0.995601	0	0	0	0.0990403	0	0	0	0.00607185	
0.995589	0	0	0	0.0983749	0	0	0	0.00598217	
0.995576	0	0	0	0.097714	0	0	0	0.00589381	
0.995563	0	0	0	0.0970575	0	0	0	0.00580676	
0.99555	0	0	0	0.0964054	0	0	0	0.00572099	
0.995537	0	0	0	0.0957577	0	0	0	0.00563649	
0.995525	0	0	0	0.0951144	0	0	0	0.00555324	
0.995512	0	0	0	0.0944754	0	0	0	0.00547122	
0.995499	0	0	0	0.0938407	0	0	0	0.00539041	
0.995486	0	0	0	0.0932102	0	0	0	0.00531079	
0.995473	0	0	0	0.092584	0	0	0	0.00523235	
0.995461	0	0	0	0.091962	0	0	0	0.00515507	
0.995448	0	0	0	0.0913441	0	0	0	0.00507893	
0.995435	0	0	0	0.0907305	0	0	0	0.00500392	
0.995422	0	0	0	0.0901209	0	0	0	0.00493001	
0.99541	0	0	0	0.0895154	0	0	0	0.00485719	
0.995397	0	0	0	0.088914	0	0	0	0.00478545	
0.995384	0	0	0	0.0883167	0	0	0	0.00471477	
0.995371	0	0	0	0.0877233	0	0	0	0.00464513	
0.995358	0	0	0	0.087134	0	0	0	0.00457652	
0.995346	0	0	0	0.0865486	0	0	0	0.00450893	
0.995333	0	0	0	0.0859671	0	0	0	0.00444233	
0.99532	0	0	0	0.0853896	0	0	0	0.00437672	
0.995307	0	0	0	0.0848159	0	0	0	0.00431207	
0.995294	0	0	0	0.0842461	0	0	0	0.00424838	
0.995282	0	0	0	0.0836801	0	0	0	0.00418564	
0.995269	0	0	0	0.0831179	0	0	0	0.00412381	
0.995256	0	0	0	0.0825595	0	0	0	0.0040629	
0.995243	0	0	0	0.0820048	0	0	0	0.0040029	
0.99523	0	0	0	0.0814539	0	0	0	0.00394377	
0.995218	0	0	0	0.0809066	0	0	0	0.00388552	
0.995205	0	0	0	0.0803631	0	0	0	0.00382813	
0.995192	0	0	0	0.0798232	0	0	0	0.00377159	
0.995179	0	0	0	0.0792869	0	0	0	0.00371589	
0.995166	0	0	0	0.0787542	0	0	0	0.003661	
0.995154	0	0	0	0.0782251	0	0	0	0.00360693	
0.995141	0	0	0	0.0776996	0	0	0	0.00355365	
0.995128	0	0	0	0.0771775	0	0	0	0.00350117	
0.995115	0	0	0	0.076659	0	0	0	0.00344945	
0.995103	0	0	0	0.076144	0	0	0	0.00339851	
0.99509	0	0	0	0.0756325	0	0	0	0.00334831	
0.995077	0	0	0	0.0751243	0	0	0	0.00329886	
0.995064	0	0	0	0.0746196	0	0	0	0.00325013	
0.995051	0	0	0	0.0741183	0	0	0	0.00320213	
0.995039	0	0	0	0.0736203	0	0	0	0.00315483	
0.995026	0	0	0	0.0731257	0	0	0	0.00310823	
0.995013	0	0	0	0.0726345	0	0	0	0.00306233	
0.995	0	0	0	0.0721465	0	0	0	0.0030171	
0.994987	0	0	0	0.0716618	0	0	0	0.00297253	
0.994975	0	0	0	0.0711803	0	0	0	0.00292863	
0.994962	0	0	0	0.0707021	0	0	0	0.00288537	
0.994949	0	0	0	0.0702271	0	0	0	0.00284276	
0.994936	0	0	0	0.0697553	0	0	0	0.00280077	
0.994924	0	0	0	0.0692866	0	0	0	0.0027594	
0.994911	0	0	0	0.0688212	0	0	0	0.00271864	
0.994898	0	0	0	0.0683588	0	0	0	0.00267849	
0.994885	0	0	0	0.0678995	0	0	0	0.00263893	
0.994872	0	0	0	0.0674434	0	0	0	0.00259995	
0.99486	0	0	0	0.0669902	0	0	0	0.00256155	
0.994847	0	0	0	0.0665402	0	0	0	0.00252372	
0.994834	0	0	0	0.0660931	0	0	0	0.00248644	
0.994821	0	0	0	0.0656491	0	0	0	0.00244972	
0.994808	0	0	0	0.0652081	0	0	0	0.00241353	
0.994796	0	0	0	0.06477	0	0	0	0.00237789	
0.994783	0	0	0	0.0643348	0	0	0	0.00234276	
0.99477	0	0	0	0.0639026	0	0	0	0.00230816	
0.994757	0	0	0	0.0634733	0	0	0	0.00227407	
0.994745	0	0	0	0.0630468	0	0	0	0.00224048	
0.994732	0	0	0	0.0626233	0	0	0	0.00220739	
0.994719	0	0	0	0.0622025	0	0	0	0.00217479	
0.994706	0	0	0	0.0617846	0	0	0	0.00214266	
0.994693	0	0	0	0.0613695	0	0	0	0.00211102	
0.994681	0	0	0	0.0609572	0	0	0	0.00207984	
0.994668	0	0	0	0.0605477	0	0	0	0.00204912	
0.994655	0	0	0	0.0601409	0	0	0	0.00201885	
0.994642	0	0	0	0.0597369	0	0	0	0.00198903	
0.994629	0	0	0	0.0593355	0	0	0	0.00195966	
0.994617	0	0	0	0.0589369	0	0	0	0.00193071	
0.994604	0	0	0	0.058541	0	0	0	0.0019022	
0.994591	0	0	0	0.0581477	0	0	0	0.0018741	
0.994578	0	0	0	0.057757	0	0	0	0.00184642	
0.994566	0	0	0	0.057369	0	0	0	0.00181915	
0.994553	0	0	0	0.0569835	0	0	0	0.00179228	
0.99454	0	0	0	0.0566007	0	0	0	0.00176581	
0.994527	0	0	0	0.0562204	0	0	0	0.00173973	
0.994514	0	0	0	0.0558427	0	0	0	0.00171403	
0.994502	0	0	0	0.0554676	0	0	0	0.00168871	
0.994489	0	0	0	0.0550949	0	0	0	0.00166377	
0.994476	0	0	0	0.0547248	0	0	0	0.0016392	
0.994463	0	0	0	0.0543571	0	0	0	0.00161499	
0.994451	0	0	0	0.0539919	0	0	0	0.00159113	
0.994438	0	0	0	0.0536292	0	0	0	0.00156763	
0.994425	0	0	0	0.0532689	0	0	0	0.00154448	
0.994412	0	0	0	0.052911	0	0	0	0.00152167	
0.994399	0	0	0	0.0525555	0	0	0	0.00149919	
0.994387	0	0	0	0.0522024	0	0	0	0.00147705	
0.994374	0	0	0	0.0518517	0	0	0	0.00145523	
0.994361	0	0	0	0.0515034	0	0	0	0.00143374	
0.994348	0	0	0	0.0511573	0	0	0	0.00141256	
0.994335	0	0	0	0.0508137	0	0	0	0.0013917	
0.994323	0	0	0	0.0504723	0	0	0	0.00137114	
0.99431	0	0	0	0.0501332	0	0	0	0.00135089	
0.994297	0	0	0	0.0497964	0	0	0	0.00133094	
0.994284	0	0	0	0.0494618	0	0	0	0.00131128	
0.994272	0	0	0	0.0491295	0	0	0	0.00129191	
0.994259	0	0	0	0.0487994	0	0	0	0.00127283	
0.994246	0	0	0	0.0484716	0	0	0	0.00125403	
0.994233	0	0	0	0.0481459	0	0	0	0.00123551	
0.99422	0	0	0	0.0478225	0	0	0	0.00121726	
0.994208	0	0	0	0.0475012	0	0	0	0.00119928	
0.994195	0	0	0	0.0471821	0	0	0	0.00118157	
0.994182	0	0	0	0.0468651	0	0	0	0.00116412	
0.994169	0	0	0	0.0465502	0	0	0	0.00114692	
0.994157	0	0	0	0.0462375	0	0	0	0.00112998	
0.994144	0	0	0	0.0459268	0	0	0	0.00111329	
0.994131	0	0	0	0.0456183	0	0	0	0.00109685	
0.994118	0	0	0	0.0453118	0	0	0	0.00108065	
0.994106	0	0	0	0.0450074	0	0	0	0.00106469	
0.994093	0	0	0	0.044705	0	0	0	0.00104896	
0.99408	0	0	0	0.0444047	0	0	0	0.00103347	
0.994067	0	0	0	0.0441063	0	0	0	0.0010182	
0.994054	0	0	0	0.04381	0	0	0	0.00100317	
0.994042	0	0	0	0.0435157	0	0	0	0.000988349	
0.994029	0	0	0	0.0432233	0	0	0	0.000973751	
0.994016	0	0	0	0.0429329	0	0	0	0.000959369	
0.994003	0	0	0	0.0426445	0	0	0	0.000945199	
0.993991	0	0	0	0.042358	0	0	0	0.000931238	
0.993978	0	0	0	0.0420734	0	0	0	0.000917484	
0.993965	0	0	0	0.0417908	0	0	0	0.000903933	
0.993952	0	0	0	0.04151	0	0	0	0.000890582	
0.993939	0	0	0	0.0412311	0	0	0	0.000877428	
0.993927	0	0	0	0.0409541	0	0	0	0.000864468	
0.993914	0	0	0	0.040679	0	0	0	0.0008517	
0.993901	0	0	0	0.0404057	0	0	0	0.00083912	
0.993888	0	0	0	0.0401342	0	0	0	0.000826727	
0.993876	0	0	0	0.0398646	0	0	0	0.000814516	
0.993863	0	0	0	0.0395968	0	0	0	0.000802485	
0.99385	0	0	0	0.0393307	0	0	0	0.000790633	
0.993837	0	0	0	0.0390665	0	0	0	0.000778955	
0.993824	0	0	0	0.038804	0	0	0	0.00076745	
0.993812	0	0	0	0.0385433	0	0	0	0.000756115	
0.993799	0	0	0	0.0382844	0	0	0	0.000744947	
0.993786	0	0	0	0.0380272	0	0	0	0.000733944	
0.993773	0	0	0	0.0377717	0	0	0	0.000723103	
0.993761	0	0	0	0.0375179	0	0	0	0.000712423	
0.993748	0	0	0	0.0372659	0	0	0	0.000701901	
0.993735	0	0	0	0.0370155	0	0	0	0.000691534	
0.993722	0	0	0	0.0367668	0	0	0	0.00068132	
0.99371	0	0	0	0.0365198	0	0	0	0.000671257	
0.993697	0	0	0	0.0362745	0	0	0	0.000661342	
0.993684	0	0	0	0.0360308	0	0	0	0.000651574	
0.993671	0	0	0	0.0357887	0	0	0	0.00064195	
0.993658	0	0	0	0.0355482	0	0	0	0.000632469	
0.993646	0	0	0	0.0353094	0	0	0	0.000623127	
0.993633	0	0	0	0.0350722	0	0	0	0.000613923	
0.99362	0	0	0	0.0348366	0	0	0	0.000604856	
0.993607	0	0	0	0.0346025	0	0	0	0.000595922	
0.993595	0	0	0	0.0343701	0	0	0	0.00058712	
0.993582	0	0	0	0.0341391	0	0	0	0.000578449	
0.993569	0	0	0	0.0339098	0	0	0	0.000569905	
0.993556	0	0	0	0.033682	0	0	0	0.000561487	
0.993544	0	0	0	0.0334557	0	0	0	0.000553194	
0.993531	0	0	0	0.0332309	0	0	0	0.000545023	
0.993518	0	0	0	0.0330077	0	0	0	0.000536973	
0.993505	0	0	0	0.0327859	0	0	0	0.000529042	
0.993492	0	0	0	0.0325656	0	0	0	0.000521228	
0.99348	0	0	0	0.0323468	0	0	0	0.00051353	
0.993467	0	0	0	0.0321295	0	0	0	0.000505945	
0.993454	0	0	0	0.0319137	0	0	0	0.000498472	
0.993441	0	0	0	0.0316993	0	0	0	0.00049111	
0.993429	0	0	0	0.0314863	0	0	0	0.000483856	
0.993416	0	0	0	0.0312748	0	0	0	0.000476709	
0.993403	0	0	0	0.0310646	0	0	0	0.000469668	
0.99339	0	0	0	0.0308559	0	0	0	0.000462731	
0.993378	0	0	0	0.0306486	0	0	0	0.000455897	
0.993365	0	0	0	0.0304427	0	0	0	0.000449163	
0.993352	0	0	0	0.0302382	0	0	0	0.000442529	
0.993339	0	0	0	0.0300351	0	0	0	0.000435993	
0.993326	0	0	0	0.0298333	0	0	0	0.000429553	
0.993314	0	0	0	0.0296328	0	0	0	0.000423209	
0.993301	0	0	0	0.0294338	0	0	0	0.000416958	
0.993288	0	0	0	0.029236	0	0	0	0.0004108	
0.993275	0	0	0	0.0290396	0	0	0	0.000404732	
0.993263	0	0	0	0.0288445	0	0	0	0.000398754	
0.99325	0	0	0	0.0286507	0	0	0	0.000392865	
0.993237	0	0	0	0.0284582	0	0	0	0.000387062	
0.993224	0	0	0	0.028267	0	0	0	0.000381345	
0.993212	0	0	0	0.0280771	0	0	0	0.000375713	
0.993199	0	0	0	0.0278885	0	0	0	0.000370163	
0.993186	0	0	0	0.0277011	0	0	0	0.000364696	
0.993173	0	0	0	0.027515	0	0	0	0.000359309	
0.993161	0	0	0	0.0273302	0	0	0	0.000354002	
0.993148	0	0	0	0.0271465	0	0	0	0.000348774	
0.993135	0	0	0	0.0269642	0	0	0	0.000343622	
0.993122	0	0	0	0.026783	0	0	0	0.000338547	
0.993109	0	0	0	0.0266031	0	0	0	0.000333547	
0.993097	0	0	0	0.0264243	0	0	0	0.00032862	
0.993084	0	0	0	0.0262468	0	0	0	0.000323766	
0.993071	0	0	0	0.0260705	0	0	0	0.000318984	
0.993058	0	0	0	0.0258953	0	0	0	0.000314273	
0.993046	0	0	0	0.0257214	0	0	0	0.000309631	
0.993033	0	0	0	0.0255485	0	0	0	0.000305058	
0.99302	0	0	0	0.0253769	0	0	0	0.000300552	
0.993007	0	0	0	0.0252064	0	0	0	0.000296113	
0.992995	0	0	0	0.0250371	0	0	0	0.000291739	
0.992982	0	0	0	0.0248689	0	0	0	0.00028743	
0.992969	0	0	0	0.0247018	0	0	0	0.000283185	
0.992956	0	0	0	0.0245358	0	0	0	0.000279002	
0.992944	0	0	0	0.024371	0	0	0	0.000274882	
0.992931	0	0	0	0.0242073	0	0	0	0.000270822	
0.992918	0	0	0	0.0240446	0	0	0	0.000266822	
0.992905	0	0	0	0.0238831	0	0	0	0.000262881	
0.992893	0	0	0	0.0237226	0	0	0	0.000258998	
0.99288	0	0	0	0.0235632	0	0	0	0.000255172	
0.992867	0	0	0	0.0234049	0	0	0	0.000251404	
0.992854	0	0	0	0.0232477	0	0	0	0.00024769	
0.992841	0	0	0	0.0230915	0	0	0	0.000244032	
0.992829	0	0	0	0.0229364	0	0	0	0.000240428	
0.992816	0	0	0	0.0227823	0	0	0	0.000236876	
0.992803	0	0	0	0.0226292	0	0	0	0.000233378	
0.99279	0	0	0	0.0224772	0	0	0	0.000229931	
0.992778	0	0	0	0.0223262	0	0	0	0.000226535	
0.992765	0	0	0	0.0221762	0	0	0	0.000223189	
0.992752	0	0	0	0.0220272	0	0	0	0.000219892	
0.992739	0	0	0	0.0218792	0	0	0	0.000216644	
0.992727	0	0	0	0.0217322	0	0	0	0.000213445	
0.992714	0	0	0	0.0215862	0	0	0	0.000210292	
0.992701	0	0	0	0.0214412	0	0	0	0.000207186	
0.992688	0	0	0	0.0212971	0	0	0	0.000204126	
0.992676	0	0	0	0.0211541	0	0	0	0.000201111	
0.992663	0	0	0	0.0210119	0	0	0	0.000198141	
0.99265	0	0	0	0.0208708	0	0	0	0.000195214	
0.992637	0	0	0	0.0207306	0	0	0	0.000192331	
0.992625	0	0	0	0.0205913	0	0	0	0.00018949	
0.992612	0	0	0	0.0204529	0	0	0	0.000186691	
0.992599	0	0	0	0.0203155	0	0	0	0.000183934	
0.992586	0	0	0	0.020179	0	0	0	0.000181217	
0.992574	0	0	0	0.0200435	0	0	0	0.00017854	
0.992561	0	0	0	0.0199088	0	0	0	0.000175903	
0.992548	0	0	0	0.0197751	0	0	0	0.000173305	
0.992535	0	0	0	0.0196422	0	0	0	0.000170746	
0.992523	0	0	0	0.0195102	0	0	0	0.000168224	
0.99251	0	0	0	0.0193792	0	0	0	0.000165739	
0.992497	0	0	0	0.019249	0	0	0	0.000163291	
0.992484	0	0	0	0.0191196	0	0	0	0.000160879	
0.992471	0	0	0	0.0189912	0	0	0	0.000158503	
0.992459	0	0	0	0.0188636	0	0	0	0.000156162	
0.992446	0	0	0	0.0187369	0	0	0	0.000153855	
0.992433	0	0	0	0.018611	0	0	0	0.000151583	
0.99242	0	0	0	0.018486	0	0	0	0.000149344	
0.992408	0	0	0	0.0183618	0	0	0	0.000147138	
0.992395	0	0	0	0.0182384	0	0	0	0.000144965	
0.992382	0	0	0	0.0181159	0	0	0	0.000142824	
0.992369	0	0	0	0.0179942	0	0	0	0.000140714	
0.992357	0	0	0	0.0178733	0	0	0	0.000138636	
0.992344	0	0	0	0.0177532	0	0	0	0.000136588	
0.992331	0	0	0	0.0176339	0	0	0	0.000134571	
0.992318	0	0	0	0.0175154	0	0	0	0.000132583	
0.992306	0	0	0	0.0173978	0	0	0	0.000130625	
0.992293	0	0	0	0.0172809	0	0	0	0.000128696	
0.99228	0	0	0	0.0171648	0	0	0	0.000126795	
0.992267	0	0	0	0.0170495	0	0	0	0.000124922	
0.992255	0	0	0	0.0169349	0	0	0	0.000123077	
0.992242	0	0	0	0.0168212	0	0	0	0.000121259	
0.992229	0	0	0	0.0167081	0	0	0	0.000119468	
0.992216	0	0	0	0.0165959	0	0	0	0.000117704	
0.992204	0	0	0	0.0164844	0	0	0	0.000115965	
0.992191	0	0	0	0.0163736	0	0	0	0.000114252	
0.992178	0	0	0	0.0162636	0	0	0	0.000112565	
0.992165	0	0	0	0.0161544	0	0	0	0.000110902	
0.992153	0	0	0	0.0160458	0	0	0	0.000109264	
0.99214	0	0	0	0.015938	0	0	0	0.00010765	
0.992127	0	0	0	0.015831	0	0	0	0.00010606	
0.992114	0	0	0	0.0157246	0	0	0	0.000104494	
0.992102	0	0	0	0.015619	0	0	0	0.000102951	
0.992089	0	0	0	0.015514	0	0	0	0.00010143	
0.992076	0	0	0	0.0154098	0	0	0	9.99318e-05	
0.992063	0	0	0	0.0153063	0	0	0	9.84558e-05	
0.992051	0	0	0	0.0152034	0	0	0	9.70016e-05	
0.992038	0	0	0	0.0151013	0	0	0	9.55689e-05	
0.992025	0	0	0	0.0149998	0	0	0	9.41573e-05	
0.992012	0	0	0	0.0148991	0	0	0	9.27666e-05	
0.992	0	0	0	0.014799	0	0	0	9.13965e-05	
0.991987	0	0	0	0.0146995	0	0	0	9.00465e-05	
0.991974	0	0	0	0.0146008	0	0	0	8.87166e-05	
0.991961	0	0	0	0.0145027	0	0	0	8.74062e-05	
0.991949	0	0	0	0.0144053	0	0	0	8.61152e-05	
0.991936	0	0	0	0.0143085	0	0	0	8.48433e-05	
0.991923	0	0	0	0.0142124	0	0	0	8.35902e-05	
0.99191	0	0	0	0.0141169	0	0	0	8.23555e-05	
0.991898	0	0	0	0.014022	0	0	0	8.11391e-05	
0.991885	0	0	0	0.0139278	0	0	0	7.99407e-05	
0.991872	0	0	0	0.0138342	0	0	0	7.876e-05	
0.991859	0	0	0	0.0137413	0	0	0	7.75967e-05	
0.991847	0	0	0	0.013649	0	0	0	7.64506e-05	
0.991834	0	0	0	0.0135573	0	0	0	7.53214e-05	
0.991821	0	0	0	0.0134662	0	0	0	7.42089e-05	
0.991808	0	0	0	0.0133757	0	0	0	7.31128e-05	
0.991796	0	0	0	0.0132859	0	0	0	7.2033e-05	
0.991783	0	0	0	0.0131966	0	0	0	7.0969e-05	
0.99177	0	0	0	0.013108	0	0	0	6.99208e-05	
0.991757	0	0	0	0.0130199	0	0	0	6.88881e-05	
0.991745	0	0	0	0.0129324	0	0	0	6.78706e-05	
0.991732	0	0	0	0.0128455	0	0	0	6.68682e-05	
0.991719	0	0	0	0.0127592	0	0	0	6.58805e-05	
0.991706	0	0	0	0.0126735	0	0	0	6.49075e-05	
0.991694	0	0	0	0.0125884	0	0	0	6.39488e-05	
0.991681	0	0	0	0.0125038	0	0	0	6.30043e-05	
0.991668	0	0	0	0.0124198	0	0	0	6.20737e-05	
0.991656	0	0	0	0.0123363	0	0	0	6.11569e-05	
0.991643	0	0	0	0.0122535	0	0	0	6.02536e-05	
0.99163	0	0	0	0.0121711	0	0	0	5.93636e-05	
0.991617	0	0	0	0.0120894	0	0	0	5.84868e-05	
0.991605	0	0	0	0.0120082	0	0	0	5.7623e-05	
0.991592	0	0	0	0.0119275	0	0	0	5.67719e-05	
0.991579	0	0	0	0.0118473	0	0	0	5.59334e-05	
0.991566	0	0	0	0.0117678	0	0	0	5.51072e-05	
0.991554	0	0	0	0.0116887	0	0	0	5.42933e-05	
0.991541	0	0	0	0.0116102	0	0	0	5.34914e-05	
0.991528	0	0	0	0.0115322	0	0	0	5.27013e-05	
0.991515	0	0	0	0.0114547	0	0	0	5.19229e-05	
0.991503	0	0	0	0.0113777	0	0	0	5.1156e-05	
0.99149	0	0	0	0.0113013	0	0	0	5.04004e-05	
0.991477	0	0	0	0.0112254	0	0	0	4.9656e-05	
0.991464	0	0	0	0.0111499	0	0	0	4.89226e-05	
0.991452	0	0	0	0.011075	0	0	0	4.82e-05	
0.991439	0	0	0	0.0110006	0	0	0	4.74881e-05	
0.991426	0	0	0	0.0109267	0	0	0	4.67867e-05	
0.991413	0	0	0	0.0108533	0	0	0	4.60956e-05	
0.991401	0	0	0	0.0107804	0	0	0	4.54148e-05	
0.991388	0	0	0	0.010708	0	0	0	4.4744e-05	
0.991375	0	0	0	0.010636	0	0	0	4.40832e-05	
0.991362	0	0	0	0.0105646	0	0	0	4.34321e-05	
0.99135	0	0	0	0.0104936	0	0	0	4.27906e-05	
0.991337	0	0	0	0.0104231	0	0	0	4.21585e-05	
0.991324	0	0	0	0.0103531	0	0	0	4.15359e-05	
0.991311	0	0	0	0.0102835	0	0	0	4.09224e-05	
0.991299	0	0	0	0.0102144	0	0	0	4.0318e-05	
0.991286	0	0	0	0.0101458	0	0	0	3.97225e-05	
0.991273	0	0	0	0.0100776	0	0	0	3.91358e-05	
0.99126	0	0	0	0.0100099	0	0	0	3.85577e-05	
0.991248	0	0	0	0.00994269	0	0	0	3.79882e-05	
0.991235	0	0	0	0.00987589	0	0	0	3.74271e-05	
0.991222	0	0	0	0.00980954	0	0	0	3.68743e-05	
0.99121	0	0	0	0.00974363	0	0	0	3.63297e-05	
0.991197	0	0	0	0.00967817	0	0	0	3.57931e-05	
0.991184	0	0	0	0.00961315	0	0	0	3.52644e-05	
0.991171	0	0	0	0.00954857	0	0	0	3.47436e-05	
0.991159	0	0	0	0.00948442	0	0	0	3.42304e-05	
0.991146	0	0	0	0.0094207	0	0	0	3.37248e-05	
0.991133	0	0	0	0.0093574	0	0	0	3.32267e-05	
0.99112	0	0	0	0.00929454	0	0	0	3.2736e-05	
0.991108	0	0	0	0.00923209	0	0	0	3.22525e-05	
0.991095	0	0	0	0.00917007	0	0	0	3.17761e-05	
0.991082	0	0	0	0.00910846	0	0	0	3.13067e-05	
0.991069	0	0	0	0.00904727	0	0	0	3.08443e-05	
0.991057	0	0	0	0.00898649	0	0	0	3.03888e-05	
0.991044	0	0	0	0.00892611	0	0	0	2.99399e-05	
