1	0	0	0	1	0	0	0	1	
0.999997	1.14593e-06	0	0	0.989746	0	0	0	0.989746	
0.999993	4.49482e-06	0	0	0.979704	0	0	0	0.979704	
0.99999	9.95631e-06	0	0	0.969767	0	0	0	0.969767	
0.999986	1.74359e-05	0	0	0.959935	0	0	0	0.959935	
0.999983	2.68459e-05	0	0	0.950205	0	0	0	0.950205	
0.999979	3.81045e-05	0	0	0.940576	0	0	0	0.940576	
0.999976	5.11354e-05	0	0	0.931049	0	0	0	0.931049	
0.999972	6.58668e-05	0	0	0.92162	0	0	0	0.92162	
0.999969	8.22313e-05	0	0	0.91229	0	0	0	0.91229	
0.999966	0.000100165	0	0	0.903057	0	0	0	0.903057	
0.999962	0.000119609	0	0	0.89392	0	0	0	0.89392	
0.999959	0.000140505	0	0	0.884878	0	0	0	0.884878	
0.999955	0.0001628	0	0	0.875931	0	0	0	0.875931	
0.999952	0.000186442	0	0	0.867076	0	0	0	0.867076	
0.999948	0.000211382	0	0	0.858313	0	0	0	0.858313	
0.999945	0.000237573	0	0	0.84964	0	0	0	0.84964	
0.999942	0.000264971	0	0	0.841058	0	0	0	0.841058	
0.999938	0.000293532	0	0	0.832565	0	0	0	0.832565	
0.999935	0.000323215	0	0	0.82416	0	0	0	0.82416	
0.999931	0.000353981	0	0	0.815841	0	0	0	0.815841	
0.999928	0.000385791	0	0	0.807609	0	0	0	0.807609	
0.999924	0.00041861	0	0	0.799462	0	0	0	0.799462	
0.999921	0.000452401	0	0	0.791399	0	0	0	0.791399	
0.999917	0.000487131	0	0	0.78342	0	0	0	0.78342	
0.999914	0.000522766	0	0	0.775523	0	0	0	0.775523	
0.999911	0.000559275	0	0	0.767707	0	0	0	0.767707	
0.999907	0.000596628	0	0	0.759972	0	0	0	0.759972	
0.999904	0.000634794	0	0	0.752317	0	0	0	0.752317	
0.9999	0.000673745	0	0	0.744741	0	0	0	0.744741	
0.999897	0.000713452	0	0	0.737243	0	0	0	0.737243	
0.999893	0.000753889	0	0	0.729822	0	0	0	0.729822	
0.99989	0.00079503	0	0	0.722478	0	0	0	0.722478	
0.999887	0.000836849	0	0	0.715209	0	0	0	0.715209	
0.999883	0.000879322	0	0	0.708015	0	0	0	0.708015	
0.99988	0.000922424	0	0	0.700895	0	0	0	0.700895	
0.999876	0.000966132	0	0	0.693848	0	0	0	0.693848	
0.999873	0.00101042	0	0	0.686874	0	0	0	0.686874	
0.999869	0.00105528	0	0	0.679971	0	0	0	0.679971	
0.999866	0.00110067	0	0	0.67314	0	0	0	0.67314	
0.999862	0.00114659	0	0	0.666378	0	0	0	0.666378	
0.999859	0.001193	0	0	0.659686	0	0	0	0.659686	
0.999856	0.00123989	0	0	0.653062	0	0	0	0.653062	
0.999852	0.00128724	0	0	0.646507	0	0	0	0.646507	
0.999849	0.00133504	0	0	0.640019	0	0	0	0.640019	
0.999845	0.00138326	0	0	0.633597	0	0	0	0.633597	
0.999842	0.00143188	0	0	0.627241	0	0	0	0.627241	
0.999838	0.0014809	0	0	0.62095	0	0	0	0.62095	
0.999835	0.00153028	0	0	0.614724	0	0	0	0.614724	
0.999832	0.00158003	0	0	0.608561	0	0	0	0.608561	
0.999828	0.00163011	0	0	0.602462	0	0	0	0.602462	
0.999825	0.00168052	0	0	0.596425	0	0	0	0.596425	
0.999821	0.00173123	0	0	0.59045	0	0	0	0.59045	
0.999818	0.00178224	0	0	0.584536	0	0	0	0.584536	
0.999814	0.00183354	0	0	0.578682	0	0	0	0.578682	
0.999811	0.00188509	0	0	0.572888	0	0	0	0.572888	
0.999807	0.00193691	0	0	0.567153	0	0	0	0.567153	
0.999804	0.00198896	0	0	0.561477	0	0	0	0.561477	
0.999801	0.00204124	0	0	0.555859	0	0	0	0.555859	
0.999797	0.00209373	0	0	0.550299	0	0	0	0.550299	
0.999794	0.00214642	0	0	0.544795	0	0	0	0.544795	
0.99979	0.00219931	0	0	0.539347	0	0	0	0.539347	
0.999787	0.00225237	0	0	0.533955	0	0	0	0.533955	
0.999783	0.0023056	0	0	0.528618	0	0	0	0.528618	
0.99978	0.00235898	0	0	0.523335	0	0	0	0.523335	
0.999777	0.00241251	0	0	0.518106	0	0	0	0.518106	
0.999773	0.00246618	0	0	0.51293	0	0	0	0.51293	
0.99977	0.00251997	0	0	0.507807	0	0	0	0.507807	
0.999766	0.00257387	0	0	0.502737	0	0	0	0.502737	
0.999763	0.00262788	0	0	0.497718	0	0	0	0.497718	
0.999759	0.00268198	0	0	0.49275	0	0	0	0.49275	
0.999756	0.00273616	0	0	0.487832	0	0	0	0.487832	
0.999753	0.00279043	0	0	0.482965	0	0	0	0.482965	
0.999749	0.00284476	0	0	0.478147	0	0	0	0.478147	
0.999746	0.00289915	0	0	0.473378	0	0	0	0.473378	
0.999742	0.00295359	0	0	0.468658	0	0	0	0.468658	
0.999739	0.00300807	0	0	0.463986	0	0	0	0.463986	
0.999735	0.00306259	0	0	0.459361	0	0	0	0.459361	
0.999732	0.00311713	0	0	0.454783	0	0	0	0.454783	
0.999728	0.00317169	0	0	0.450251	0	0	0	0.450251	
0.999725	0.00322627	0	0	0.445766	0	0	0	0.445766	
0.999722	0.00328085	0	0	0.441326	0	0	0	0.441326	
0.999718	0.00333542	0	0	0.436931	0	0	0	0.436931	
0.999715	0.00338999	0	0	0.432581	0	0	0	0.432581	
0.999711	0.00344454	0	0	0.428275	0	0	0	0.428275	
0.999708	0.00349907	0	0	0.424013	0	0	0	0.424013	
0.999704	0.00355356	0	0	0.419794	0	0	0	0.419794	
0.999701	0.00360803	0	0	0.415617	0	0	0	0.415617	
0.999698	0.00366245	0	0	0.411483	0	0	0	0.411483	
0.999694	0.00371682	0	0	0.407391	0	0	0	0.407391	
0.999691	0.00377115	0	0	0.403341	0	0	0	0.403341	
0.999687	0.00382541	0	0	0.399331	0	0	0	0.399331	
0.999684	0.00387961	0	0	0.395362	0	0	0	0.395362	
0.99968	0.00393374	0	0	0.391433	0	0	0	0.391433	
0.999677	0.0039878	0	0	0.387544	0	0	0	0.387544	
0.999673	0.00404178	0	0	0.383694	0	0	0	0.383694	
0.99967	0.00409567	0	0	0.379883	0	0	0	0.379883	
0.999667	0.00414947	0	0	0.376111	0	0	0	0.376111	
0.999663	0.00420319	0	0	0.372377	0	0	0	0.372377	
0.99966	0.0042568	0	0	0.368681	0	0	0	0.368681	
0.999656	0.00431031	0	0	0.365022	0	0	0	0.365022	
0.999653	0.00436372	0	0	0.3614	0	0	0	0.3614	
0.999649	0.00441701	0	0	0.357814	0	0	0	0.357814	
0.999646	0.0044702	0	0	0.354265	0	0	0	0.354265	
0.999643	0.00452326	0	0	0.350752	0	0	0	0.350752	
0.999639	0.0045762	0	0	0.347274	0	0	0	0.347274	
0.999636	0.00462901	0	0	0.343831	0	0	0	0.343831	
0.999632	0.0046817	0	0	0.340423	0	0	0	0.340423	
0.999629	0.00473425	0	0	0.33705	0	0	0	0.33705	
0.999625	0.00478667	0	0	0.33371	0	0	0	0.33371	
0.999622	0.00483895	0	0	0.330404	0	0	0	0.330404	
0.999618	0.00489108	0	0	0.327132	0	0	0	0.327132	
0.999615	0.00494307	0	0	0.323892	0	0	0	0.323892	
0.999612	0.00499492	0	0	0.320685	0	0	0	0.320685	
0.999608	0.00504661	0	0	0.317511	0	0	0	0.317511	
0.999605	0.00509814	0	0	0.314368	0	0	0	0.314368	
0.999601	0.00514952	0	0	0.311257	0	0	0	0.311257	
0.999598	0.00520074	0	0	0.308177	0	0	0	0.308177	
0.999594	0.0052518	0	0	0.305129	0	0	0	0.305129	
0.999591	0.00530269	0	0	0.302111	0	0	0	0.302111	
0.999588	0.00535342	0	0	0.299123	0	0	0	0.299123	
0.999584	0.00540397	0	0	0.296166	0	0	0	0.296166	
0.999581	0.00545436	0	0	0.293238	0	0	0	0.293238	
0.999577	0.00550457	0	0	0.29034	0	0	0	0.29034	
0.999574	0.00555461	0	0	0.287471	0	0	0	0.287471	
0.99957	0.00560447	0	0	0.284631	0	0	0	0.284631	
0.999567	0.00565415	0	0	0.281819	0	0	0	0.281819	
0.999564	0.00570364	0	0	0.279035	0	0	0	0.279035	
0.99956	0.00575296	0	0	0.27628	0	0	0	0.27628	
0.999557	0.00580209	0	0	0.273552	0	0	0	0.273552	
0.999553	0.00585103	0	0	0.270852	0	0	0	0.270852	
0.99955	0.00589979	0	0	0.268178	0	0	0	0.268178	
0.999546	0.00594835	0	0	0.265532	0	0	0	0.265532	
0.999543	0.00599673	0	0	0.262912	0	0	0	0.262912	
0.999539	0.00604491	0	0	0.260318	0	0	0	0.260318	
0.999536	0.0060929	0	0	0.257751	0	0	0	0.257751	
0.999533	0.00614069	0	0	0.255209	0	0	0	0.255209	
0.999529	0.00618828	0	0	0.252693	0	0	0	0.252693	
0.999526	0.00623568	0	0	0.250202	0	0	0	0.250202	
0.999522	0.00628288	0	0	0.247736	0	0	0	0.247736	
0.999519	0.00632988	0	0	0.245294	0	0	0	0.245294	
0.999515	0.00637668	0	0	0.242877	0	0	0	0.242877	
0.999512	0.00642327	0	0	0.240485	0	0	0	0.240485	
0.999509	0.00646966	0	0	0.238116	0	0	0	0.238116	
0.999505	0.00651585	0	0	0.235771	0	0	0	0.235771	
0.999502	0.00656184	0	0	0.233449	0	0	0	0.233449	
0.999498	0.00660761	0	0	0.231151	0	0	0	0.231151	
0.999495	0.00665318	0	0	0.228876	0	0	0	0.228876	
0.999491	0.00669855	0	0	0.226623	0	0	0	0.226623	
0.999488	0.00674371	0	0	0.224393	0	0	0	0.224393	
0.999484	0.00678865	0	0	0.222186	0	0	0	0.222186	
0.999481	0.00683339	0	0	0.22	0	0	0	0.22	
0.999478	0.00687792	0	0	0.217837	0	0	0	0.217837	
0.999474	0.00692224	0	0	0.215695	0	0	0	0.215695	
0.999471	0.00696635	0	0	0.213574	0	0	0	0.213574	
0.999467	0.00701025	0	0	0.211474	0	0	0	0.211474	
0.999464	0.00705393	0	0	0.209396	0	0	0	0.209396	
0.99946	0.00709741	0	0	0.207338	0	0	0	0.207338	
0.999457	0.00714067	0	0	0.205301	0	0	0	0.205301	
0.999454	0.00718372	0	0	0.203284	0	0	0	0.203284	
0.99945	0.00722656	0	0	0.201288	0	0	0	0.201288	
0.999447	0.00726918	0	0	0.199311	0	0	0	0.199311	
0.999443	0.00731159	0	0	0.197354	0	0	0	0.197354	
0.99944	0.00735379	0	0	0.195417	0	0	0	0.195417	
0.999436	0.00739577	0	0	0.193499	0	0	0	0.193499	
0.999433	0.00743754	0	0	0.1916	0	0	0	0.1916	
0.99943	0.0074791	0	0	0.18972	0	0	0	0.18972	
0.999426	0.00752044	0	0	0.187858	0	0	0	0.187858	
0.999423	0.00756157	0	0	0.186016	0	0	0	0.186016	
0.999419	0.00760248	0	0	0.184191	0	0	0	0.184191	
0.999416	0.00764318	0	0	0.182385	0	0	0	0.182385	
0.999412	0.00768367	0	0	0.180597	0	0	0	0.180597	
0.999409	0.00772394	0	0	0.178827	0	0	0	0.178827	
0.999405	0.007764	0	0	0.177074	0	0	0	0.177074	
0.999402	0.00780385	0	0	0.175339	0	0	0	0.175339	
0.999399	0.00784348	0	0	0.173621	0	0	0	0.173621	
0.999395	0.0078829	0	0	0.17192	0	0	0	0.17192	
0.999392	0.0079221	0	0	0.170236	0	0	0	0.170236	
0.999388	0.0079611	0	0	0.168569	0	0	0	0.168569	
0.999385	0.00799988	0	0	0.166918	0	0	0	0.166918	
0.999381	0.00803844	0	0	0.165284	0	0	0	0.165284	
0.999378	0.0080768	0	0	0.163666	0	0	0	0.163666	
0.999375	0.00811494	0	0	0.162065	0	0	0	0.162065	
0.999371	0.00815287	0	0	0.160479	0	0	0	0.160479	
0.999368	0.00819059	0	0	0.158909	0	0	0	0.158909	
0.999364	0.0082281	0	0	0.157354	0	0	0	0.157354	
0.999361	0.0082654	0	0	0.155815	0	0	0	0.155815	
0.999357	0.00830249	0	0	0.154291	0	0	0	0.154291	
0.999354	0.00833937	0	0	0.152783	0	0	0	0.152783	
0.99935	0.00837604	0	0	0.151289	0	0	0	0.151289	
0.999347	0.0084125	0	0	0.14981	0	0	0	0.14981	
0.999344	0.00844875	0	0	0.148346	0	0	0	0.148346	
0.99934	0.00848479	0	0	0.146897	0	0	0	0.146897	
0.999337	0.00852063	0	0	0.145462	0	0	0	0.145462	
0.999333	0.00855626	0	0	0.144041	0	0	0	0.144041	
0.99933	0.00859168	0	0	0.142634	0	0	0	0.142634	
0.999326	0.0086269	0	0	0.141241	0	0	0	0.141241	
0.999323	0.00866191	0	0	0.139862	0	0	0	0.139862	
0.99932	0.00869671	0	0	0.138497	0	0	0	0.138497	
0.999316	0.00873131	0	0	0.137145	0	0	0	0.137145	
0.999313	0.00876571	0	0	0.135806	0	0	0	0.135806	
0.999309	0.0087999	0	0	0.134481	0	0	0	0.134481	
0.999306	0.00883389	0	0	0.133169	0	0	0	0.133169	
0.999302	0.00886768	0	0	0.13187	0	0	0	0.13187	
0.999299	0.00890126	0	0	0.130584	0	0	0	0.130584	
0.999296	0.00893465	0	0	0.129311	0	0	0	0.129311	
0.999292	0.00896783	0	0	0.12805	0	0	0	0.12805	
0.999289	0.00900082	0	0	0.126802	0	0	0	0.126802	
0.999285	0.0090336	0	0	0.125566	0	0	0	0.125566	
0.999282	0.00906619	0	0	0.124342	0	0	0	0.124342	
0.999278	0.00909858	0	0	0.12313	0	0	0	0.12313	
0.999275	0.00913077	0	0	0.121931	0	0	0	0.121931	
0.999271	0.00916276	0	0	0.120743	0	0	0	0.120743	
0.999268	0.00919456	0	0	0.119567	0	0	0	0.119567	
0.999265	0.00922616	0	0	0.118403	0	0	0	0.118403	
0.999261	0.00925757	0	0	0.11725	0	0	0	0.11725	
0.999258	0.00928879	0	0	0.116109	0	0	0	0.116109	
0.999254	0.00931981	0	0	0.114978	0	0	0	0.114978	
0.999251	0.00935064	0	0	0.11386	0	0	0	0.11386	
0.999247	0.00938128	0	0	0.112752	0	0	0	0.112752	
0.999244	0.00941172	0	0	0.111655	0	0	0	0.111655	
0.999241	0.00944198	0	0	0.110569	0	0	0	0.110569	
0.999237	0.00947205	0	0	0.109493	0	0	0	0.109493	
0.999234	0.00950192	0	0	0.108428	0	0	0	0.108428	
0.99923	0.00953161	0	0	0.107374	0	0	0	0.107374	
0.999227	0.00956112	0	0	0.10633	0	0	0	0.10633	
0.999223	0.00959043	0	0	0.105297	0	0	0	0.105297	
0.99922	0.00961957	0	0	0.104273	0	0	0	0.104273	
0.999217	0.00964851	0	0	0.10326	0	0	0	0.10326	
0.999213	0.00967727	0	0	0.102257	0	0	0	0.102257	
0.99921	0.00970585	0	0	0.101264	0	0	0	0.101264	
0.999206	0.00973425	0	0	0.10028	0	0	0	0.10028	
0.999203	0.00976246	0	0	0.0993063	0	0	0	0.0993063	
0.999199	0.00979049	0	0	0.098342	0	0	0	0.098342	
0.999196	0.00981835	0	0	0.0973873	0	0	0	0.0973873	
0.999192	0.00984602	0	0	0.096442	0	0	0	0.096442	
0.999189	0.00987352	0	0	0.095506	0	0	0	0.095506	
0.999186	0.00990083	0	0	0.0945792	0	0	0	0.0945792	
0.999182	0.00992797	0	0	0.0936616	0	0	0	0.0936616	
0.999179	0.00995494	0	0	0.092753	0	0	0	0.092753	
0.999175	0.00998172	0	0	0.0918533	0	0	0	0.0918533	
0.999172	0.0100083	0	0	0.0909625	0	0	0	0.0909625	
0.999168	0.0100348	0	0	0.0900805	0	0	0	0.0900805	
0.999165	0.010061	0	0	0.0892072	0	0	0	0.0892072	
0.999162	0.0100871	0	0	0.0883424	0	0	0	0.0883424	
0.999158	0.0101131	0	0	0.0874862	0	0	0	0.0874862	
0.999155	0.0101388	0	0	0.0866384	0	0	0	0.0866384	
0.999151	0.0101644	0	0	0.0857989	0	0	0	0.0857989	
0.999148	0.0101898	0	0	0.0849677	0	0	0	0.0849677	
0.999144	0.0102151	0	0	0.0841447	0	0	0	0.0841447	
0.999141	0.0102401	0	0	0.0833297	0	0	0	0.0833297	
0.999138	0.0102651	0	0	0.0825228	0	0	0	0.0825228	
0.999134	0.0102898	0	0	0.0817238	0	0	0	0.0817238	
0.999131	0.0103144	0	0	0.0809327	0	0	0	0.0809327	
0.999127	0.0103388	0	0	0.0801493	0	0	0	0.0801493	
0.999124	0.0103631	0	0	0.0793737	0	0	0	0.0793737	
0.99912	0.0103871	0	0	0.0786056	0	0	0	0.0786056	
0.999117	0.0104111	0	0	0.0778451	0	0	0	0.0778451	
0.999113	0.0104349	0	0	0.0770921	0	0	0	0.0770921	
0.99911	0.0104585	0	0	0.0763465	0	0	0	0.0763465	
0.999107	0.0104819	0	0	0.0756081	0	0	0	0.0756081	
0.999103	0.0105052	0	0	0.0748771	0	0	0	0.0748771	
0.9991	0.0105284	0	0	0.0741532	0	0	0	0.0741532	
0.999096	0.0105513	0	0	0.0734364	0	0	0	0.0734364	
0.999093	0.0105742	0	0	0.0727266	0	0	0	0.0727266	
0.999089	0.0105968	0	0	0.0720238	0	0	0	0.0720238	
0.999086	0.0106193	0	0	0.071328	0	0	0	0.071328	
0.999083	0.0106417	0	0	0.0706389	0	0	0	0.0706389	
0.999079	0.0106639	0	0	0.0699566	0	0	0	0.0699566	
0.999076	0.010686	0	0	0.0692809	0	0	0	0.0692809	
0.999072	0.0107079	0	0	0.0686119	0	0	0	0.0686119	
0.999069	0.0107296	0	0	0.0679495	0	0	0	0.0679495	
0.999065	0.0107513	0	0	0.0672935	0	0	0	0.0672935	
0.999062	0.0107727	0	0	0.066644	0	0	0	0.066644	
0.999059	0.010794	0	0	0.0660009	0	0	0	0.0660009	
0.999055	0.0108152	0	0	0.065364	0	0	0	0.065364	
0.999052	0.0108362	0	0	0.0647334	0	0	0	0.0647334	
0.999048	0.0108571	0	0	0.0641089	0	0	0	0.0641089	
0.999045	0.0108778	0	0	0.0634906	0	0	0	0.0634906	
0.999041	0.0108984	0	0	0.0628783	0	0	0	0.0628783	
0.999038	0.0109189	0	0	0.062272	0	0	0	0.062272	
0.999034	0.0109392	0	0	0.0616717	0	0	0	0.0616717	
0.999031	0.0109594	0	0	0.0610772	0	0	0	0.0610772	
0.999028	0.0109794	0	0	0.0604885	0	0	0	0.0604885	
0.999024	0.0109993	0	0	0.0599056	0	0	0	0.0599056	
0.999021	0.011019	0	0	0.0593284	0	0	0	0.0593284	
0.999017	0.0110386	0	0	0.0587569	0	0	0	0.0587569	
0.999014	0.0110581	0	0	0.0581909	0	0	0	0.0581909	
0.99901	0.0110774	0	0	0.0576305	0	0	0	0.0576305	
0.999007	0.0110966	0	0	0.0570755	0	0	0	0.0570755	
0.999004	0.0111157	0	0	0.056526	0	0	0	0.056526	
0.999	0.0111346	0	0	0.0559818	0	0	0	0.0559818	
0.998997	0.0111534	0	0	0.0554429	0	0	0	0.0554429	
0.998993	0.0111721	0	0	0.0549094	0	0	0	0.0549094	
0.99899	0.0111907	0	0	0.054381	0	0	0	0.054381	
0.998986	0.0112091	0	0	0.0538578	0	0	0	0.0538578	
0.998983	0.0112273	0	0	0.0533397	0	0	0	0.0533397	
0.99898	0.0112455	0	0	0.0528266	0	0	0	0.0528266	
0.998976	0.0112635	0	0	0.0523186	0	0	0	0.0523186	
0.998973	0.0112814	0	0	0.0518155	0	0	0	0.0518155	
0.998969	0.0112992	0	0	0.0513173	0	0	0	0.0513173	
0.998966	0.0113168	0	0	0.050824	0	0	0	0.050824	
0.998962	0.0113343	0	0	0.0503355	0	0	0	0.0503355	
0.998959	0.0113517	0	0	0.0498518	0	0	0	0.0498518	
0.998956	0.011369	0	0	0.0493728	0	0	0	0.0493728	
0.998952	0.0113861	0	0	0.0488984	0	0	0	0.0488984	
0.998949	0.0114032	0	0	0.0484287	0	0	0	0.0484287	
0.998945	0.0114201	0	0	0.0479636	0	0	0	0.0479636	
0.998942	0.0114369	0	0	0.047503	0	0	0	0.047503	
0.998938	0.0114535	0	0	0.0470468	0	0	0	0.0470468	
0.998935	0.0114701	0	0	0.0465952	0	0	0	0.0465952	
0.998931	0.0114865	0	0	0.0461479	0	0	0	0.0461479	
0.998928	0.0115028	0	0	0.045705	0	0	0	0.045705	
0.998925	0.011519	0	0	0.0452664	0	0	0	0.0452664	
0.998921	0.0115351	0	0	0.044832	0	0	0	0.044832	
0.998918	0.011551	0	0	0.0444019	0	0	0	0.0444019	
0.998914	0.0115669	0	0	0.043976	0	0	0	0.043976	
0.998911	0.0115826	0	0	0.0435542	0	0	0	0.0435542	
0.998907	0.0115982	0	0	0.0431366	0	0	0	0.0431366	
0.998904	0.0116137	0	0	0.042723	0	0	0	0.042723	
0.998901	0.0116291	0	0	0.0423134	0	0	0	0.0423134	
0.998897	0.0116444	0	0	0.0419078	0	0	0	0.0419078	
0.998894	0.0116596	0	0	0.0415061	0	0	0	0.0415061	
0.99889	0.0116746	0	0	0.0411084	0	0	0	0.0411084	
0.998887	0.0116896	0	0	0.0407145	0	0	0	0.0407145	
0.998883	0.0117044	0	0	0.0403245	0	0	0	0.0403245	
0.99888	0.0117192	0	0	0.0399382	0	0	0	0.0399382	
0.998877	0.0117338	0	0	0.0395557	0	0	0	0.0395557	
0.998873	0.0117483	0	0	0.0391769	0	0	0	0.0391769	
0.99887	0.0117627	0	0	0.0388018	0	0	0	0.0388018	
0.998866	0.0117771	0	0	0.0384304	0	0	0	0.0384304	
0.998863	0.0117913	0	0	0.0380625	0	0	0	0.0380625	
0.998859	0.0118054	0	0	0.0376983	0	0	0	0.0376983	
0.998856	0.0118194	0	0	0.0373375	0	0	0	0.0373375	
0.998852	0.0118333	0	0	0.0369803	0	0	0	0.0369803	
0.998849	0.0118471	0	0	0.0366265	0	0	0	0.0366265	
0.998846	0.0118608	0	0	0.0362762	0	0	0	0.0362762	
0.998842	0.0118744	0	0	0.0359292	0	0	0	0.0359292	
0.998839	0.0118879	0	0	0.0355857	0	0	0	0.0355857	
0.998835	0.0119013	0	0	0.0352454	0	0	0	0.0352454	
0.998832	0.0119146	0	0	0.0349085	0	0	0	0.0349085	
0.998828	0.0119278	0	0	0.0345748	0	0	0	0.0345748	
0.998825	0.0119409	0	0	0.0342444	0	0	0	0.0342444	
0.998822	0.0119539	0	0	0.0339172	0	0	0	0.0339172	
0.998818	0.0119668	0	0	0.0335931	0	0	0	0.0335931	
0.998815	0.0119797	0	0	0.0332722	0	0	0	0.0332722	
0.998811	0.0119924	0	0	0.0329544	0	0	0	0.0329544	
0.998808	0.012005	0	0	0.0326397	0	0	0	0.0326397	
0.998804	0.0120176	0	0	0.032328	0	0	0	0.032328	
0.998801	0.01203	0	0	0.0320193	0	0	0	0.0320193	
0.998798	0.0120424	0	0	0.0317137	0	0	0	0.0317137	
0.998794	0.0120546	0	0	0.031411	0	0	0	0.031411	
0.998791	0.0120668	0	0	0.0311112	0	0	0	0.0311112	
0.998787	0.0120789	0	0	0.0308143	0	0	0	0.0308143	
0.998784	0.0120909	0	0	0.0305203	0	0	0	0.0305203	
0.99878	0.0121028	0	0	0.0302292	0	0	0	0.0302292	
0.998777	0.0121146	0	0	0.0299409	0	0	0	0.0299409	
0.998774	0.0121264	0	0	0.0296553	0	0	0	0.0296553	
0.99877	0.012138	0	0	0.0293725	0	0	0	0.0293725	
0.998767	0.0121496	0	0	0.0290925	0	0	0	0.0290925	
0.998763	0.012161	0	0	0.0288152	0	0	0	0.0288152	
0.99876	0.0121724	0	0	0.0285405	0	0	0	0.0285405	
0.998756	0.0121837	0	0	0.0282685	0	0	0	0.0282685	
0.998753	0.012195	0	0	0.0279992	0	0	0	0.0279992	
0.998749	0.0122061	0	0	0.0277324	0	0	0	0.0277324	
0.998746	0.0122171	0	0	0.0274682	0	0	0	0.0274682	
0.998743	0.0122281	0	0	0.0272066	0	0	0	0.0272066	
0.998739	0.012239	0	0	0.0269475	0	0	0	0.0269475	
0.998736	0.0122498	0	0	0.0266909	0	0	0	0.0266909	
0.998732	0.0122605	0	0	0.0264368	0	0	0	0.0264368	
0.998729	0.0122712	0	0	0.0261851	0	0	0	0.0261851	
0.998725	0.0122818	0	0	0.0259359	0	0	0	0.0259359	
0.998722	0.0122922	0	0	0.025689	0	0	0	0.025689	
0.998719	0.0123027	0	0	0.0254446	0	0	0	0.0254446	
0.998715	0.012313	0	0	0.0252025	0	0	0	0.0252025	
0.998712	0.0123232	0	0	0.0249628	0	0	0	0.0249628	
0.998708	0.0123334	0	0	0.0247253	0	0	0	0.0247253	
0.998705	0.0123435	0	0	0.0244902	0	0	0	0.0244902	
0.998701	0.0123535	0	0	0.0242573	0	0	0	0.0242573	
0.998698	0.0123635	0	0	0.0240267	0	0	0	0.0240267	
0.998695	0.0123734	0	0	0.0237983	0	0	0	0.0237983	
0.998691	0.0123832	0	0	0.0235721	0	0	0	0.0235721	
0.998688	0.0123929	0	0	0.0233481	0	0	0	0.0233481	
0.998684	0.0124026	0	0	0.0231262	0	0	0	0.0231262	
0.998681	0.0124122	0	0	0.0229065	0	0	0	0.0229065	
0.998677	0.0124217	0	0	0.0226889	0	0	0	0.0226889	
0.998674	0.0124311	0	0	0.0224734	0	0	0	0.0224734	
0.998671	0.0124405	0	0	0.02226	0	0	0	0.02226	
0.998667	0.0124498	0	0	0.0220486	0	0	0	0.0220486	
0.998664	0.012459	0	0	0.0218393	0	0	0	0.0218393	
0.99866	0.0124682	0	0	0.0216319	0	0	0	0.0216319	
0.998657	0.0124772	0	0	0.0214266	0	0	0	0.0214266	
0.998653	0.0124863	0	0	0.0212233	0	0	0	0.0212233	
0.99865	0.0124952	0	0	0.0210219	0	0	0	0.0210219	
0.998646	0.0125041	0	0	0.0208224	0	0	0	0.0208224	
0.998643	0.0125129	0	0	0.0206249	0	0	0	0.0206249	
0.99864	0.0125217	0	0	0.0204293	0	0	0	0.0204293	
0.998636	0.0125304	0	0	0.0202355	0	0	0	0.0202355	
0.998633	0.012539	0	0	0.0200436	0	0	0	0.0200436	
0.998629	0.0125475	0	0	0.0198536	0	0	0	0.0198536	
0.998626	0.012556	0	0	0.0196654	0	0	0	0.0196654	
0.998622	0.0125644	0	0	0.019479	0	0	0	0.019479	
0.998619	0.0125728	0	0	0.0192944	0	0	0	0.0192944	
0.998616	0.0125811	0	0	0.0191116	0	0	0	0.0191116	
0.998612	0.0125893	0	0	0.0189305	0	0	0	0.0189305	
0.998609	0.0125975	0	0	0.0187512	0	0	0	0.0187512	
0.998605	0.0126056	0	0	0.0185736	0	0	0	0.0185736	
0.998602	0.0126137	0	0	0.0183977	0	0	0	0.0183977	
0.998598	0.0126217	0	0	0.0182235	0	0	0	0.0182235	
0.998595	0.0126296	0	0	0.0180509	0	0	0	0.0180509	
0.998592	0.0126375	0	0	0.01788	0	0	0	0.01788	
0.998588	0.0126453	0	0	0.0177108	0	0	0	0.0177108	
0.998585	0.012653	0	0	0.0175432	0	0	0	0.0175432	
0.998581	0.0126607	0	0	0.0173772	0	0	0	0.0173772	
0.998578	0.0126683	0	0	0.0172128	0	0	0	0.0172128	
0.998574	0.0126759	0	0	0.0170499	0	0	0	0.0170499	
0.998571	0.0126834	0	0	0.0168887	0	0	0	0.0168887	
0.998568	0.0126909	0	0	0.0167289	0	0	0	0.0167289	
0.998564	0.0126983	0	0	0.0165708	0	0	0	0.0165708	
0.998561	0.0127056	0	0	0.0164141	0	0	0	0.0164141	
0.998557	0.0127129	0	0	0.0162589	0	0	0	0.0162589	
0.998554	0.0127201	0	0	0.0161052	0	0	0	0.0161052	
0.99855	0.0127273	0	0	0.015953	0	0	0	0.015953	
0.998547	0.0127344	0	0	0.0158023	0	0	0	0.0158023	
0.998544	0.0127415	0	0	0.015653	0	0	0	0.015653	
0.99854	0.0127485	0	0	0.0155051	0	0	0	0.0155051	
0.998537	0.0127555	0	0	0.0153586	0	0	0	0.0153586	
0.998533	0.0127624	0	0	0.0152136	0	0	0	0.0152136	
0.99853	0.0127692	0	0	0.0150699	0	0	0	0.0150699	
0.998526	0.012776	0	0	0.0149277	0	0	0	0.0149277	
0.998523	0.0127828	0	0	0.0147867	0	0	0	0.0147867	
0.998519	0.0127895	0	0	0.0146472	0	0	0	0.0146472	
0.998516	0.0127961	0	0	0.0145089	0	0	0	0.0145089	
0.998513	0.0128027	0	0	0.014372	0	0	0	0.014372	
0.998509	0.0128093	0	0	0.0142364	0	0	0	0.0142364	
0.998506	0.0128158	0	0	0.0141021	0	0	0	0.0141021	
0.998502	0.0128222	0	0	0.0139691	0	0	0	0.0139691	
0.998499	0.0128286	0	0	0.0138373	0	0	0	0.0138373	
0.998495	0.0128349	0	0	0.0137069	0	0	0	0.0137069	
0.998492	0.0128412	0	0	0.0135776	0	0	0	0.0135776	
0.998489	0.0128475	0	0	0.0134496	0	0	0	0.0134496	
0.998485	0.0128537	0	0	0.0133229	0	0	0	0.0133229	
0.998482	0.0128598	0	0	0.0131973	0	0	0	0.0131973	
0.998478	0.0128659	0	0	0.0130729	0	0	0	0.0130729	
0.998475	0.012872	0	0	0.0129498	0	0	0	0.0129498	
0.998471	0.012878	0	0	0.0128278	0	0	0	0.0128278	
0.998468	0.012884	0	0	0.0127069	0	0	0	0.0127069	
0.998465	0.0128899	0	0	0.0125873	0	0	0	0.0125873	
0.998461	0.0128958	0	0	0.0124687	0	0	0	0.0124687	
0.998458	0.0129016	0	0	0.0123513	0	0	0	0.0123513	
0.998454	0.0129074	0	0	0.0122351	0	0	0	0.0122351	
0.998451	0.0129131	0	0	0.0121199	0	0	0	0.0121199	
0.998447	0.0129188	0	0	0.0120058	0	0	0	0.0120058	
0.998444	0.0129245	0	0	0.0118929	0	0	0	0.0118929	
0.998441	0.0129301	0	0	0.011781	0	0	0	0.011781	
0.998437	0.0129356	0	0	0.0116701	0	0	0	0.0116701	
0.998434	0.0129412	0	0	0.0115604	0	0	0	0.0115604	
0.99843	0.0129466	0	0	0.0114516	0	0	0	0.0114516	
0.998427	0.0129521	0	0	0.0113439	0	0	0	0.0113439	
0.998423	0.0129575	0	0	0.0112373	0	0	0	0.0112373	
0.99842	0.0129628	0	0	0.0111316	0	0	0	0.0111316	
0.998417	0.0129681	0	0	0.011027	0	0	0	0.011027	
0.998413	0.0129734	0	0	0.0109234	0	0	0	0.0109234	
0.99841	0.0129786	0	0	0.0108207	0	0	0	0.0108207	
0.998406	0.0129838	0	0	0.0107191	0	0	0	0.0107191	
0.998403	0.012989	0	0	0.0106184	0	0	0	0.0106184	
0.998399	0.0129941	0	0	0.0105186	0	0	0	0.0105186	
0.998396	0.0129991	0	0	0.0104198	0	0	0	0.0104198	
0.998392	0.0130042	0	0	0.010322	0	0	0	0.010322	
0.998389	0.0130091	0	0	0.0102251	0	0	0	0.0102251	
0.998386	0.0130141	0	0	0.0101291	0	0	0	0.0101291	
0.998382	0.013019	0	0	0.010034	0	0	0	0.010034	
0.998379	0.0130239	0	0	0.00993984	0	0	0	0.00993984	
0.998375	0.0130287	0	0	0.00984656	0	0	0	0.00984656	
0.998372	0.0130335	0	0	0.00975418	0	0	0	0.00975418	
0.998368	0.0130383	0	0	0.00966267	0	0	0	0.00966267	
0.998365	0.013043	0	0	0.00957204	0	0	0	0.00957204	
0.998362	0.0130477	0	0	0.00948226	0	0	0	0.00948226	
0.998358	0.0130524	0	0	0.00939335	0	0	0	0.00939335	
0.998355	0.013057	0	0	0.00930527	0	0	0	0.00930527	
0.998351	0.0130615	0	0	0.00921804	0	0	0	0.00921804	
0.998348	0.0130661	0	0	0.00913164	0	0	0	0.00913164	
0.998344	0.0130706	0	0	0.00904606	0	0	0	0.00904606	
0.998341	0.0130751	0	0	0.00896129	0	0	0	0.00896129	
0.998338	0.0130795	0	0	0.00887733	0	0	0	0.00887733	
0.998334	0.0130839	0	0	0.00879416	0	0	0	0.00879416	
0.998331	0.0130883	0	0	0.00871179	0	0	0	0.00871179	
0.998327	0.0130926	0	0	0.0086302	0	0	0	0.0086302	
0.998324	0.0130969	0	0	0.00854939	0	0	0	0.00854939	
0.99832	0.0131012	0	0	0.00846934	0	0	0	0.00846934	
0.998317	0.0131054	0	0	0.00839005	0	0	0	0.00839005	
0.998314	0.0131096	0	0	0.00831152	0	0	0	0.00831152	
0.99831	0.0131138	0	0	0.00823374	0	0	0	0.00823374	
0.998307	0.0131179	0	0	0.00815669	0	0	0	0.00815669	
0.998303	0.0131221	0	0	0.00808037	0	0	0	0.00808037	
0.9983	0.0131261	0	0	0.00800478	0	0	0	0.00800478	
0.998296	0.0131302	0	0	0.00792991	0	0	0	0.00792991	
0.998293	0.0131342	0	0	0.00785575	0	0	0	0.00785575	
0.99829	0.0131382	0	0	0.00778229	0	0	0	0.00778229	
0.998286	0.0131421	0	0	0.00770953	0	0	0	0.00770953	
0.998283	0.013146	0	0	0.00763746	0	0	0	0.00763746	
0.998279	0.0131499	0	0	0.00756607	0	0	0	0.00756607	
0.998276	0.0131538	0	0	0.00749536	0	0	0	0.00749536	
0.998272	0.0131576	0	0	0.00742532	0	0	0	0.00742532	
0.998269	0.0131614	0	0	0.00735595	0	0	0	0.00735595	
0.998266	0.0131652	0	0	0.00728723	0	0	0	0.00728723	
0.998262	0.0131689	0	0	0.00721917	0	0	0	0.00721917	
0.998259	0.0131726	0	0	0.00715175	0	0	0	0.00715175	
0.998255	0.0131763	0	0	0.00708497	0	0	0	0.00708497	
0.998252	0.0131799	0	0	0.00701882	0	0	0	0.00701882	
0.998248	0.0131835	0	0	0.0069533	0	0	0	0.0069533	
0.998245	0.0131871	0	0	0.0068884	0	0	0	0.0068884	
0.998241	0.0131907	0	0	0.00682412	0	0	0	0.00682412	
0.998238	0.0131942	0	0	0.00676044	0	0	0	0.00676044	
0.998235	0.0131978	0	0	0.00669737	0	0	0	0.00669737	
0.998231	0.0132012	0	0	0.00663489	0	0	0	0.00663489	
0.998228	0.0132047	0	0	0.00657301	0	0	0	0.00657301	
0.998224	0.0132081	0	0	0.00651171	0	0	0	0.00651171	
0.998221	0.0132115	0	0	0.006451	0	0	0	0.006451	
0.998217	0.0132149	0	0	0.00639085	0	0	0	0.00639085	
0.998214	0.0132182	0	0	0.00633128	0	0	0	0.00633128	
0.998211	0.0132216	0	0	0.00627227	0	0	0	0.00627227	
0.998207	0.0132249	0	0	0.00621382	0	0	0	0.00621382	
0.998204	0.0132281	0	0	0.00615592	0	0	0	0.00615592	
0.9982	0.0132314	0	0	0.00609857	0	0	0	0.00609857	
0.998197	0.0132346	0	0	0.00604177	0	0	0	0.00604177	
0.998193	0.0132378	0	0	0.0059855	0	0	0	0.0059855	
0.99819	0.013241	0	0	0.00592976	0	0	0	0.00592976	
0.998187	0.0132441	0	0	0.00587455	0	0	0	0.00587455	
0.998183	0.0132472	0	0	0.00581986	0	0	0	0.00581986	
0.99818	0.0132503	0	0	0.00576568	0	0	0	0.00576568	
0.998176	0.0132534	0	0	0.00571202	0	0	0	0.00571202	
0.998173	0.0132564	0	0	0.00565887	0	0	0	0.00565887	
0.998169	0.0132594	0	0	0.00560622	0	0	0	0.00560622	
0.998166	0.0132624	0	0	0.00555407	0	0	0	0.00555407	
0.998163	0.0132654	0	0	0.00550241	0	0	0	0.00550241	
0.998159	0.0132684	0	0	0.00545123	0	0	0	0.00545123	
0.998156	0.0132713	0	0	0.00540054	0	0	0	0.00540054	
0.998152	0.0132742	0	0	0.00535033	0	0	0	0.00535033	
0.998149	0.0132771	0	0	0.0053006	0	0	0	0.0053006	
0.998145	0.01328	0	0	0.00525133	0	0	0	0.00525133	
0.998142	0.0132828	0	0	0.00520253	0	0	0	0.00520253	
0.998139	0.0132856	0	0	0.00515418	0	0	0	0.00515418	
0.998135	0.0132884	0	0	0.0051063	0	0	0	0.0051063	
0.998132	0.0132912	0	0	0.00505886	0	0	0	0.00505886	
0.998128	0.0132939	0	0	0.00501188	0	0	0	0.00501188	
0.998125	0.0132966	0	0	0.00496534	0	0	0	0.00496534	
0.998121	0.0132994	0	0	0.00491923	0	0	0	0.00491923	
0.998118	0.013302	0	0	0.00487356	0	0	0	0.00487356	
0.998115	0.0133047	0	0	0.00482832	0	0	0	0.00482832	
0.998111	0.0133073	0	0	0.00478351	0	0	0	0.00478351	
0.998108	0.01331	0	0	0.00473912	0	0	0	0.00473912	
0.998104	0.0133126	0	0	0.00469515	0	0	0	0.00469515	
0.998101	0.0133152	0	0	0.0046516	0	0	0	0.0046516	
0.998097	0.0133177	0	0	0.00460845	0	0	0	0.00460845	
0.998094	0.0133203	0	0	0.00456571	0	0	0	0.00456571	
0.998091	0.0133228	0	0	0.00452337	0	0	0	0.00452337	
0.998087	0.0133253	0	0	0.00448143	0	0	0	0.00448143	
0.998084	0.0133278	0	0	0.00443989	0	0	0	0.00443989	
0.99808	0.0133302	0	0	0.00439874	0	0	0	0.00439874	
0.998077	0.0133327	0	0	0.00435798	0	0	0	0.00435798	
0.998073	0.0133351	0	0	0.00431759	0	0	0	0.00431759	
0.99807	0.0133375	0	0	0.00427759	0	0	0	0.00427759	
0.998067	0.0133399	0	0	0.00423797	0	0	0	0.00423797	
0.998063	0.0133422	0	0	0.00419872	0	0	0	0.00419872	
0.99806	0.0133446	0	0	0.00415984	0	0	0	0.00415984	
0.998056	0.0133469	0	0	0.00412132	0	0	0	0.00412132	
0.998053	0.0133492	0	0	0.00408317	0	0	0	0.00408317	
0.998049	0.0133515	0	0	0.00404537	0	0	0	0.00404537	
0.998046	0.0133538	0	0	0.00400793	0	0	0	0.00400793	
0.998042	0.0133561	0	0	0.00397085	0	0	0	0.00397085	
0.998039	0.0133583	0	0	0.00393411	0	0	0	0.00393411	
0.998036	0.0133605	0	0	0.00389772	0	0	0	0.00389772	
0.998032	0.0133627	0	0	0.00386167	0	0	0	0.00386167	
0.998029	0.0133649	0	0	0.00382595	0	0	0	0.00382595	
0.998025	0.0133671	0	0	0.00379058	0	0	0	0.00379058	
0.998022	0.0133692	0	0	0.00375553	0	0	0	0.00375553	
0.998018	0.0133714	0	0	0.00372082	0	0	0	0.00372082	
0.998015	0.0133735	0	0	0.00368643	0	0	0	0.00368643	
0.998012	0.0133756	0	0	0.00365237	0	0	0	0.00365237	
0.998008	0.0133777	0	0	0.00361862	0	0	0	0.00361862	
0.998005	0.0133797	0	0	0.00358519	0	0	0	0.00358519	
0.998001	0.0133818	0	0	0.00355208	0	0	0	0.00355208	
0.997998	0.0133838	0	0	0.00351927	0	0	0	0.00351927	
0.997994	0.0133859	0	0	0.00348678	0	0	0	0.00348678	
0.997991	0.0133879	0	0	0.00345459	0	0	0	0.00345459	
0.997988	0.0133898	0	0	0.0034227	0	0	0	0.0034227	
0.997984	0.0133918	0	0	0.00339111	0	0	0	0.00339111	
0.997981	0.0133938	0	0	0.00335982	0	0	0	0.00335982	
0.997977	0.0133957	0	0	0.00332882	0	0	0	0.00332882	
0.997974	0.0133976	0	0	0.00329811	0	0	0	0.00329811	
0.99797	0.0133996	0	0	0.00326769	0	0	0	0.00326769	
0.997967	0.0134015	0	0	0.00323755	0	0	0	0.00323755	
0.997964	0.0134033	0	0	0.0032077	0	0	0	0.0032077	
0.99796	0.0134052	0	0	0.00317813	0	0	0	0.00317813	
0.997957	0.0134071	0	0	0.00314883	0	0	0	0.00314883	
0.997953	0.0134089	0	0	0.00311981	0	0	0	0.00311981	
0.99795	0.0134107	0	0	0.00309106	0	0	0	0.00309106	
0.997946	0.0134125	0	0	0.00306258	0	0	0	0.00306258	
0.997943	0.0134143	0	0	0.00303437	0	0	0	0.00303437	
0.99794	0.0134161	0	0	0.00300642	0	0	0	0.00300642	
0.997936	0.0134179	0	0	0.00297874	0	0	0	0.00297874	
0.997933	0.0134196	0	0	0.00295131	0	0	0	0.00295131	
0.997929	0.0134214	0	0	0.00292414	0	0	0	0.00292414	
0.997926	0.0134231	0	0	0.00289722	0	0	0	0.00289722	
0.997922	0.0134248	0	0	0.00287056	0	0	0	0.00287056	
0.997919	0.0134265	0	0	0.00284415	0	0	0	0.00284415	
0.997916	0.0134282	0	0	0.00281798	0	0	0	0.00281798	
0.997912	0.0134299	0	0	0.00279206	0	0	0	0.00279206	
0.997909	0.0134315	0	0	0.00276638	0	0	0	0.00276638	
0.997905	0.0134332	0	0	0.00274094	0	0	0	0.00274094	
0.997902	0.0134348	0	0	0.00271574	0	0	0	0.00271574	
0.997898	0.0134364	0	0	0.00269077	0	0	0	0.00269077	
0.997895	0.013438	0	0	0.00266604	0	0	0	0.00266604	
0.997892	0.0134396	0	0	0.00264154	0	0	0	0.00264154	
0.997888	0.0134412	0	0	0.00261727	0	0	0	0.00261727	
0.997885	0.0134428	0	0	0.00259323	0	0	0	0.00259323	
0.997881	0.0134443	0	0	0.00256941	0	0	0	0.00256941	
0.997878	0.0134459	0	0	0.00254581	0	0	0	0.00254581	
0.997874	0.0134474	0	0	0.00252243	0	0	0	0.00252243	
0.997871	0.0134489	0	0	0.00249928	0	0	0	0.00249928	
0.997868	0.0134504	0	0	0.00247633	0	0	0	0.00247633	
0.997864	0.0134519	0	0	0.00245361	0	0	0	0.00245361	
0.997861	0.0134534	0	0	0.00243109	0	0	0	0.00243109	
0.997857	0.0134549	0	0	0.00240879	0	0	0	0.00240879	
0.997854	0.0134563	0	0	0.00238669	0	0	0	0.00238669	
0.99785	0.0134578	0	0	0.0023648	0	0	0	0.0023648	
0.997847	0.0134592	0	0	0.00234312	0	0	0	0.00234312	
0.997844	0.0134607	0	0	0.00232164	0	0	0	0.00232164	
0.99784	0.0134621	0	0	0.00230035	0	0	0	0.00230035	
0.997837	0.0134635	0	0	0.00227927	0	0	0	0.00227927	
0.997833	0.0134649	0	0	0.00225839	0	0	0	0.00225839	
0.99783	0.0134663	0	0	0.00223769	0	0	0	0.00223769	
0.997826	0.0134676	0	0	0.0022172	0	0	0	0.0022172	
0.997823	0.013469	0	0	0.00219689	0	0	0	0.00219689	
0.99782	0.0134703	0	0	0.00217677	0	0	0	0.00217677	
0.997816	0.0134717	0	0	0.00215684	0	0	0	0.00215684	
0.997813	0.013473	0	0	0.0021371	0	0	0	0.0021371	
0.997809	0.0134743	0	0	0.00211754	0	0	0	0.00211754	
0.997806	0.0134756	0	0	0.00209816	0	0	0	0.00209816	
0.997802	0.0134769	0	0	0.00207896	0	0	0	0.00207896	
0.997799	0.0134782	0	0	0.00205995	0	0	0	0.00205995	
0.997795	0.0134795	0	0	0.00204111	0	0	0	0.00204111	
0.997792	0.0134808	0	0	0.00202244	0	0	0	0.00202244	
0.997789	0.013482	0	0	0.00200395	0	0	0	0.00200395	
0.997785	0.0134833	0	0	0.00198563	0	0	0	0.00198563	
0.997782	0.0134845	0	0	0.00196749	0	0	0	0.00196749	
0.997778	0.0134858	0	0	0.00194951	0	0	0	0.00194951	
0.997775	0.013487	0	0	0.0019317	0	0	0	0.0019317	
0.997771	0.0134882	0	0	0.00191405	0	0	0	0.00191405	
0.997768	0.0134894	0	0	0.00189657	0	0	0	0.00189657	
0.997765	0.0134906	0	0	0.00187925	0	0	0	0.00187925	
0.997761	0.0134918	0	0	0.0018621	0	0	0	0.0018621	
0.997758	0.0134929	0	0	0.0018451	0	0	0	0.0018451	
0.997754	0.0134941	0	0	0.00182826	0	0	0	0.00182826	
0.997751	0.0134953	0	0	0.00181158	0	0	0	0.00181158	
0.997747	0.0134964	0	0	0.00179506	0	0	0	0.00179506	
0.997744	0.0134975	0	0	0.00177868	0	0	0	0.00177868	
0.997741	0.0134987	0	0	0.00176247	0	0	0	0.00176247	
0.997737	0.0134998	0	0	0.0017464	0	0	0	0.0017464	
0.997734	0.0135009	0	0	0.00173048	0	0	0	0.00173048	
0.99773	0.013502	0	0	0.00171471	0	0	0	0.00171471	
0.997727	0.0135031	0	0	0.00169908	0	0	0	0.00169908	
0.997723	0.0135042	0	0	0.0016836	0	0	0	0.0016836	
0.99772	0.0135053	0	0	0.00166827	0	0	0	0.00166827	
0.997717	0.0135063	0	0	0.00165308	0	0	0	0.00165308	
0.997713	0.0135074	0	0	0.00163803	0	0	0	0.00163803	
0.99771	0.0135084	0	0	0.00162312	0	0	0	0.00162312	
0.997706	0.0135095	0	0	0.00160834	0	0	0	0.00160834	
0.997703	0.0135105	0	0	0.00159371	0	0	0	0.00159371	
0.997699	0.0135116	0	0	0.00157921	0	0	0	0.00157921	
0.997696	0.0135126	0	0	0.00156485	0	0	0	0.00156485	
0.997693	0.0135136	0	0	0.00155062	0	0	0	0.00155062	
0.997689	0.0135146	0	0	0.00153652	0	0	0	0.00153652	
0.997686	0.0135156	0	0	0.00152256	0	0	0	0.00152256	
0.997682	0.0135166	0	0	0.00150872	0	0	0	0.00150872	
0.997679	0.0135176	0	0	0.00149501	0	0	0	0.00149501	
0.997675	0.0135185	0	0	0.00148143	0	0	0	0.00148143	
0.997672	0.0135195	0	0	0.00146798	0	0	0	0.00146798	
0.997669	0.0135205	0	0	0.00145465	0	0	0	0.00145465	
0.997665	0.0135214	0	0	0.00144145	0	0	0	0.00144145	
0.997662	0.0135224	0	0	0.00142836	0	0	0	0.00142836	
0.997658	0.0135233	0	0	0.0014154	0	0	0	0.0014154	
0.997655	0.0135242	0	0	0.00140256	0	0	0	0.00140256	
0.997651	0.0135252	0	0	0.00138984	0	0	0	0.00138984	
0.997648	0.0135261	0	0	0.00137724	0	0	0	0.00137724	
0.997645	0.013527	0	0	0.00136476	0	0	0	0.00136476	
0.997641	0.0135279	0	0	0.00135239	0	0	0	0.00135239	
0.997638	0.0135288	0	0	0.00134014	0	0	0	0.00134014	
0.997634	0.0135297	0	0	0.001328	0	0	0	0.001328	
0.997631	0.0135306	0	0	0.00131597	0	0	0	0.00131597	
0.997627	0.0135315	0	0	0.00130406	0	0	0	0.00130406	
0.997624	0.0135323	0	0	0.00129226	0	0	0	0.00129226	
0.997621	0.0135332	0	0	0.00128056	0	0	0	0.00128056	
0.997617	0.013534	0	0	0.00126898	0	0	0	0.00126898	
0.997614	0.0135349	0	0	0.0012575	0	0	0	0.0012575	
0.99761	0.0135357	0	0	0.00124614	0	0	0	0.00124614	
0.997607	0.0135366	0	0	0.00123487	0	0	0	0.00123487	
0.997603	0.0135374	0	0	0.00122372	0	0	0	0.00122372	
0.9976	0.0135383	0	0	0.00121266	0	0	0	0.00121266	
0.997597	0.0135391	0	0	0.00120171	0	0	0	0.00120171	
