1	0	0	0	1	0	0	0	1	
0.999975	1.42435e-06	0	1.87724e-07	0.993214	0	0	0	0.985033	
0.99995	5.58455e-06	0	7.36669e-07	0.986536	0	0	0	0.970479	
0.999926	1.23478e-05	0	1.6287e-06	0.979907	0	0	0	0.956145	
0.999902	2.15811e-05	0	2.84629e-06	0.973326	0	0	0	0.942026	
0.999877	3.31619e-05	0	4.37328e-06	0.966793	0	0	0	0.92812	
0.999854	4.6977e-05	0	6.19476e-06	0.960307	0	0	0	0.914423	
0.99983	6.29214e-05	0	8.29688e-06	0.953869	0	0	0	0.900932	
0.999806	8.08973e-05	0	1.06668e-05	0.947477	0	0	0	0.887643	
0.999783	0.000100814	0	1.32924e-05	0.94113	0	0	0	0.874555	
0.99976	0.000122585	0	1.61625e-05	0.93483	0	0	0	0.861662	
0.999737	0.000146131	0	1.92666e-05	0.928575	0	0	0	0.848963	
0.999714	0.000171377	0	2.25947e-05	0.922364	0	0	0	0.836455	
0.999692	0.000198252	0	2.61374e-05	0.916198	0	0	0	0.824134	
0.999669	0.000226687	0	2.98859e-05	0.910075	0	0	0	0.811998	
0.999647	0.000256621	0	3.38318e-05	0.903996	0	0	0	0.800043	
0.999625	0.000287991	0	3.79671e-05	0.897961	0	0	0	0.788268	
0.999602	0.000320742	0	4.22843e-05	0.891968	0	0	0	0.776669	
0.99958	0.000354818	0	4.67762e-05	0.886017	0	0	0	0.765243	
0.999559	0.000390167	0	5.14359e-05	0.880109	0	0	0	0.753988	
0.999537	0.00042674	0	5.62568e-05	0.874242	0	0	0	0.742902	
0.999515	0.000464488	0	6.12327e-05	0.868416	0	0	0	0.731981	
0.999494	0.000503366	0	6.63575e-05	0.862632	0	0	0	0.721224	
0.999473	0.000543331	0	7.16255e-05	0.856888	0	0	0	0.710627	
0.999451	0.000584341	0	7.70313e-05	0.851184	0	0	0	0.700189	
0.99943	0.000626354	0	8.25693e-05	0.84552	0	0	0	0.689906	
0.999409	0.000669333	0	8.82347e-05	0.839896	0	0	0	0.679777	
0.999388	0.000713241	0	9.40224e-05	0.834311	0	0	0	0.669799	
0.999367	0.000758041	0	9.99277e-05	0.828766	0	0	0	0.65997	
0.999347	0.000803699	0	0.000105946	0.823258	0	0	0	0.650288	
0.999326	0.000850181	0	0.000112073	0.817789	0	0	0	0.64075	
0.999306	0.000897456	0	0.000118305	0.812359	0	0	0	0.631354	
0.999285	0.000945492	0	0.000124636	0.806966	0	0	0	0.622098	
0.999265	0.000994259	0	0.000131065	0.80161	0	0	0	0.61298	
0.999245	0.00104373	0	0.000137585	0.796291	0	0	0	0.603999	
0.999224	0.00109387	0	0.000144195	0.79101	0	0	0	0.59515	
0.999204	0.00114466	0	0.00015089	0.785765	0	0	0	0.586434	
0.999184	0.00119608	0	0.000157667	0.780556	0	0	0	0.577847	
0.999164	0.00124808	0	0.000164522	0.775383	0	0	0	0.569388	
0.999145	0.00130066	0	0.000171452	0.770246	0	0	0	0.561055	
0.999125	0.00135379	0	0.000178455	0.765144	0	0	0	0.552846	
0.999105	0.00140744	0	0.000185527	0.760077	0	0	0	0.544759	
0.999085	0.00146159	0	0.000192664	0.755046	0	0	0	0.536793	
0.999066	0.00151622	0	0.000199865	0.750048	0	0	0	0.528945	
0.999046	0.00157131	0	0.000207127	0.745086	0	0	0	0.521213	
0.999027	0.00162684	0	0.000214446	0.740157	0	0	0	0.513596	
0.999008	0.00168278	0	0.000221821	0.735262	0	0	0	0.506093	
0.998988	0.00173913	0	0.000229248	0.730401	0	0	0	0.498701	
0.998969	0.00179586	0	0.000236725	0.725573	0	0	0	0.491419	
0.99895	0.00185295	0	0.00024425	0.720778	0	0	0	0.484245	
0.998931	0.00191038	0	0.000251821	0.716016	0	0	0	0.477177	
0.998912	0.00196815	0	0.000259435	0.711286	0	0	0	0.470215	
0.998893	0.00202622	0	0.000267089	0.706589	0	0	0	0.463355	
0.998874	0.00208459	0	0.000274783	0.701924	0	0	0	0.456598	
0.998855	0.00214324	0	0.000282514	0.697291	0	0	0	0.44994	
0.998837	0.00220215	0	0.000290279	0.692689	0	0	0	0.443382	
0.998818	0.00226131	0	0.000298077	0.688118	0	0	0	0.436921	
0.998799	0.00232071	0	0.000305907	0.683579	0	0	0	0.430555	
0.998781	0.00238033	0	0.000313765	0.679071	0	0	0	0.424284	
0.998762	0.00244016	0	0.000321651	0.674593	0	0	0	0.418106	
0.998743	0.00250018	0	0.000329562	0.670146	0	0	0	0.412019	
0.998725	0.00256038	0	0.000337497	0.665729	0	0	0	0.406023	
0.998707	0.00262075	0	0.000345455	0.661342	0	0	0	0.400115	
0.998688	0.00268128	0	0.000353433	0.656985	0	0	0	0.394295	
0.99867	0.00274196	0	0.000361431	0.652657	0	0	0	0.388561	
0.998652	0.00280276	0	0.000369446	0.648359	0	0	0	0.382912	
0.998633	0.00286369	0	0.000377477	0.644089	0	0	0	0.377346	
0.998615	0.00292473	0	0.000385523	0.639849	0	0	0	0.371863	
0.998597	0.00298588	0	0.000393582	0.635637	0	0	0	0.366461	
0.998579	0.00304711	0	0.000401653	0.631454	0	0	0	0.361139	
0.998561	0.00310843	0	0.000409735	0.627299	0	0	0	0.355895	
0.998543	0.00316981	0	0.000417827	0.623173	0	0	0	0.350729	
0.998525	0.00323126	0	0.000425926	0.619074	0	0	0	0.34564	
0.998507	0.00329276	0	0.000434032	0.615002	0	0	0	0.340626	
0.998489	0.00335431	0	0.000442144	0.610959	0	0	0	0.335685	
0.998471	0.00341588	0	0.000450261	0.606942	0	0	0	0.330818	
0.998453	0.00347749	0	0.000458381	0.602953	0	0	0	0.326023	
0.998436	0.00353911	0	0.000466504	0.59899	0	0	0	0.321298	
0.998418	0.00360075	0	0.000474628	0.595054	0	0	0	0.316644	
0.9984	0.00366239	0	0.000482752	0.591145	0	0	0	0.312058	
0.998383	0.00372402	0	0.000490876	0.587262	0	0	0	0.307539	
0.998365	0.00378564	0	0.000498998	0.583405	0	0	0	0.303088	
0.998347	0.00384724	0	0.000507118	0.579574	0	0	0	0.298702	
0.99833	0.00390881	0	0.000515234	0.575769	0	0	0	0.29438	
0.998312	0.00397035	0	0.000523345	0.571989	0	0	0	0.290123	
0.998295	0.00403186	0	0.000531452	0.568235	0	0	0	0.285928	
0.998277	0.00409331	0	0.000539552	0.564506	0	0	0	0.281795	
0.99826	0.00415471	0	0.000547646	0.560802	0	0	0	0.277723	
0.998242	0.00421606	0	0.000555732	0.557122	0	0	0	0.273711	
0.998225	0.00427734	0	0.000563809	0.553468	0	0	0	0.269758	
0.998208	0.00433855	0	0.000571877	0.549838	0	0	0	0.265864	
0.99819	0.00439969	0	0.000579936	0.546232	0	0	0	0.262027	
0.998173	0.00446074	0	0.000587983	0.54265	0	0	0	0.258246	
0.998156	0.00452171	0	0.00059602	0.539093	0	0	0	0.254521	
0.998139	0.00458259	0	0.000604044	0.535559	0	0	0	0.250851	
0.998121	0.00464338	0	0.000612056	0.532049	0	0	0	0.247235	
0.998104	0.00470406	0	0.000620054	0.528562	0	0	0	0.243672	
0.998087	0.00476464	0	0.000628039	0.525098	0	0	0	0.240161	
0.99807	0.00482511	0	0.000636009	0.521658	0	0	0	0.236702	
0.998053	0.00488546	0	0.000643965	0.518241	0	0	0	0.233294	
0.998036	0.0049457	0	0.000651904	0.514846	0	0	0	0.229936	
0.998019	0.00500581	0	0.000659828	0.511474	0	0	0	0.226628	
0.998002	0.0050658	0	0.000667735	0.508125	0	0	0	0.223368	
0.997985	0.00512565	0	0.000675624	0.504798	0	0	0	0.220156	
0.997968	0.00518538	0	0.000683496	0.501493	0	0	0	0.216991	
0.997951	0.00524496	0	0.00069135	0.498211	0	0	0	0.213873	
0.997934	0.00530441	0	0.000699185	0.49495	0	0	0	0.2108	
0.997917	0.00536371	0	0.000707002	0.491711	0	0	0	0.207773	
0.9979	0.00542286	0	0.000714798	0.488493	0	0	0	0.20479	
0.997883	0.00548186	0	0.000722575	0.485297	0	0	0	0.201851	
0.997866	0.00554071	0	0.000730332	0.482122	0	0	0	0.198955	
0.997849	0.0055994	0	0.000738068	0.478968	0	0	0	0.196101	
0.997833	0.00565793	0	0.000745782	0.475835	0	0	0	0.193289	
0.997816	0.0057163	0	0.000753476	0.472723	0	0	0	0.190519	
0.997799	0.0057745	0	0.000761147	0.469632	0	0	0	0.187789	
0.997782	0.00583253	0	0.000768797	0.466561	0	0	0	0.185099	
0.997766	0.00589039	0	0.000776423	0.463511	0	0	0	0.182449	
0.997749	0.00594808	0	0.000784027	0.460481	0	0	0	0.179837	
0.997732	0.0060056	0	0.000791608	0.457471	0	0	0	0.177264	
0.997715	0.00606293	0	0.000799166	0.454481	0	0	0	0.174729	
0.997699	0.00612009	0	0.000806699	0.451511	0	0	0	0.17223	
0.997682	0.00617706	0	0.000814209	0.448561	0	0	0	0.169768	
0.997666	0.00623385	0	0.000821694	0.44563	0	0	0	0.167343	
0.997649	0.00629046	0	0.000829155	0.442719	0	0	0	0.164952	
0.997632	0.00634687	0	0.000836591	0.439827	0	0	0	0.162597	
0.997616	0.0064031	0	0.000844002	0.436954	0	0	0	0.160276	
0.997599	0.00645913	0	0.000851388	0.4341	0	0	0	0.157989	
0.997583	0.00651497	0	0.000858748	0.431265	0	0	0	0.155736	
0.997566	0.00657062	0	0.000866083	0.428449	0	0	0	0.153516	
0.99755	0.00662607	0	0.000873391	0.425651	0	0	0	0.151328	
0.997533	0.00668132	0	0.000880674	0.422872	0	0	0	0.149172	
0.997517	0.00673637	0	0.00088793	0.420112	0	0	0	0.147047	
0.9975	0.00679122	0	0.000895159	0.417369	0	0	0	0.144954	
0.997484	0.00684586	0	0.000902362	0.414645	0	0	0	0.142891	
0.997467	0.00690031	0	0.000909539	0.411939	0	0	0	0.140858	
0.997451	0.00695455	0	0.000916688	0.409251	0	0	0	0.138855	
0.997434	0.00700858	0	0.00092381	0.40658	0	0	0	0.136881	
0.997418	0.00706241	0	0.000930904	0.403928	0	0	0	0.134936	
0.997402	0.00711602	0	0.000937971	0.401292	0	0	0	0.133019	
0.997385	0.00716943	0	0.000945011	0.398675	0	0	0	0.131131	
0.997369	0.00722263	0	0.000952023	0.396074	0	0	0	0.129269	
0.997353	0.00727562	0	0.000959007	0.393491	0	0	0	0.127436	
0.997336	0.00732839	0	0.000965963	0.390924	0	0	0	0.125628	
0.99732	0.00738095	0	0.000972891	0.388375	0	0	0	0.123847	
0.997304	0.0074333	0	0.000979791	0.385842	0	0	0	0.122092	
0.997287	0.00748544	0	0.000986663	0.383327	0	0	0	0.120363	
0.997271	0.00753736	0	0.000993507	0.380827	0	0	0	0.118659	
0.997255	0.00758906	0	0.00100032	0.378345	0	0	0	0.116979	
0.997239	0.00764055	0	0.00100711	0.375878	0	0	0	0.115324	
0.997222	0.00769182	0	0.00101387	0.373428	0	0	0	0.113694	
0.997206	0.00774287	0	0.0010206	0.370994	0	0	0	0.112087	
0.99719	0.00779371	0	0.0010273	0.368576	0	0	0	0.110503	
0.997174	0.00784433	0	0.00103397	0.366174	0	0	0	0.108942	
0.997157	0.00789472	0	0.00104061	0.363788	0	0	0	0.107404	
0.997141	0.0079449	0	0.00104722	0.361418	0	0	0	0.105889	
0.997125	0.00799486	0	0.00105381	0.359063	0	0	0	0.104395	
0.997109	0.0080446	0	0.00106037	0.356724	0	0	0	0.102923	
0.997093	0.00809412	0	0.00106689	0.3544	0	0	0	0.101473	
0.997077	0.00814342	0	0.00107339	0.352091	0	0	0	0.100043	
0.997061	0.0081925	0	0.00107986	0.349798	0	0	0	0.0986346	
0.997044	0.00824136	0	0.0010863	0.347519	0	0	0	0.0972464	
0.997028	0.00829	0	0.00109271	0.345256	0	0	0	0.0958783	
0.997012	0.00833842	0	0.00109909	0.343008	0	0	0	0.0945301	
0.996996	0.00838661	0	0.00110545	0.340774	0	0	0	0.0932015	
0.99698	0.00843459	0	0.00111177	0.338555	0	0	0	0.0918921	
0.996964	0.00848234	0	0.00111806	0.336351	0	0	0	0.0906018	
0.996948	0.00852987	0	0.00112433	0.334161	0	0	0	0.0893301	
0.996932	0.00857718	0	0.00113056	0.331986	0	0	0	0.0880769	
0.996916	0.00862427	0	0.00113677	0.329825	0	0	0	0.0868418	
0.9969	0.00867114	0	0.00114295	0.327678	0	0	0	0.0856247	
0.996884	0.00871779	0	0.0011491	0.325545	0	0	0	0.0844252	
0.996868	0.00876422	0	0.00115522	0.323426	0	0	0	0.083243	
0.996852	0.00881042	0	0.00116131	0.321321	0	0	0	0.082078	
0.996836	0.00885641	0	0.00116737	0.31923	0	0	0	0.0809298	
0.99682	0.00890217	0	0.0011734	0.317153	0	0	0	0.0797982	
0.996804	0.00894772	0	0.0011794	0.315089	0	0	0	0.078683	
0.996788	0.00899304	0	0.00118538	0.313039	0	0	0	0.077584	
0.996772	0.00903814	0	0.00119132	0.311002	0	0	0	0.0765008	
0.996756	0.00908303	0	0.00119724	0.308979	0	0	0	0.0754333	
0.99674	0.00912769	0	0.00120313	0.306969	0	0	0	0.0743812	
0.996724	0.00917214	0	0.00120898	0.304972	0	0	0	0.0733443	
0.996708	0.00921637	0	0.00121481	0.302988	0	0	0	0.0723225	
0.996692	0.00926037	0	0.00122061	0.301018	0	0	0	0.0713153	
0.996676	0.00930416	0	0.00122639	0.29906	0	0	0	0.0703227	
0.99666	0.00934774	0	0.00123213	0.297115	0	0	0	0.0693444	
0.996644	0.00939109	0	0.00123784	0.295183	0	0	0	0.0683803	
0.996628	0.00943423	0	0.00124353	0.293263	0	0	0	0.0674301	
0.996612	0.00947715	0	0.00124919	0.291356	0	0	0	0.0664935	
0.996596	0.00951985	0	0.00125481	0.289462	0	0	0	0.0655705	
0.99658	0.00956234	0	0.00126041	0.28758	0	0	0	0.0646608	
0.996564	0.00960461	0	0.00126599	0.28571	0	0	0	0.0637641	
0.996549	0.00964667	0	0.00127153	0.283853	0	0	0	0.0628804	
0.996533	0.00968851	0	0.00127705	0.282008	0	0	0	0.0620095	
0.996517	0.00973014	0	0.00128253	0.280174	0	0	0	0.0611511	
0.996501	0.00977156	0	0.00128799	0.278353	0	0	0	0.060305	
0.996485	0.00981276	0	0.00129342	0.276544	0	0	0	0.0594711	
0.996469	0.00985375	0	0.00129883	0.274747	0	0	0	0.0586492	
0.996453	0.00989453	0	0.0013042	0.272961	0	0	0	0.0578391	
0.996438	0.00993509	0	0.00130955	0.271187	0	0	0	0.0570407	
0.996422	0.00997545	0	0.00131487	0.269425	0	0	0	0.0562538	
0.996406	0.0100156	0	0.00132016	0.267674	0	0	0	0.0554781	
0.99639	0.0100555	0	0.00132542	0.265935	0	0	0	0.0547136	
0.996374	0.0100953	0	0.00133066	0.264207	0	0	0	0.0539601	
0.996358	0.0101348	0	0.00133587	0.26249	0	0	0	0.0532174	
0.996343	0.0101741	0	0.00134105	0.260785	0	0	0	0.0524854	
0.996327	0.0102132	0	0.0013462	0.259091	0	0	0	0.0517639	
0.996311	0.0102521	0	0.00135133	0.257407	0	0	0	0.0510527	
0.996295	0.0102908	0	0.00135643	0.255735	0	0	0	0.0503518	
0.996279	0.0103292	0	0.0013615	0.254074	0	0	0	0.0496608	
0.996264	0.0103675	0	0.00136654	0.252424	0	0	0	0.0489798	
0.996248	0.0104056	0	0.00137156	0.250784	0	0	0	0.0483086	
0.996232	0.0104435	0	0.00137655	0.249155	0	0	0	0.0476469	
0.996216	0.0104811	0	0.00138152	0.247537	0	0	0	0.0469948	
0.9962	0.0105186	0	0.00138646	0.24593	0	0	0	0.046352	
0.996185	0.0105559	0	0.00139137	0.244333	0	0	0	0.0457183	
0.996169	0.0105929	0	0.00139625	0.242746	0	0	0	0.0450938	
0.996153	0.0106298	0	0.00140111	0.24117	0	0	0	0.0444782	
0.996137	0.0106664	0	0.00140594	0.239604	0	0	0	0.0438713	
0.996122	0.0107029	0	0.00141075	0.238048	0	0	0	0.0432732	
0.996106	0.0107392	0	0.00141553	0.236502	0	0	0	0.0426836	
0.99609	0.0107752	0	0.00142028	0.234967	0	0	0	0.0421024	
0.996075	0.0108111	0	0.00142501	0.233441	0	0	0	0.0415295	
0.996059	0.0108468	0	0.00142971	0.231926	0	0	0	0.0409649	
0.996043	0.0108822	0	0.00143439	0.23042	0	0	0	0.0404082	
0.996027	0.0109175	0	0.00143904	0.228925	0	0	0	0.0398595	
0.996012	0.0109526	0	0.00144366	0.227439	0	0	0	0.0393187	
0.995996	0.0109875	0	0.00144826	0.225962	0	0	0	0.0387855	
0.99598	0.0110222	0	0.00145284	0.224496	0	0	0	0.03826	
0.995965	0.0110567	0	0.00145738	0.223039	0	0	0	0.0377419	
0.995949	0.011091	0	0.00146191	0.221591	0	0	0	0.0372312	
0.995933	0.0111252	0	0.00146641	0.220153	0	0	0	0.0367278	
0.995917	0.0111591	0	0.00147088	0.218724	0	0	0	0.0362316	
0.995902	0.0111928	0	0.00147533	0.217305	0	0	0	0.0357424	
0.995886	0.0112264	0	0.00147975	0.215895	0	0	0	0.0352602	
0.99587	0.0112598	0	0.00148415	0.214494	0	0	0	0.0347848	
0.995855	0.011293	0	0.00148852	0.213102	0	0	0	0.0343162	
0.995839	0.011326	0	0.00149287	0.211719	0	0	0	0.0338543	
0.995823	0.0113588	0	0.0014972	0.210346	0	0	0	0.0333989	
0.995808	0.0113914	0	0.0015015	0.208981	0	0	0	0.03295	
0.995792	0.0114239	0	0.00150578	0.207625	0	0	0	0.0325074	
0.995776	0.0114561	0	0.00151003	0.206278	0	0	0	0.0320712	
0.995761	0.0114882	0	0.00151426	0.20494	0	0	0	0.0316411	
0.995745	0.0115201	0	0.00151846	0.20361	0	0	0	0.0312171	
0.995729	0.0115518	0	0.00152265	0.20229	0	0	0	0.0307992	
0.995714	0.0115834	0	0.0015268	0.200977	0	0	0	0.0303871	
0.995698	0.0116147	0	0.00153094	0.199674	0	0	0	0.0299809	
0.995683	0.0116459	0	0.00153505	0.198379	0	0	0	0.0295805	
0.995667	0.0116769	0	0.00153913	0.197092	0	0	0	0.0291857	
0.995651	0.0117078	0	0.0015432	0.195814	0	0	0	0.0287965	
0.995636	0.0117384	0	0.00154724	0.194544	0	0	0	0.0284129	
0.99562	0.0117689	0	0.00155125	0.193282	0	0	0	0.0280346	
0.995604	0.0117992	0	0.00155525	0.192029	0	0	0	0.0276617	
0.995589	0.0118293	0	0.00155922	0.190783	0	0	0	0.0272941	
0.995573	0.0118593	0	0.00156317	0.189546	0	0	0	0.0269316	
0.995558	0.0118891	0	0.0015671	0.188317	0	0	0	0.0265743	
0.995542	0.0119187	0	0.001571	0.187096	0	0	0	0.026222	
0.995526	0.0119481	0	0.00157488	0.185883	0	0	0	0.0258747	
0.995511	0.0119774	0	0.00157874	0.184677	0	0	0	0.0255323	
0.995495	0.0120065	0	0.00158257	0.18348	0	0	0	0.0251947	
0.995479	0.0120355	0	0.00158639	0.18229	0	0	0	0.0248619	
0.995464	0.0120642	0	0.00159018	0.181109	0	0	0	0.0245337	
0.995448	0.0120928	0	0.00159395	0.179934	0	0	0	0.0242102	
0.995433	0.0121213	0	0.0015977	0.178768	0	0	0	0.0238913	
0.995417	0.0121495	0	0.00160143	0.177609	0	0	0	0.0235768	
0.995402	0.0121776	0	0.00160513	0.176458	0	0	0	0.0232667	
0.995386	0.0122056	0	0.00160882	0.175314	0	0	0	0.0229611	
0.99537	0.0122334	0	0.00161248	0.174177	0	0	0	0.0226597	
0.995355	0.012261	0	0.00161612	0.173048	0	0	0	0.0223625	
0.995339	0.0122885	0	0.00161974	0.171927	0	0	0	0.0220695	
0.995324	0.0123158	0	0.00162334	0.170812	0	0	0	0.0217806	
0.995308	0.0123429	0	0.00162691	0.169705	0	0	0	0.0214958	
0.995292	0.0123699	0	0.00163047	0.168605	0	0	0	0.021215	
0.995277	0.0123967	0	0.001634	0.167512	0	0	0	0.0209381	
0.995261	0.0124234	0	0.00163752	0.166427	0	0	0	0.0206651	
0.995246	0.0124499	0	0.00164101	0.165348	0	0	0	0.0203959	
0.99523	0.0124762	0	0.00164449	0.164277	0	0	0	0.0201305	
0.995215	0.0125024	0	0.00164794	0.163212	0	0	0	0.0198688	
0.995199	0.0125285	0	0.00165137	0.162154	0	0	0	0.0196108	
0.995184	0.0125544	0	0.00165479	0.161104	0	0	0	0.0193564	
0.995168	0.0125801	0	0.00165818	0.16006	0	0	0	0.0191055	
0.995152	0.0126057	0	0.00166155	0.159023	0	0	0	0.0188582	
0.995137	0.0126311	0	0.0016649	0.157992	0	0	0	0.0186143	
0.995121	0.0126564	0	0.00166824	0.156969	0	0	0	0.0183738	
0.995106	0.0126816	0	0.00167155	0.155951	0	0	0	0.0181366	
0.99509	0.0127065	0	0.00167484	0.154941	0	0	0	0.0179028	
0.995075	0.0127314	0	0.00167812	0.153937	0	0	0	0.0176722	
0.995059	0.0127561	0	0.00168137	0.15294	0	0	0	0.0174449	
0.995044	0.0127806	0	0.00168461	0.151949	0	0	0	0.0172207	
0.995028	0.012805	0	0.00168782	0.150965	0	0	0	0.0169996	
0.995013	0.0128293	0	0.00169102	0.149987	0	0	0	0.0167816	
0.994997	0.0128534	0	0.0016942	0.149015	0	0	0	0.0165666	
0.994982	0.0128774	0	0.00169736	0.14805	0	0	0	0.0163547	
0.994966	0.0129012	0	0.0017005	0.147091	0	0	0	0.0161457	
0.994951	0.0129249	0	0.00170362	0.146138	0	0	0	0.0159395	
0.994935	0.0129484	0	0.00170672	0.145191	0	0	0	0.0157363	
0.994919	0.0129718	0	0.00170981	0.144251	0	0	0	0.0155358	
0.994904	0.0129951	0	0.00171287	0.143317	0	0	0	0.0153382	
0.994888	0.0130182	0	0.00171592	0.142388	0	0	0	0.0151433	
0.994873	0.0130412	0	0.00171895	0.141466	0	0	0	0.0149511	
0.994857	0.013064	0	0.00172196	0.14055	0	0	0	0.0147615	
0.994842	0.0130867	0	0.00172495	0.13964	0	0	0	0.0145746	
0.994826	0.0131093	0	0.00172793	0.138735	0	0	0	0.0143903	
0.994811	0.0131317	0	0.00173089	0.137837	0	0	0	0.0142085	
0.994795	0.013154	0	0.00173383	0.136944	0	0	0	0.0140292	
0.99478	0.0131762	0	0.00173675	0.136057	0	0	0	0.0138524	
0.994764	0.0131982	0	0.00173965	0.135176	0	0	0	0.0136781	
0.994749	0.0132201	0	0.00174254	0.134301	0	0	0	0.0135061	
0.994733	0.0132419	0	0.00174541	0.133431	0	0	0	0.0133365	
0.994718	0.0132635	0	0.00174826	0.132567	0	0	0	0.0131693	
0.994702	0.013285	0	0.00175109	0.131709	0	0	0	0.0130044	
0.994687	0.0133064	0	0.00175391	0.130856	0	0	0	0.0128417	
0.994671	0.0133277	0	0.00175671	0.130009	0	0	0	0.0126813	
0.994656	0.0133488	0	0.0017595	0.129167	0	0	0	0.0125231	
0.99464	0.0133698	0	0.00176226	0.128331	0	0	0	0.0123671	
0.994625	0.0133907	0	0.00176501	0.1275	0	0	0	0.0122132	
0.99461	0.0134114	0	0.00176775	0.126674	0	0	0	0.0120614	
0.994594	0.013432	0	0.00177047	0.125854	0	0	0	0.0119118	
0.994579	0.0134525	0	0.00177317	0.125039	0	0	0	0.0117641	
0.994563	0.0134729	0	0.00177585	0.12423	0	0	0	0.0116185	
0.994548	0.0134931	0	0.00177852	0.123426	0	0	0	0.0114749	
0.994532	0.0135132	0	0.00178117	0.122626	0	0	0	0.0113333	
0.994517	0.0135332	0	0.0017838	0.121833	0	0	0	0.0111936	
0.994501	0.0135531	0	0.00178642	0.121044	0	0	0	0.0110558	
0.994486	0.0135728	0	0.00178903	0.12026	0	0	0	0.0109199	
0.99447	0.0135925	0	0.00179162	0.119482	0	0	0	0.0107859	
0.994455	0.013612	0	0.00179419	0.118709	0	0	0	0.0106537	
0.994439	0.0136314	0	0.00179674	0.11794	0	0	0	0.0105233	
0.994424	0.0136507	0	0.00179928	0.117177	0	0	0	0.0103947	
0.994408	0.0136698	0	0.00180181	0.116418	0	0	0	0.0102678	
0.994393	0.0136889	0	0.00180432	0.115665	0	0	0	0.0101427	
0.994377	0.0137078	0	0.00180681	0.114916	0	0	0	0.0100193	
0.994362	0.0137266	0	0.00180929	0.114172	0	0	0	0.00989754	
0.994347	0.0137453	0	0.00181176	0.113433	0	0	0	0.00977746	
0.994331	0.0137639	0	0.00181421	0.112699	0	0	0	0.00965902	
0.994316	0.0137823	0	0.00181664	0.11197	0	0	0	0.00954218	
0.9943	0.0138007	0	0.00181906	0.111245	0	0	0	0.00942693	
0.994285	0.0138189	0	0.00182146	0.110525	0	0	0	0.00931325	
0.994269	0.013837	0	0.00182385	0.10981	0	0	0	0.00920112	
0.994254	0.0138551	0	0.00182623	0.1091	0	0	0	0.0090905	
0.994238	0.013873	0	0.00182859	0.108393	0	0	0	0.00898139	
0.994223	0.0138908	0	0.00183093	0.107692	0	0	0	0.00887375	
0.994207	0.0139085	0	0.00183326	0.106995	0	0	0	0.00876758	
0.994192	0.013926	0	0.00183558	0.106303	0	0	0	0.00866284	
0.994177	0.0139435	0	0.00183788	0.105615	0	0	0	0.00855952	
0.994161	0.0139609	0	0.00184017	0.104932	0	0	0	0.0084576	
0.994146	0.0139781	0	0.00184245	0.104253	0	0	0	0.00835705	
0.99413	0.0139953	0	0.00184471	0.103578	0	0	0	0.00825787	
0.994115	0.0140123	0	0.00184695	0.102908	0	0	0	0.00816002	
0.994099	0.0140293	0	0.00184919	0.102242	0	0	0	0.00806349	
0.994084	0.0140461	0	0.00185141	0.101581	0	0	0	0.00796827	
0.994068	0.0140628	0	0.00185361	0.100923	0	0	0	0.00787432	
0.994053	0.0140795	0	0.0018558	0.10027	0	0	0	0.00778165	
0.994038	0.014096	0	0.00185798	0.0996217	0	0	0	0.00769022	
0.994022	0.0141124	0	0.00186015	0.0989772	0	0	0	0.00760002	
0.994007	0.0141287	0	0.0018623	0.0983368	0	0	0	0.00751103	
0.993991	0.0141449	0	0.00186444	0.0977007	0	0	0	0.00742324	
0.993976	0.0141611	0	0.00186656	0.0970686	0	0	0	0.00733663	
0.99396	0.0141771	0	0.00186867	0.0964407	0	0	0	0.00725118	
0.993945	0.014193	0	0.00187077	0.0958168	0	0	0	0.00716688	
0.99393	0.0142088	0	0.00187286	0.095197	0	0	0	0.0070837	
0.993914	0.0142246	0	0.00187493	0.0945812	0	0	0	0.00700164	
0.993899	0.0142402	0	0.00187699	0.0939694	0	0	0	0.00692068	
0.993883	0.0142557	0	0.00187903	0.0933615	0	0	0	0.0068408	
0.993868	0.0142711	0	0.00188107	0.0927576	0	0	0	0.00676199	
0.993853	0.0142865	0	0.00188309	0.0921576	0	0	0	0.00668423	
0.993837	0.0143017	0	0.0018851	0.0915615	0	0	0	0.00660751	
0.993822	0.0143169	0	0.0018871	0.0909693	0	0	0	0.00653181	
0.993806	0.0143319	0	0.00188908	0.0903809	0	0	0	0.00645713	
0.993791	0.0143469	0	0.00189105	0.0897963	0	0	0	0.00638343	
0.993775	0.0143617	0	0.00189301	0.0892156	0	0	0	0.00631072	
0.99376	0.0143765	0	0.00189496	0.0886385	0	0	0	0.00623898	
0.993745	0.0143912	0	0.00189689	0.0880653	0	0	0	0.00616819	
0.993729	0.0144058	0	0.00189882	0.0874957	0	0	0	0.00609834	
0.993714	0.0144203	0	0.00190073	0.0869299	0	0	0	0.00602942	
0.993698	0.0144347	0	0.00190263	0.0863677	0	0	0	0.00596141	
0.993683	0.014449	0	0.00190452	0.0858091	0	0	0	0.00589431	
0.993668	0.0144633	0	0.00190639	0.0852542	0	0	0	0.00582809	
0.993652	0.0144774	0	0.00190826	0.0847029	0	0	0	0.00576275	
0.993637	0.0144915	0	0.00191011	0.0841551	0	0	0	0.00569828	
0.993621	0.0145054	0	0.00191195	0.0836109	0	0	0	0.00563466	
0.993606	0.0145193	0	0.00191378	0.0830702	0	0	0	0.00557188	
0.993591	0.0145331	0	0.0019156	0.0825331	0	0	0	0.00550992	
0.993575	0.0145468	0	0.0019174	0.0819994	0	0	0	0.00544879	
0.99356	0.0145604	0	0.0019192	0.0814691	0	0	0	0.00538846	
0.993544	0.014574	0	0.00192098	0.0809424	0	0	0	0.00532893	
0.993529	0.0145874	0	0.00192275	0.080419	0	0	0	0.00527018	
0.993514	0.0146008	0	0.00192452	0.079899	0	0	0	0.00521221	
0.993498	0.014614	0	0.00192627	0.0793824	0	0	0	0.00515499	
0.993483	0.0146272	0	0.00192801	0.0788691	0	0	0	0.00509853	
0.993467	0.0146404	0	0.00192974	0.0783592	0	0	0	0.00504281	
0.993452	0.0146534	0	0.00193145	0.0778526	0	0	0	0.00498782	
0.993437	0.0146663	0	0.00193316	0.0773492	0	0	0	0.00493355	
0.993421	0.0146792	0	0.00193486	0.0768491	0	0	0	0.00488	
0.993406	0.014692	0	0.00193654	0.0763523	0	0	0	0.00482714	
0.99339	0.0147047	0	0.00193822	0.0758587	0	0	0	0.00477498	
0.993375	0.0147174	0	0.00193988	0.0753682	0	0	0	0.0047235	
0.99336	0.0147299	0	0.00194154	0.074881	0	0	0	0.00467269	
0.993344	0.0147424	0	0.00194318	0.0743969	0	0	0	0.00462254	
0.993329	0.0147548	0	0.00194481	0.0739159	0	0	0	0.00457305	
0.993313	0.0147671	0	0.00194644	0.0734381	0	0	0	0.0045242	
0.993298	0.0147793	0	0.00194805	0.0729634	0	0	0	0.00447599	
0.993283	0.0147915	0	0.00194965	0.0724917	0	0	0	0.00442841	
0.993267	0.0148036	0	0.00195125	0.0720231	0	0	0	0.00438145	
0.993252	0.0148156	0	0.00195283	0.0715575	0	0	0	0.00433509	
0.993237	0.0148275	0	0.0019544	0.071095	0	0	0	0.00428934	
0.993221	0.0148394	0	0.00195597	0.0706354	0	0	0	0.00424418	
0.993206	0.0148511	0	0.00195752	0.0701789	0	0	0	0.00419961	
0.99319	0.0148629	0	0.00195906	0.0697252	0	0	0	0.00415562	
0.993175	0.0148745	0	0.0019606	0.0692746	0	0	0	0.00411219	
0.99316	0.0148861	0	0.00196212	0.0688268	0	0	0	0.00406933	
0.993144	0.0148975	0	0.00196363	0.0683819	0	0	0	0.00402702	
0.993129	0.014909	0	0.00196514	0.06794	0	0	0	0.00398526	
0.993114	0.0149203	0	0.00196663	0.0675008	0	0	0	0.00394403	
0.993098	0.0149316	0	0.00196812	0.0670646	0	0	0	0.00390334	
0.993083	0.0149428	0	0.0019696	0.0666311	0	0	0	0.00386317	
0.993067	0.0149539	0	0.00197106	0.0662005	0	0	0	0.00382352	
0.993052	0.014965	0	0.00197252	0.0657727	0	0	0	0.00378438	
0.993037	0.014976	0	0.00197397	0.0653476	0	0	0	0.00374575	
0.993021	0.0149869	0	0.00197541	0.0649253	0	0	0	0.00370761	
0.993006	0.0149977	0	0.00197684	0.0645057	0	0	0	0.00366996	
0.992991	0.0150085	0	0.00197826	0.0640888	0	0	0	0.00363279	
0.992975	0.0150192	0	0.00197967	0.0636747	0	0	0	0.0035961	
0.99296	0.0150299	0	0.00198108	0.0632632	0	0	0	0.00355987	
0.992944	0.0150405	0	0.00198247	0.0628544	0	0	0	0.00352412	
0.992929	0.015051	0	0.00198386	0.0624482	0	0	0	0.00348882	
0.992914	0.0150614	0	0.00198523	0.0620446	0	0	0	0.00345397	
0.992898	0.0150718	0	0.0019866	0.0616437	0	0	0	0.00341956	
0.992883	0.0150821	0	0.00198796	0.0612454	0	0	0	0.0033856	
0.992868	0.0150924	0	0.00198931	0.0608497	0	0	0	0.00335206	
0.992852	0.0151025	0	0.00199065	0.0604565	0	0	0	0.00331896	
0.992837	0.0151127	0	0.00199199	0.0600658	0	0	0	0.00328627	
0.992822	0.0151227	0	0.00199331	0.0596777	0	0	0	0.003254	
0.992806	0.0151327	0	0.00199463	0.0592921	0	0	0	0.00322214	
0.992791	0.0151426	0	0.00199594	0.058909	0	0	0	0.00319069	
0.992775	0.0151525	0	0.00199724	0.0585284	0	0	0	0.00315963	
0.99276	0.0151623	0	0.00199853	0.0581503	0	0	0	0.00312897	
0.992745	0.015172	0	0.00199981	0.0577746	0	0	0	0.0030987	
0.992729	0.0151817	0	0.00200109	0.0574013	0	0	0	0.00306881	
0.992714	0.0151913	0	0.00200235	0.0570304	0	0	0	0.0030393	
0.992699	0.0152009	0	0.00200361	0.056662	0	0	0	0.00301016	
0.992683	0.0152104	0	0.00200487	0.0562959	0	0	0	0.00298138	
0.992668	0.0152198	0	0.00200611	0.0559322	0	0	0	0.00295298	
0.992653	0.0152292	0	0.00200734	0.0555709	0	0	0	0.00292492	
0.992637	0.0152385	0	0.00200857	0.0552119	0	0	0	0.00289723	
0.992622	0.0152477	0	0.00200979	0.0548552	0	0	0	0.00286988	
0.992607	0.0152569	0	0.002011	0.0545009	0	0	0	0.00284287	
0.992591	0.0152661	0	0.00201221	0.0541488	0	0	0	0.00281621	
0.992576	0.0152751	0	0.0020134	0.053799	0	0	0	0.00278987	
0.99256	0.0152842	0	0.00201459	0.0534515	0	0	0	0.00276387	
0.992545	0.0152931	0	0.00201577	0.0531062	0	0	0	0.0027382	
0.99253	0.015302	0	0.00201695	0.0527632	0	0	0	0.00271284	
0.992514	0.0153109	0	0.00201811	0.0524224	0	0	0	0.00268781	
0.992499	0.0153197	0	0.00201927	0.0520837	0	0	0	0.00266308	
0.992484	0.0153284	0	0.00202042	0.0517473	0	0	0	0.00263867	
0.992468	0.0153371	0	0.00202157	0.0514131	0	0	0	0.00261456	
0.992453	0.0153457	0	0.00202271	0.051081	0	0	0	0.00259075	
0.992438	0.0153543	0	0.00202384	0.0507511	0	0	0	0.00256724	
0.992422	0.0153628	0	0.00202496	0.0504233	0	0	0	0.00254402	
0.992407	0.0153713	0	0.00202607	0.0500976	0	0	0	0.00252108	
0.992392	0.0153797	0	0.00202718	0.0497741	0	0	0	0.00249844	
0.992376	0.015388	0	0.00202828	0.0494526	0	0	0	0.00247607	
0.992361	0.0153963	0	0.00202938	0.0491332	0	0	0	0.00245399	
0.992346	0.0154046	0	0.00203046	0.0488159	0	0	0	0.00243217	
0.99233	0.0154128	0	0.00203154	0.0485006	0	0	0	0.00241063	
0.992315	0.0154209	0	0.00203261	0.0481874	0	0	0	0.00238935	
0.9923	0.015429	0	0.00203368	0.0478762	0	0	0	0.00236834	
0.992284	0.015437	0	0.00203474	0.047567	0	0	0	0.00234759	
0.992269	0.015445	0	0.00203579	0.0472599	0	0	0	0.00232709	
0.992254	0.0154529	0	0.00203684	0.0469547	0	0	0	0.00230684	
0.992238	0.0154608	0	0.00203788	0.0466515	0	0	0	0.00228685	
0.992223	0.0154687	0	0.00203891	0.0463502	0	0	0	0.0022671	
0.992208	0.0154764	0	0.00203994	0.0460509	0	0	0	0.0022476	
0.992192	0.0154842	0	0.00204095	0.0457535	0	0	0	0.00222833	
0.992177	0.0154919	0	0.00204197	0.0454581	0	0	0	0.0022093	
0.992162	0.0154995	0	0.00204297	0.0451646	0	0	0	0.00219051	
0.992146	0.0155071	0	0.00204397	0.044873	0	0	0	0.00217194	
0.992131	0.0155146	0	0.00204497	0.0445832	0	0	0	0.00215361	
0.992116	0.0155221	0	0.00204595	0.0442954	0	0	0	0.00213549	
0.9921	0.0155295	0	0.00204693	0.0440094	0	0	0	0.00211761	
0.992085	0.0155369	0	0.00204791	0.0437252	0	0	0	0.00209993	
0.99207	0.0155443	0	0.00204888	0.0434429	0	0	0	0.00208248	
0.992054	0.0155516	0	0.00204984	0.0431624	0	0	0	0.00206524	
0.992039	0.0155588	0	0.00205079	0.0428837	0	0	0	0.00204821	
0.992024	0.015566	0	0.00205174	0.0426069	0	0	0	0.00203138	
0.992008	0.0155732	0	0.00205269	0.0423318	0	0	0	0.00201476	
0.991993	0.0155803	0	0.00205362	0.0420585	0	0	0	0.00199835	
0.991978	0.0155873	0	0.00205455	0.041787	0	0	0	0.00198213	
0.991962	0.0155944	0	0.00205548	0.0415172	0	0	0	0.00196611	
0.991947	0.0156013	0	0.0020564	0.0412492	0	0	0	0.00195029	
0.991932	0.0156083	0	0.00205731	0.0409829	0	0	0	0.00193466	
0.991916	0.0156151	0	0.00205822	0.0407184	0	0	0	0.00191922	
0.991901	0.015622	0	0.00205912	0.0404555	0	0	0	0.00190396	
0.991886	0.0156288	0	0.00206002	0.0401944	0	0	0	0.00188889	
0.99187	0.0156355	0	0.00206091	0.0399349	0	0	0	0.001874	
0.991855	0.0156422	0	0.00206179	0.0396771	0	0	0	0.0018593	
0.99184	0.0156489	0	0.00206267	0.039421	0	0	0	0.00184477	
0.991824	0.0156555	0	0.00206354	0.0391665	0	0	0	0.00183041	
0.991809	0.0156621	0	0.00206441	0.0389137	0	0	0	0.00181623	
0.991794	0.0156686	0	0.00206527	0.0386626	0	0	0	0.00180222	
0.991778	0.0156751	0	0.00206613	0.038413	0	0	0	0.00178838	
0.991763	0.0156816	0	0.00206698	0.0381651	0	0	0	0.00177471	
0.991748	0.015688	0	0.00206782	0.0379188	0	0	0	0.0017612	
0.991732	0.0156944	0	0.00206866	0.037674	0	0	0	0.00174786	
0.991717	0.0157007	0	0.0020695	0.0374309	0	0	0	0.00173467	
0.991702	0.015707	0	0.00207032	0.0371893	0	0	0	0.00172164	
0.991687	0.0157132	0	0.00207115	0.0369493	0	0	0	0.00170877	
0.991671	0.0157194	0	0.00207197	0.0367108	0	0	0	0.00169606	
0.991656	0.0157256	0	0.00207278	0.0364739	0	0	0	0.0016835	
0.991641	0.0157317	0	0.00207359	0.0362385	0	0	0	0.00167108	
0.991625	0.0157378	0	0.00207439	0.0360047	0	0	0	0.00165882	
0.99161	0.0157439	0	0.00207518	0.0357723	0	0	0	0.0016467	
0.991595	0.0157499	0	0.00207598	0.0355415	0	0	0	0.00163473	
0.991579	0.0157558	0	0.00207676	0.0353121	0	0	0	0.00162291	
0.991564	0.0157618	0	0.00207754	0.0350843	0	0	0	0.00161122	
0.991549	0.0157677	0	0.00207832	0.0348579	0	0	0	0.00159967	
0.991533	0.0157735	0	0.00207909	0.0346329	0	0	0	0.00158827	
0.991518	0.0157793	0	0.00207986	0.0344095	0	0	0	0.00157699	
0.991503	0.0157851	0	0.00208062	0.0341874	0	0	0	0.00156586	
0.991487	0.0157909	0	0.00208138	0.0339668	0	0	0	0.00155485	
0.991472	0.0157966	0	0.00208213	0.0337477	0	0	0	0.00154398	
0.991457	0.0158022	0	0.00208288	0.0335299	0	0	0	0.00153324	
0.991442	0.0158079	0	0.00208362	0.0333136	0	0	0	0.00152262	
0.991426	0.0158134	0	0.00208436	0.0330987	0	0	0	0.00151213	
0.991411	0.015819	0	0.00208509	0.0328851	0	0	0	0.00150177	
0.991396	0.0158245	0	0.00208582	0.0326729	0	0	0	0.00149153	
0.99138	0.01583	0	0.00208654	0.0324621	0	0	0	0.00148141	
0.991365	0.0158355	0	0.00208726	0.0322527	0	0	0	0.00147141	
0.99135	0.0158409	0	0.00208797	0.0320446	0	0	0	0.00146154	
0.991334	0.0158462	0	0.00208868	0.0318379	0	0	0	0.00145178	
0.991319	0.0158516	0	0.00208938	0.0316325	0	0	0	0.00144213	
0.991304	0.0158569	0	0.00209008	0.0314285	0	0	0	0.0014326	
0.991288	0.0158622	0	0.00209078	0.0312257	0	0	0	0.00142318	
0.991273	0.0158674	0	0.00209147	0.0310243	0	0	0	0.00141388	
0.991258	0.0158726	0	0.00209215	0.0308242	0	0	0	0.00140469	
0.991243	0.0158778	0	0.00209284	0.0306253	0	0	0	0.0013956	
0.991227	0.0158829	0	0.00209351	0.0304278	0	0	0	0.00138663	
0.991212	0.015888	0	0.00209419	0.0302315	0	0	0	0.00137776	
0.991197	0.0158931	0	0.00209485	0.0300365	0	0	0	0.00136899	
0.991181	0.0158981	0	0.00209552	0.0298428	0	0	0	0.00136033	
0.991166	0.0159031	0	0.00209618	0.0296503	0	0	0	0.00135177	
0.991151	0.0159081	0	0.00209683	0.0294591	0	0	0	0.00134332	
0.991135	0.0159131	0	0.00209748	0.0292691	0	0	0	0.00133496	
0.99112	0.015918	0	0.00209813	0.0290803	0	0	0	0.00132671	
0.991105	0.0159228	0	0.00209877	0.0288927	0	0	0	0.00131855	
0.99109	0.0159277	0	0.00209941	0.0287064	0	0	0	0.00131049	
0.991074	0.0159325	0	0.00210005	0.0285213	0	0	0	0.00130252	
0.991059	0.0159373	0	0.00210068	0.0283373	0	0	0	0.00129465	
0.991044	0.015942	0	0.0021013	0.0281546	0	0	0	0.00128688	
0.991028	0.0159467	0	0.00210193	0.027973	0	0	0	0.00127919	
0.991013	0.0159514	0	0.00210254	0.0277926	0	0	0	0.0012716	
0.990998	0.0159561	0	0.00210316	0.0276134	0	0	0	0.0012641	
0.990982	0.0159607	0	0.00210377	0.0274353	0	0	0	0.00125669	
0.990967	0.0159653	0	0.00210437	0.0272584	0	0	0	0.00124936	
0.990952	0.0159699	0	0.00210497	0.0270827	0	0	0	0.00124212	
0.990937	0.0159744	0	0.00210557	0.026908	0	0	0	0.00123497	
0.990921	0.0159789	0	0.00210617	0.0267345	0	0	0	0.00122791	
0.990906	0.0159834	0	0.00210676	0.0265621	0	0	0	0.00122093	
0.990891	0.0159878	0	0.00210734	0.0263909	0	0	0	0.00121403	
0.990875	0.0159923	0	0.00210793	0.0262207	0	0	0	0.00120721	
0.99086	0.0159967	0	0.0021085	0.0260517	0	0	0	0.00120048	
0.990845	0.016001	0	0.00210908	0.0258837	0	0	0	0.00119383	
0.99083	0.0160053	0	0.00210965	0.0257168	0	0	0	0.00118725	
0.990814	0.0160097	0	0.00211022	0.025551	0	0	0	0.00118076	
0.990799	0.0160139	0	0.00211078	0.0253863	0	0	0	0.00117434	
0.990784	0.0160182	0	0.00211134	0.0252227	0	0	0	0.001168	
0.990768	0.0160224	0	0.0021119	0.0250601	0	0	0	0.00116174	
0.990753	0.0160266	0	0.00211245	0.0248985	0	0	0	0.00115555	
0.990738	0.0160308	0	0.002113	0.024738	0	0	0	0.00114944	
0.990723	0.0160349	0	0.00211354	0.0245785	0	0	0	0.0011434	
0.990707	0.016039	0	0.00211409	0.0244201	0	0	0	0.00113743	
0.990692	0.0160431	0	0.00211462	0.0242627	0	0	0	0.00113154	
0.990677	0.0160471	0	0.00211516	0.0241063	0	0	0	0.00112571	
0.990661	0.0160512	0	0.00211569	0.0239509	0	0	0	0.00111996	
0.990646	0.0160552	0	0.00211622	0.0237965	0	0	0	0.00111428	
0.990631	0.0160592	0	0.00211674	0.0236432	0	0	0	0.00110866	
0.990616	0.0160631	0	0.00211726	0.0234908	0	0	0	0.00110312	
0.9906	0.016067	0	0.00211778	0.0233394	0	0	0	0.00109764	
0.990585	0.0160709	0	0.00211829	0.023189	0	0	0	0.00109223	
0.99057	0.0160748	0	0.0021188	0.0230395	0	0	0	0.00108688	
0.990554	0.0160786	0	0.00211931	0.022891	0	0	0	0.0010816	
0.990539	0.0160825	0	0.00211981	0.0227435	0	0	0	0.00107639	
0.990524	0.0160863	0	0.00212032	0.0225969	0	0	0	0.00107124	
0.990509	0.01609	0	0.00212081	0.0224513	0	0	0	0.00106615	
0.990493	0.0160938	0	0.00212131	0.0223066	0	0	0	0.00106113	
0.990478	0.0160975	0	0.0021218	0.0221629	0	0	0	0.00105616	
0.990463	0.0161012	0	0.00212228	0.0220201	0	0	0	0.00105126	
0.990447	0.0161049	0	0.00212277	0.0218782	0	0	0	0.00104642	
0.990432	0.0161085	0	0.00212325	0.0217372	0	0	0	0.00104165	
0.990417	0.0161122	0	0.00212373	0.0215972	0	0	0	0.00103693	
0.990402	0.0161158	0	0.0021242	0.021458	0	0	0	0.00103227	
0.990386	0.0161193	0	0.00212467	0.0213198	0	0	0	0.00102766	
0.990371	0.0161229	0	0.00212514	0.0211824	0	0	0	0.00102312	
0.990356	0.0161264	0	0.00212561	0.0210459	0	0	0	0.00101863	
0.990341	0.0161299	0	0.00212607	0.0209104	0	0	0	0.0010142	
0.990325	0.0161334	0	0.00212653	0.0207756	0	0	0	0.00100983	
0.99031	0.0161369	0	0.00212699	0.0206418	0	0	0	0.00100551	
0.990295	0.0161403	0	0.00212744	0.0205088	0	0	0	0.00100125	
0.990279	0.0161437	0	0.00212789	0.0203767	0	0	0	0.000997045	
0.990264	0.0161471	0	0.00212834	0.0202455	0	0	0	0.000992892	
0.990249	0.0161505	0	0.00212878	0.020115	0	0	0	0.000988793	
0.990234	0.0161538	0	0.00212922	0.0199855	0	0	0	0.000984747	
0.990218	0.0161572	0	0.00212966	0.0198567	0	0	0	0.000980753	
0.990203	0.0161605	0	0.0021301	0.0197288	0	0	0	0.000976813	
0.990188	0.0161638	0	0.00213053	0.0196018	0	0	0	0.000972923	
0.990173	0.016167	0	0.00213096	0.0194755	0	0	0	0.000969086	
0.990157	0.0161703	0	0.00213139	0.0193501	0	0	0	0.000965299	
0.990142	0.0161735	0	0.00213181	0.0192255	0	0	0	0.000961563	
0.990127	0.0161767	0	0.00213223	0.0191017	0	0	0	0.000957876	
0.990111	0.0161798	0	0.00213265	0.0189786	0	0	0	0.00095424	
0.990096	0.016183	0	0.00213307	0.0188564	0	0	0	0.000950652	
0.990081	0.0161861	0	0.00213348	0.018735	0	0	0	0.000947114	
0.990066	0.0161893	0	0.00213389	0.0186143	0	0	0	0.000943624	
0.99005	0.0161923	0	0.0021343	0.0184945	0	0	0	0.000940182	
0.990035	0.0161954	0	0.0021347	0.0183754	0	0	0	0.000936787	
0.99002	0.0161985	0	0.0021351	0.0182571	0	0	0	0.00093344	
0.990005	0.0162015	0	0.0021355	0.0181395	0	0	0	0.00093014	
0.989989	0.0162045	0	0.0021359	0.0180227	0	0	0	0.000926886	
0.989974	0.0162075	0	0.00213629	0.0179067	0	0	0	0.000923678	
0.989959	0.0162105	0	0.00213669	0.0177914	0	0	0	0.000920517	
0.989944	0.0162134	0	0.00213708	0.0176769	0	0	0	0.000917401	
0.989928	0.0162164	0	0.00213746	0.0175631	0	0	0	0.00091433	
0.989913	0.0162193	0	0.00213785	0.01745	0	0	0	0.000911304	
0.989898	0.0162222	0	0.00213823	0.0173377	0	0	0	0.000908322	
0.989882	0.016225	0	0.00213861	0.0172261	0	0	0	0.000905385	
0.989867	0.0162279	0	0.00213898	0.0171152	0	0	0	0.000902492	
0.989852	0.0162307	0	0.00213936	0.017005	0	0	0	0.000899642	
0.989837	0.0162335	0	0.00213973	0.0168955	0	0	0	0.000896836	
0.989821	0.0162363	0	0.0021401	0.0167868	0	0	0	0.000894074	
0.989806	0.0162391	0	0.00214046	0.0166787	0	0	0	0.000891354	
0.989791	0.0162419	0	0.00214083	0.0165714	0	0	0	0.000888676	
0.989776	0.0162446	0	0.00214119	0.0164647	0	0	0	0.000886042	
0.98976	0.0162474	0	0.00214155	0.0163588	0	0	0	0.000883449	
0.989745	0.0162501	0	0.0021419	0.0162535	0	0	0	0.000880898	
0.98973	0.0162528	0	0.00214226	0.0161489	0	0	0	0.000878389	
0.989715	0.0162554	0	0.00214261	0.016045	0	0	0	0.000875922	
0.989699	0.0162581	0	0.00214296	0.0159417	0	0	0	0.000873496	
0.989684	0.0162607	0	0.00214331	0.0158392	0	0	0	0.000871111	
0.989669	0.0162633	0	0.00214365	0.0157372	0	0	0	0.000868767	
0.989654	0.0162659	0	0.002144	0.015636	0	0	0	0.000866464	
0.989638	0.0162685	0	0.00214434	0.0155354	0	0	0	0.000864201	
0.989623	0.0162711	0	0.00214468	0.0154354	0	0	0	0.000861979	
0.989608	0.0162736	0	0.00214501	0.0153361	0	0	0	0.000859798	
0.989593	0.0162762	0	0.00214534	0.0152375	0	0	0	0.000857657	
0.989577	0.0162787	0	0.00214568	0.0151394	0	0	0	0.000855555	
0.989562	0.0162812	0	0.00214601	0.015042	0	0	0	0.000853494	
0.989547	0.0162837	0	0.00214633	0.0149453	0	0	0	0.000851473	
0.989532	0.0162861	0	0.00214666	0.0148491	0	0	0	0.000849491	
0.989516	0.0162886	0	0.00214698	0.0147536	0	0	0	0.00084755	
0.989501	0.016291	0	0.0021473	0.0146587	0	0	0	0.000845647	
0.989486	0.0162934	0	0.00214762	0.0145645	0	0	0	0.000843785	
0.98947	0.0162958	0	0.00214794	0.0144708	0	0	0	0.000841962	
0.989455	0.0162982	0	0.00214825	0.0143777	0	0	0	0.000840179	
0.98944	0.0163006	0	0.00214856	0.0142853	0	0	0	0.000838435	
0.989425	0.0163029	0	0.00214887	0.0141934	0	0	0	0.000836731	
0.989409	0.0163053	0	0.00214918	0.0141021	0	0	0	0.000835066	
0.989394	0.0163076	0	0.00214949	0.0140114	0	0	0	0.000833441	
0.989379	0.0163099	0	0.00214979	0.0139213	0	0	0	0.000831856	
0.989364	0.0163122	0	0.00215009	0.0138318	0	0	0	0.00083031	
0.989348	0.0163145	0	0.00215039	0.0137429	0	0	0	0.000828804	
0.989333	0.0163167	0	0.00215069	0.0136545	0	0	0	0.000827338	
0.989318	0.016319	0	0.00215099	0.0135667	0	0	0	0.000825912	
0.989303	0.0163212	0	0.00215128	0.0134795	0	0	0	0.000824526	
0.989287	0.0163234	0	0.00215158	0.0133929	0	0	0	0.00082318	
0.989272	0.0163256	0	0.00215187	0.0133068	0	0	0	0.000821875	
0.989257	0.0163278	0	0.00215215	0.0132212	0	0	0	0.000820611	
0.989242	0.01633	0	0.00215244	0.0131363	0	0	0	0.000819387	
0.989227	0.0163322	0	0.00215273	0.0130518	0	0	0	0.000818204	
0.989211	0.0163343	0	0.00215301	0.0129679	0	0	0	0.000817063	
0.989196	0.0163364	0	0.00215329	0.0128846	0	0	0	0.000815963	
0.989181	0.0163386	0	0.00215357	0.0128018	0	0	0	0.000814905	
0.989166	0.0163407	0	0.00215384	0.0127195	0	0	0	0.00081389	
0.98915	0.0163427	0	0.00215412	0.0126378	0	0	0	0.000812917	
0.989135	0.0163448	0	0.00215439	0.0125566	0	0	0	0.000811987	
0.98912	0.0163469	0	0.00215467	0.0124759	0	0	0	0.000811101	
0.989105	0.0163489	0	0.00215494	0.0123957	0	0	0	0.00081026	
0.989089	0.016351	0	0.0021552	0.0123161	0	0	0	0.000809462	
0.989074	0.016353	0	0.00215547	0.012237	0	0	0	0.00080871	
0.989059	0.016355	0	0.00215573	0.0121583	0	0	0	0.000808004	
0.989044	0.016357	0	0.002156	0.0120802	0	0	0	0.000807345	
0.989028	0.016359	0	0.00215626	0.0120026	0	0	0	0.000806733	
0.989013	0.0163609	0	0.00215652	0.0119255	0	0	0	0.000806169	
0.988998	0.0163629	0	0.00215678	0.0118489	0	0	0	0.000805655	
0.988983	0.0163648	0	0.00215703	0.0117728	0	0	0	0.000805191	
0.988967	0.0163668	0	0.00215729	0.0116972	0	0	0	0.000804777	
0.988952	0.0163687	0	0.00215754	0.0116221	0	0	0	0.000804417	
0.988937	0.0163706	0	0.00215779	0.0115475	0	0	0	0.00080411	
0.988922	0.0163725	0	0.00215804	0.0114733	0	0	0	0.000803858	
0.988906	0.0163744	0	0.00215829	0.0113996	0	0	0	0.000803662	
0.988891	0.0163762	0	0.00215853	0.0113265	0	0	0	0.000803526	
0.988876	0.0163781	0	0.00215878	0.0112537	0	0	0	0.000803449	
0.988861	0.0163799	0	0.00215902	0.0111815	0	0	0	0.000803435	
0.988845	0.0163818	0	0.00215926	0.0111097	0	0	0	0.000803485	
0.98883	0.0163836	0	0.0021595	0.0110384	0	0	0	0.000803602	
0.988815	0.0163854	0	0.00215974	0.0109675	0	0	0	0.000803789	
0.9888	0.0163872	0	0.00215998	0.0108971	0	0	0	0.000804049	
0.988785	0.016389	0	0.00216022	0.0108272	0	0	0	0.000804385	
0.988769	0.0163908	0	0.00216045	0.0107577	0	0	0	0.0008048	
0.988754	0.0163925	0	0.00216068	0.0106887	0	0	0	0.000805301	
0.988739	0.0163943	0	0.00216091	0.0106201	0	0	0	0.00080589	
0.988724	0.016396	0	0.00216114	0.010552	0	0	0	0.000806573	
0.988708	0.0163978	0	0.00216137	0.0104843	0	0	0	0.000807356	
