1	0	0	0	1	0	0	0	1	
0.999976	1.1595e-06	0	1.52817e-07	0.993215	0	0	0	0.985034	
0.999952	4.5527e-06	0	6.00554e-07	0.986536	0	0	0	0.97048	
0.999928	1.00836e-05	0	1.33005e-06	0.979906	0	0	0	0.956144	
0.999905	1.76546e-05	0	2.32842e-06	0.973324	0	0	0	0.942023	
0.999882	2.7175e-05	0	3.58373e-06	0.966788	0	0	0	0.928115	
0.999859	3.85607e-05	0	5.08489e-06	0.9603	0	0	0	0.914415	
0.999836	5.1733e-05	0	6.82154e-06	0.953858	0	0	0	0.90092	
0.999813	6.66185e-05	0	8.78398e-06	0.947462	0	0	0	0.887628	
0.99979	8.31481e-05	0	1.09631e-05	0.941112	0	0	0	0.874534	
0.999768	0.000101257	0	1.33504e-05	0.934806	0	0	0	0.861637	
0.999745	0.000120883	0	1.59377e-05	0.928546	0	0	0	0.848933	
0.999723	0.000141969	0	1.87173e-05	0.92233	0	0	0	0.836419	
0.999701	0.00016446	0	2.16822e-05	0.916158	0	0	0	0.824093	
0.999679	0.000188303	0	2.48252e-05	0.91003	0	0	0	0.81195	
0.999657	0.000213448	0	2.81399e-05	0.903945	0	0	0	0.79999	
0.999635	0.000239849	0	3.162e-05	0.897902	0	0	0	0.788208	
0.999614	0.000267459	0	3.52596e-05	0.891903	0	0	0	0.776602	
0.999592	0.000296235	0	3.90528e-05	0.885945	0	0	0	0.76517	
0.999571	0.000326135	0	4.29943e-05	0.88003	0	0	0	0.753908	
0.99955	0.000357121	0	4.70787e-05	0.874155	0	0	0	0.742815	
0.999529	0.000389152	0	5.1301e-05	0.868322	0	0	0	0.731887	
0.999507	0.000422193	0	5.56563e-05	0.86253	0	0	0	0.721122	
0.999487	0.000456207	0	6.01399e-05	0.856779	0	0	0	0.710518	
0.999466	0.000491162	0	6.47475e-05	0.851067	0	0	0	0.700073	
0.999445	0.000527022	0	6.94745e-05	0.845395	0	0	0	0.689783	
0.999424	0.000563758	0	7.43167e-05	0.839763	0	0	0	0.679646	
0.999404	0.000601337	0	7.92703e-05	0.83417	0	0	0	0.669661	
0.999383	0.000639731	0	8.43311e-05	0.828616	0	0	0	0.659825	
0.999363	0.00067891	0	8.94955e-05	0.823101	0	0	0	0.650135	
0.999343	0.000718847	0	9.47597e-05	0.817623	0	0	0	0.640589	
0.999322	0.000759515	0	0.00010012	0.812184	0	0	0	0.631186	
0.999302	0.000800887	0	0.000105574	0.806783	0	0	0	0.621923	
0.999282	0.000842939	0	0.000111117	0.801419	0	0	0	0.612798	
0.999262	0.000885645	0	0.000116746	0.796092	0	0	0	0.603809	
0.999242	0.000928983	0	0.000122458	0.790802	0	0	0	0.594954	
0.999222	0.000972928	0	0.000128251	0.785548	0	0	0	0.58623	
0.999203	0.00101746	0	0.000134121	0.780331	0	0	0	0.577636	
0.999183	0.00106255	0	0.000140065	0.775149	0	0	0	0.569171	
0.999163	0.00110819	0	0.00014608	0.770004	0	0	0	0.560831	
0.999144	0.00115435	0	0.000152165	0.764893	0	0	0	0.552615	
0.999124	0.00120101	0	0.000158315	0.759818	0	0	0	0.544522	
0.999105	0.00124816	0	0.000164529	0.754778	0	0	0	0.536548	
0.999086	0.00129577	0	0.000170805	0.749773	0	0	0	0.528694	
0.999067	0.00134382	0	0.000177139	0.744802	0	0	0	0.520956	
0.999047	0.0013923	0	0.000183529	0.739865	0	0	0	0.513333	
0.999028	0.00144119	0	0.000189974	0.734962	0	0	0	0.505823	
0.999009	0.00149048	0	0.00019647	0.730092	0	0	0	0.498425	
0.99899	0.00154014	0	0.000203016	0.725256	0	0	0	0.491137	
0.998971	0.00159017	0	0.00020961	0.720453	0	0	0	0.483958	
0.998952	0.00164054	0	0.000216249	0.715683	0	0	0	0.476884	
0.998934	0.00169124	0	0.000222932	0.710945	0	0	0	0.469916	
0.998915	0.00174225	0	0.000229657	0.70624	0	0	0	0.463051	
0.998896	0.00179357	0	0.000236421	0.701567	0	0	0	0.456289	
0.998877	0.00184518	0	0.000243223	0.696926	0	0	0	0.449626	
0.998859	0.00189705	0	0.000250061	0.692316	0	0	0	0.443063	
0.99884	0.00194919	0	0.000256933	0.687738	0	0	0	0.436596	
0.998822	0.00200158	0	0.000263838	0.683191	0	0	0	0.430226	
0.998803	0.0020542	0	0.000270774	0.678675	0	0	0	0.42395	
0.998785	0.00210704	0	0.00027774	0.67419	0	0	0	0.417767	
0.998767	0.0021601	0	0.000284733	0.669735	0	0	0	0.411676	
0.998748	0.00221335	0	0.000291752	0.665311	0	0	0	0.405676	
0.99873	0.0022668	0	0.000298796	0.660916	0	0	0	0.399764	
0.998712	0.00232041	0	0.000305864	0.656552	0	0	0	0.393939	
0.998694	0.0023742	0	0.000312953	0.652217	0	0	0	0.388201	
0.998675	0.00242814	0	0.000320063	0.647912	0	0	0	0.382549	
0.998657	0.00248222	0	0.000327192	0.643635	0	0	0	0.376979	
0.998639	0.00253644	0	0.000334338	0.639388	0	0	0	0.371493	
0.998621	0.00259079	0	0.000341502	0.63517	0	0	0	0.366087	
0.998603	0.00264525	0	0.00034868	0.63098	0	0	0	0.360762	
0.998585	0.00269982	0	0.000355873	0.626818	0	0	0	0.355515	
0.998568	0.00275448	0	0.000363078	0.622685	0	0	0	0.350346	
0.99855	0.00280924	0	0.000370296	0.618579	0	0	0	0.345254	
0.998532	0.00286408	0	0.000377523	0.614502	0	0	0	0.340237	
0.998514	0.00291898	0	0.000384761	0.610452	0	0	0	0.335294	
0.998497	0.00297396	0	0.000392007	0.606429	0	0	0	0.330424	
0.998479	0.00302898	0	0.00039926	0.602433	0	0	0	0.325626	
0.998461	0.00308406	0	0.000406519	0.598464	0	0	0	0.320899	
0.998444	0.00313918	0	0.000413784	0.594523	0	0	0	0.316242	
0.998426	0.00319433	0	0.000421054	0.590607	0	0	0	0.311654	
0.998408	0.00324951	0	0.000428327	0.586718	0	0	0	0.307134	
0.998391	0.0033047	0	0.000435602	0.582856	0	0	0	0.30268	
0.998373	0.00335991	0	0.000442879	0.579019	0	0	0	0.298292	
0.998356	0.00341513	0	0.000450157	0.575208	0	0	0	0.29397	
0.998339	0.00347035	0	0.000457435	0.571423	0	0	0	0.28971	
0.998321	0.00352556	0	0.000464712	0.567663	0	0	0	0.285514	
0.998304	0.00358075	0	0.000471988	0.563929	0	0	0	0.28138	
0.998287	0.00363593	0	0.000479261	0.560219	0	0	0	0.277307	
0.998269	0.00369108	0	0.00048653	0.556535	0	0	0	0.273294	
0.998252	0.00374621	0	0.000493796	0.552875	0	0	0	0.26934	
0.998235	0.0038013	0	0.000501057	0.54924	0	0	0	0.265444	
0.998218	0.00385635	0	0.000508313	0.54563	0	0	0	0.261606	
0.9982	0.00391135	0	0.000515563	0.542043	0	0	0	0.257825	
0.998183	0.0039663	0	0.000522806	0.538481	0	0	0	0.254099	
0.998166	0.00402119	0	0.000530042	0.534942	0	0	0	0.250428	
0.998149	0.00407603	0	0.000537269	0.531427	0	0	0	0.246812	
0.998132	0.0041308	0	0.000544488	0.527936	0	0	0	0.243248	
0.998115	0.0041855	0	0.000551698	0.524468	0	0	0	0.239738	
0.998098	0.00424012	0	0.000558898	0.521024	0	0	0	0.236278	
0.998081	0.00429467	0	0.000566088	0.517602	0	0	0	0.23287	
0.998064	0.00434913	0	0.000573266	0.514203	0	0	0	0.229512	
0.998047	0.00440351	0	0.000580434	0.510827	0	0	0	0.226204	
0.99803	0.00445779	0	0.000587589	0.507474	0	0	0	0.222944	
0.998013	0.00451198	0	0.000594732	0.504143	0	0	0	0.219732	
0.997996	0.00456608	0	0.000601861	0.500835	0	0	0	0.216568	
0.99798	0.00462007	0	0.000608978	0.497548	0	0	0	0.21345	
0.997963	0.00467395	0	0.00061608	0.494283	0	0	0	0.210378	
0.997946	0.00472773	0	0.000623168	0.491041	0	0	0	0.207351	
0.997929	0.00478139	0	0.000630241	0.487819	0	0	0	0.204369	
0.997912	0.00483494	0	0.000637299	0.48462	0	0	0	0.20143	
0.997896	0.00488836	0	0.000644342	0.481441	0	0	0	0.198535	
0.997879	0.00494167	0	0.000651368	0.478284	0	0	0	0.195682	
0.997862	0.00499485	0	0.000658378	0.475148	0	0	0	0.192871	
0.997846	0.00504791	0	0.000665371	0.472033	0	0	0	0.190102	
0.997829	0.00510083	0	0.000672347	0.468939	0	0	0	0.187373	
0.997812	0.00515362	0	0.000679305	0.465865	0	0	0	0.184684	
0.997796	0.00520628	0	0.000686245	0.462812	0	0	0	0.182035	
0.997779	0.00525879	0	0.000693167	0.459779	0	0	0	0.179425	
0.997762	0.00531117	0	0.000700071	0.456766	0	0	0	0.176853	
0.997746	0.0053634	0	0.000706955	0.453773	0	0	0	0.174319	
0.997729	0.00541549	0	0.000713821	0.450801	0	0	0	0.171821	
0.997713	0.00546743	0	0.000720667	0.447848	0	0	0	0.169361	
0.997696	0.00551922	0	0.000727493	0.444914	0	0	0	0.166937	
0.99768	0.00557085	0	0.000734299	0.442	0	0	0	0.164548	
0.997663	0.00562234	0	0.000741085	0.439106	0	0	0	0.162194	
0.997647	0.00567366	0	0.00074785	0.436231	0	0	0	0.159875	
0.99763	0.00572483	0	0.000754595	0.433375	0	0	0	0.15759	
0.997614	0.00577584	0	0.000761318	0.430537	0	0	0	0.155338	
0.997598	0.00582669	0	0.00076802	0.427719	0	0	0	0.15312	
0.997581	0.00587737	0	0.000774701	0.424919	0	0	0	0.150933	
0.997565	0.00592789	0	0.000781359	0.422138	0	0	0	0.148779	
0.997548	0.00597824	0	0.000787996	0.419376	0	0	0	0.146657	
0.997532	0.00602843	0	0.000794611	0.416632	0	0	0	0.144565	
0.997516	0.00607844	0	0.000801203	0.413906	0	0	0	0.142504	
0.997499	0.00612828	0	0.000807773	0.411198	0	0	0	0.140473	
0.997483	0.00617796	0	0.00081432	0.408508	0	0	0	0.138472	
0.997467	0.00622745	0	0.000820844	0.405836	0	0	0	0.136501	
0.997451	0.00627677	0	0.000827345	0.403181	0	0	0	0.134558	
0.997434	0.00632592	0	0.000833823	0.400544	0	0	0	0.132643	
0.997418	0.00637489	0	0.000840277	0.397925	0	0	0	0.130757	
0.997402	0.00642368	0	0.000846708	0.395323	0	0	0	0.128898	
0.997386	0.00647229	0	0.000853115	0.392738	0	0	0	0.127066	
0.997369	0.00652072	0	0.000859498	0.39017	0	0	0	0.125261	
0.997353	0.00656896	0	0.000865858	0.38762	0	0	0	0.123482	
0.997337	0.00661703	0	0.000872193	0.385086	0	0	0	0.12173	
0.997321	0.00666491	0	0.000878504	0.382569	0	0	0	0.120003	
0.997305	0.00671261	0	0.000884791	0.380069	0	0	0	0.118301	
0.997289	0.00676012	0	0.000891053	0.377585	0	0	0	0.116624	
0.997272	0.00680744	0	0.000897291	0.375117	0	0	0	0.114971	
0.997256	0.00685458	0	0.000903504	0.372666	0	0	0	0.113343	
0.99724	0.00690153	0	0.000909692	0.370232	0	0	0	0.111738	
0.997224	0.00694829	0	0.000915856	0.367813	0	0	0	0.110157	
0.997208	0.00699487	0	0.000921995	0.36541	0	0	0	0.108599	
0.997192	0.00704125	0	0.000928109	0.363023	0	0	0	0.107064	
0.997176	0.00708745	0	0.000934197	0.360652	0	0	0	0.105551	
0.99716	0.00713345	0	0.000940261	0.358296	0	0	0	0.10406	
0.997144	0.00717926	0	0.0009463	0.355957	0	0	0	0.10259	
0.997128	0.00722489	0	0.000952313	0.353632	0	0	0	0.101142	
0.997112	0.00727032	0	0.000958301	0.351323	0	0	0	0.0997157	
0.997096	0.00731555	0	0.000964263	0.349029	0	0	0	0.0983096	
0.99708	0.0073606	0	0.000970201	0.34675	0	0	0	0.0969241	
0.997064	0.00740545	0	0.000976112	0.344487	0	0	0	0.0955587	
0.997048	0.00745011	0	0.000981998	0.342238	0	0	0	0.0942132	
0.997032	0.00749457	0	0.000987859	0.340004	0	0	0	0.0928873	
0.997016	0.00753884	0	0.000993694	0.337785	0	0	0	0.0915806	
0.997	0.00758292	0	0.000999504	0.33558	0	0	0	0.0902929	
0.996984	0.0076268	0	0.00100529	0.33339	0	0	0	0.089024	
0.996968	0.00767049	0	0.00101105	0.331215	0	0	0	0.0877735	
0.996952	0.00771398	0	0.00101678	0.329053	0	0	0	0.0865412	
0.996936	0.00775728	0	0.00102249	0.326906	0	0	0	0.0853268	
0.99692	0.00780038	0	0.00102817	0.324773	0	0	0	0.08413	
0.996904	0.00784329	0	0.00103382	0.322655	0	0	0	0.0829506	
0.996888	0.007886	0	0.00103945	0.32055	0	0	0	0.0817883	
0.996872	0.00792852	0	0.00104506	0.318459	0	0	0	0.0806429	
0.996856	0.00797084	0	0.00105064	0.316382	0	0	0	0.0795141	
0.99684	0.00801297	0	0.00105619	0.314318	0	0	0	0.0784016	
0.996825	0.0080549	0	0.00106171	0.312268	0	0	0	0.0773053	
0.996809	0.00809664	0	0.00106722	0.310232	0	0	0	0.0762249	
0.996793	0.00813818	0	0.00107269	0.308209	0	0	0	0.0751602	
0.996777	0.00817953	0	0.00107814	0.306199	0	0	0	0.0741109	
0.996761	0.00822068	0	0.00108357	0.304202	0	0	0	0.0730768	
0.996745	0.00826164	0	0.00108896	0.302219	0	0	0	0.0720577	
0.99673	0.00830241	0	0.00109434	0.300249	0	0	0	0.0710533	
0.996714	0.00834297	0	0.00109968	0.298291	0	0	0	0.0700635	
0.996698	0.00838335	0	0.00110501	0.296347	0	0	0	0.069088	
0.996682	0.00842353	0	0.0011103	0.294415	0	0	0	0.0681266	
0.996666	0.00846352	0	0.00111557	0.292496	0	0	0	0.0671791	
0.996651	0.00850331	0	0.00112082	0.29059	0	0	0	0.0662454	
0.996635	0.00854291	0	0.00112604	0.288696	0	0	0	0.0653251	
0.996619	0.00858232	0	0.00113123	0.286815	0	0	0	0.0644181	
0.996603	0.00862154	0	0.0011364	0.284945	0	0	0	0.0635243	
0.996587	0.00866056	0	0.00114154	0.283089	0	0	0	0.0626433	
0.996572	0.00869939	0	0.00114666	0.281244	0	0	0	0.0617751	
0.996556	0.00873803	0	0.00115176	0.279412	0	0	0	0.0609194	
0.99654	0.00877647	0	0.00115682	0.277591	0	0	0	0.060076	
0.996524	0.00881473	0	0.00116187	0.275783	0	0	0	0.0592449	
0.996509	0.00885279	0	0.00116688	0.273986	0	0	0	0.0584257	
0.996493	0.00889067	0	0.00117187	0.272201	0	0	0	0.0576183	
0.996477	0.00892835	0	0.00117684	0.270428	0	0	0	0.0568226	
0.996462	0.00896585	0	0.00118178	0.268667	0	0	0	0.0560384	
0.996446	0.00900315	0	0.0011867	0.266917	0	0	0	0.0552654	
0.99643	0.00904027	0	0.00119159	0.265179	0	0	0	0.0545036	
0.996414	0.0090772	0	0.00119646	0.263452	0	0	0	0.0537528	
0.996399	0.00911393	0	0.0012013	0.261736	0	0	0	0.0530128	
0.996383	0.00915049	0	0.00120612	0.260032	0	0	0	0.0522834	
0.996367	0.00918685	0	0.00121091	0.258338	0	0	0	0.0515645	
0.996352	0.00922303	0	0.00121568	0.256656	0	0	0	0.050856	
0.996336	0.00925902	0	0.00122043	0.254985	0	0	0	0.0501576	
0.99632	0.00929482	0	0.00122515	0.253325	0	0	0	0.0494693	
0.996305	0.00933044	0	0.00122984	0.251676	0	0	0	0.0487909	
0.996289	0.00936588	0	0.00123451	0.250038	0	0	0	0.0481223	
0.996273	0.00940113	0	0.00123916	0.24841	0	0	0	0.0474632	
0.996258	0.0094362	0	0.00124378	0.246793	0	0	0	0.0468136	
0.996242	0.00947108	0	0.00124838	0.245187	0	0	0	0.0461733	
0.996226	0.00950578	0	0.00125295	0.243591	0	0	0	0.0455423	
0.996211	0.0095403	0	0.0012575	0.242005	0	0	0	0.0449202	
0.996195	0.00957464	0	0.00126203	0.24043	0	0	0	0.0443071	
0.99618	0.00960879	0	0.00126653	0.238865	0	0	0	0.0437028	
0.996164	0.00964277	0	0.00127101	0.237311	0	0	0	0.0431072	
0.996148	0.00967656	0	0.00127546	0.235767	0	0	0	0.0425201	
0.996133	0.00971018	0	0.00127989	0.234233	0	0	0	0.0419414	
0.996117	0.00974361	0	0.0012843	0.232709	0	0	0	0.041371	
0.996102	0.00977687	0	0.00128868	0.231194	0	0	0	0.0408087	
0.996086	0.00980995	0	0.00129304	0.22969	0	0	0	0.0402545	
0.99607	0.00984285	0	0.00129738	0.228196	0	0	0	0.0397083	
0.996055	0.00987558	0	0.00130169	0.226711	0	0	0	0.0391698	
0.996039	0.00990813	0	0.00130598	0.225236	0	0	0	0.038639	
0.996024	0.0099405	0	0.00131025	0.223771	0	0	0	0.0381159	
0.996008	0.0099727	0	0.00131449	0.222316	0	0	0	0.0376002	
0.995992	0.0100047	0	0.00131872	0.220869	0	0	0	0.0370918	
0.995977	0.0100366	0	0.00132291	0.219433	0	0	0	0.0365908	
0.995961	0.0100683	0	0.00132709	0.218006	0	0	0	0.0360969	
0.995946	0.0100998	0	0.00133124	0.216588	0	0	0	0.03561	
0.99593	0.0101311	0	0.00133537	0.215179	0	0	0	0.0351301	
0.995915	0.0101623	0	0.00133948	0.21378	0	0	0	0.034657	
0.995899	0.0101933	0	0.00134356	0.212389	0	0	0	0.0341906	
0.995884	0.0102241	0	0.00134763	0.211008	0	0	0	0.0337309	
0.995868	0.0102547	0	0.00135167	0.209636	0	0	0	0.0332778	
0.995852	0.0102852	0	0.00135569	0.208273	0	0	0	0.0328311	
0.995837	0.0103155	0	0.00135968	0.206919	0	0	0	0.0323908	
0.995821	0.0103457	0	0.00136366	0.205574	0	0	0	0.0319567	
0.995806	0.0103757	0	0.00136761	0.204237	0	0	0	0.0315288	
0.99579	0.0104055	0	0.00137154	0.202909	0	0	0	0.031107	
0.995775	0.0104351	0	0.00137545	0.20159	0	0	0	0.0306912	
0.995759	0.0104646	0	0.00137933	0.200279	0	0	0	0.0302813	
0.995744	0.0104939	0	0.0013832	0.198977	0	0	0	0.0298772	
0.995728	0.0105231	0	0.00138704	0.197684	0	0	0	0.0294788	
0.995713	0.0105521	0	0.00139086	0.196399	0	0	0	0.0290861	
0.995697	0.0105809	0	0.00139466	0.195122	0	0	0	0.028699	
0.995682	0.0106096	0	0.00139844	0.193854	0	0	0	0.0283174	
0.995666	0.0106381	0	0.0014022	0.192594	0	0	0	0.0279412	
0.995651	0.0106665	0	0.00140594	0.191342	0	0	0	0.0275703	
0.995635	0.0106947	0	0.00140966	0.190099	0	0	0	0.0272046	
0.99562	0.0107227	0	0.00141335	0.188863	0	0	0	0.0268442	
0.995604	0.0107506	0	0.00141702	0.187636	0	0	0	0.0264888	
0.995589	0.0107783	0	0.00142068	0.186417	0	0	0	0.0261385	
0.995573	0.0108059	0	0.00142431	0.185205	0	0	0	0.0257931	
0.995558	0.0108333	0	0.00142792	0.184002	0	0	0	0.0254526	
0.995542	0.0108605	0	0.00143152	0.182806	0	0	0	0.025117	
0.995527	0.0108876	0	0.00143509	0.181618	0	0	0	0.024786	
0.995511	0.0109146	0	0.00143864	0.180438	0	0	0	0.0244598	
0.995496	0.0109414	0	0.00144217	0.179266	0	0	0	0.0241381	
0.995481	0.010968	0	0.00144568	0.178101	0	0	0	0.023821	
0.995465	0.0109945	0	0.00144917	0.176944	0	0	0	0.0235084	
0.99545	0.0110208	0	0.00145264	0.175795	0	0	0	0.0232001	
0.995434	0.011047	0	0.00145609	0.174653	0	0	0	0.0228962	
0.995419	0.011073	0	0.00145953	0.173518	0	0	0	0.0225966	
0.995403	0.0110989	0	0.00146294	0.172391	0	0	0	0.0223012	
0.995388	0.0111247	0	0.00146633	0.171271	0	0	0	0.02201	
0.995372	0.0111502	0	0.0014697	0.170159	0	0	0	0.0217229	
0.995357	0.0111757	0	0.00147305	0.169053	0	0	0	0.0214398	
0.995341	0.011201	0	0.00147639	0.167955	0	0	0	0.0211607	
0.995326	0.0112261	0	0.0014797	0.166864	0	0	0	0.0208855	
0.995311	0.0112511	0	0.001483	0.165781	0	0	0	0.0206141	
0.995295	0.011276	0	0.00148628	0.164704	0	0	0	0.0203466	
0.99528	0.0113007	0	0.00148953	0.163634	0	0	0	0.0200829	
0.995264	0.0113253	0	0.00149277	0.162572	0	0	0	0.0198228	
0.995249	0.0113497	0	0.00149599	0.161516	0	0	0	0.0195664	
0.995233	0.011374	0	0.00149919	0.160467	0	0	0	0.0193135	
0.995218	0.0113981	0	0.00150238	0.159425	0	0	0	0.0190643	
0.995203	0.0114221	0	0.00150554	0.15839	0	0	0	0.0188185	
0.995187	0.011446	0	0.00150869	0.157361	0	0	0	0.0185761	
0.995172	0.0114697	0	0.00151181	0.156339	0	0	0	0.0183372	
0.995156	0.0114933	0	0.00151492	0.155324	0	0	0	0.0181015	
0.995141	0.0115168	0	0.00151801	0.154316	0	0	0	0.0178692	
0.995126	0.0115401	0	0.00152109	0.153314	0	0	0	0.0176401	
0.99511	0.0115633	0	0.00152414	0.152319	0	0	0	0.0174142	
0.995095	0.0115863	0	0.00152718	0.15133	0	0	0	0.0171915	
0.995079	0.0116092	0	0.0015302	0.150347	0	0	0	0.0169719	
0.995064	0.011632	0	0.0015332	0.149371	0	0	0	0.0167553	
0.995049	0.0116546	0	0.00153618	0.148401	0	0	0	0.0165418	
0.995033	0.0116771	0	0.00153915	0.147438	0	0	0	0.0163312	
0.995018	0.0116995	0	0.0015421	0.146481	0	0	0	0.0161236	
0.995002	0.0117218	0	0.00154503	0.14553	0	0	0	0.0159188	
0.994987	0.0117439	0	0.00154795	0.144585	0	0	0	0.0157169	
0.994972	0.0117659	0	0.00155084	0.143647	0	0	0	0.0155178	
0.994956	0.0117877	0	0.00155372	0.142715	0	0	0	0.0153215	
0.994941	0.0118094	0	0.00155659	0.141788	0	0	0	0.0151279	
0.994925	0.011831	0	0.00155943	0.140868	0	0	0	0.014937	
0.99491	0.0118525	0	0.00156226	0.139954	0	0	0	0.0147487	
0.994895	0.0118738	0	0.00156508	0.139045	0	0	0	0.0145631	
0.994879	0.011895	0	0.00156787	0.138143	0	0	0	0.01438	
0.994864	0.0119161	0	0.00157065	0.137247	0	0	0	0.0141995	
0.994849	0.0119371	0	0.00157341	0.136356	0	0	0	0.0140214	
0.994833	0.0119579	0	0.00157616	0.135471	0	0	0	0.0138458	
0.994818	0.0119786	0	0.00157889	0.134592	0	0	0	0.0136727	
0.994802	0.0119992	0	0.0015816	0.133718	0	0	0	0.0135019	
0.994787	0.0120197	0	0.0015843	0.132851	0	0	0	0.0133336	
0.994772	0.01204	0	0.00158698	0.131989	0	0	0	0.0131675	
0.994756	0.0120603	0	0.00158965	0.131132	0	0	0	0.0130037	
0.994741	0.0120804	0	0.0015923	0.130281	0	0	0	0.0128422	
0.994726	0.0121004	0	0.00159493	0.129436	0	0	0	0.0126829	
0.99471	0.0121202	0	0.00159755	0.128596	0	0	0	0.0125258	
0.994695	0.01214	0	0.00160015	0.127762	0	0	0	0.0123709	
0.99468	0.0121596	0	0.00160274	0.126933	0	0	0	0.0122181	
0.994664	0.0121791	0	0.00160531	0.126109	0	0	0	0.0120674	
0.994649	0.0121985	0	0.00160787	0.125291	0	0	0	0.0119187	
0.994634	0.0122178	0	0.00161041	0.124479	0	0	0	0.0117722	
0.994618	0.0122369	0	0.00161293	0.123671	0	0	0	0.0116276	
0.994603	0.012256	0	0.00161545	0.122869	0	0	0	0.011485	
0.994588	0.0122749	0	0.00161794	0.122072	0	0	0	0.0113444	
0.994572	0.0122937	0	0.00162042	0.12128	0	0	0	0.0112057	
0.994557	0.0123124	0	0.00162289	0.120493	0	0	0	0.0110689	
0.994541	0.012331	0	0.00162534	0.119711	0	0	0	0.010934	
0.994526	0.0123495	0	0.00162777	0.118935	0	0	0	0.0108009	
0.994511	0.0123679	0	0.00163019	0.118163	0	0	0	0.0106696	
0.994495	0.0123861	0	0.0016326	0.117397	0	0	0	0.0105402	
0.99448	0.0124043	0	0.00163499	0.116636	0	0	0	0.0104125	
0.994465	0.0124223	0	0.00163737	0.115879	0	0	0	0.0102865	
0.994449	0.0124402	0	0.00163973	0.115128	0	0	0	0.0101623	
0.994434	0.0124581	0	0.00164208	0.114381	0	0	0	0.0100397	
0.994419	0.0124758	0	0.00164442	0.113639	0	0	0	0.00991888	
0.994404	0.0124934	0	0.00164674	0.112902	0	0	0	0.00979966	
0.994388	0.0125109	0	0.00164904	0.11217	0	0	0	0.00968206	
0.994373	0.0125283	0	0.00165133	0.111442	0	0	0	0.00956607	
0.994358	0.0125456	0	0.00165361	0.11072	0	0	0	0.00945165	
0.994342	0.0125627	0	0.00165588	0.110002	0	0	0	0.00933878	
0.994327	0.0125798	0	0.00165813	0.109288	0	0	0	0.00922745	
0.994312	0.0125968	0	0.00166037	0.10858	0	0	0	0.00911763	
0.994296	0.0126137	0	0.00166259	0.107876	0	0	0	0.0090093	
0.994281	0.0126304	0	0.0016648	0.107176	0	0	0	0.00890244	
0.994266	0.0126471	0	0.001667	0.106481	0	0	0	0.00879702	
0.99425	0.0126637	0	0.00166918	0.105791	0	0	0	0.00869303	
0.994235	0.0126801	0	0.00167135	0.105105	0	0	0	0.00859045	
0.99422	0.0126965	0	0.00167351	0.104423	0	0	0	0.00848926	
0.994204	0.0127127	0	0.00167565	0.103746	0	0	0	0.00838943	
0.994189	0.0127289	0	0.00167778	0.103074	0	0	0	0.00829095	
0.994174	0.012745	0	0.0016799	0.102405	0	0	0	0.0081938	
0.994158	0.0127609	0	0.001682	0.101741	0	0	0	0.00809796	
0.994143	0.0127768	0	0.00168409	0.101082	0	0	0	0.00800342	
0.994128	0.0127926	0	0.00168617	0.100426	0	0	0	0.00791014	
0.994113	0.0128083	0	0.00168824	0.0997754	0	0	0	0.00781812	
0.994097	0.0128238	0	0.00169029	0.0991286	0	0	0	0.00772734	
0.994082	0.0128393	0	0.00169233	0.098486	0	0	0	0.00763778	
0.994067	0.0128547	0	0.00169436	0.0978475	0	0	0	0.00754942	
0.994051	0.01287	0	0.00169638	0.0972132	0	0	0	0.00746224	
0.994036	0.0128852	0	0.00169838	0.0965831	0	0	0	0.00737624	
0.994021	0.0129003	0	0.00170037	0.095957	0	0	0	0.00729139	
0.994005	0.0129153	0	0.00170235	0.095335	0	0	0	0.00720768	
0.99399	0.0129303	0	0.00170432	0.0947171	0	0	0	0.00712508	
0.993975	0.0129451	0	0.00170627	0.0941031	0	0	0	0.00704359	
0.99396	0.0129598	0	0.00170822	0.0934932	0	0	0	0.00696319	
0.993944	0.0129745	0	0.00171015	0.0928872	0	0	0	0.00688386	
0.993929	0.012989	0	0.00171207	0.0922851	0	0	0	0.0068056	
0.993914	0.0130035	0	0.00171397	0.091687	0	0	0	0.00672837	
0.993898	0.0130179	0	0.00171587	0.0910928	0	0	0	0.00665218	
0.993883	0.0130322	0	0.00171775	0.0905024	0	0	0	0.006577	
0.993868	0.0130464	0	0.00171963	0.0899158	0	0	0	0.00650282	
0.993853	0.0130605	0	0.00172149	0.0893331	0	0	0	0.00642963	
0.993837	0.0130745	0	0.00172334	0.0887542	0	0	0	0.0063574	
0.993822	0.0130885	0	0.00172517	0.088179	0	0	0	0.00628614	
0.993807	0.0131023	0	0.001727	0.0876075	0	0	0	0.00621583	
0.993791	0.0131161	0	0.00172881	0.0870398	0	0	0	0.00614644	
0.993776	0.0131298	0	0.00173062	0.0864758	0	0	0	0.00607798	
0.993761	0.0131434	0	0.00173241	0.0859154	0	0	0	0.00601042	
0.993746	0.0131569	0	0.00173419	0.0853586	0	0	0	0.00594376	
0.99373	0.0131703	0	0.00173596	0.0848055	0	0	0	0.00587797	
0.993715	0.0131837	0	0.00173772	0.084256	0	0	0	0.00581306	
0.9937	0.013197	0	0.00173947	0.08371	0	0	0	0.005749	
0.993685	0.0132101	0	0.00174121	0.0831676	0	0	0	0.00568579	
0.993669	0.0132232	0	0.00174294	0.0826288	0	0	0	0.00562341	
0.993654	0.0132363	0	0.00174465	0.0820934	0	0	0	0.00556185	
0.993639	0.0132492	0	0.00174636	0.0815615	0	0	0	0.00550111	
0.993623	0.0132621	0	0.00174805	0.081033	0	0	0	0.00544116	
0.993608	0.0132748	0	0.00174974	0.080508	0	0	0	0.005382	
0.993593	0.0132875	0	0.00175141	0.0799864	0	0	0	0.00532361	
0.993578	0.0133002	0	0.00175308	0.0794682	0	0	0	0.00526599	
0.993562	0.0133127	0	0.00175473	0.0789533	0	0	0	0.00520913	
0.993547	0.0133252	0	0.00175637	0.0784418	0	0	0	0.00515301	
0.993532	0.0133376	0	0.00175801	0.0779336	0	0	0	0.00509762	
0.993517	0.0133499	0	0.00175963	0.0774288	0	0	0	0.00504296	
0.993501	0.0133621	0	0.00176124	0.0769272	0	0	0	0.00498902	
0.993486	0.0133743	0	0.00176284	0.0764288	0	0	0	0.00493577	
0.993471	0.0133864	0	0.00176444	0.0759337	0	0	0	0.00488322	
0.993456	0.0133984	0	0.00176602	0.0754418	0	0	0	0.00483136	
0.99344	0.0134103	0	0.00176759	0.0749531	0	0	0	0.00478017	
0.993425	0.0134222	0	0.00176916	0.0744676	0	0	0	0.00472965	
0.99341	0.0134339	0	0.00177071	0.0739852	0	0	0	0.00467979	
0.993395	0.0134457	0	0.00177225	0.073506	0	0	0	0.00463057	
0.993379	0.0134573	0	0.00177379	0.0730298	0	0	0	0.00458199	
0.993364	0.0134689	0	0.00177531	0.0725568	0	0	0	0.00453404	
0.993349	0.0134803	0	0.00177683	0.0720868	0	0	0	0.00448671	
0.993333	0.0134918	0	0.00177833	0.0716199	0	0	0	0.00444	
0.993318	0.0135031	0	0.00177983	0.0711561	0	0	0	0.00439389	
0.993303	0.0135144	0	0.00178131	0.0706952	0	0	0	0.00434837	
0.993288	0.0135256	0	0.00178279	0.0702373	0	0	0	0.00430344	
0.993272	0.0135367	0	0.00178426	0.0697824	0	0	0	0.0042591	
0.993257	0.0135478	0	0.00178572	0.0693305	0	0	0	0.00421532	
0.993242	0.0135588	0	0.00178717	0.0688814	0	0	0	0.00417211	
0.993227	0.0135697	0	0.00178861	0.0684353	0	0	0	0.00412945	
0.993212	0.0135806	0	0.00179004	0.0679921	0	0	0	0.00408734	
0.993196	0.0135914	0	0.00179146	0.0675518	0	0	0	0.00404577	
0.993181	0.0136021	0	0.00179288	0.0671143	0	0	0	0.00400474	
0.993166	0.0136128	0	0.00179428	0.0666797	0	0	0	0.00396423	
0.993151	0.0136234	0	0.00179568	0.0662479	0	0	0	0.00392424	
0.993135	0.0136339	0	0.00179706	0.0658189	0	0	0	0.00388477	
0.99312	0.0136444	0	0.00179844	0.0653927	0	0	0	0.0038458	
0.993105	0.0136547	0	0.00179981	0.0649693	0	0	0	0.00380732	
0.99309	0.0136651	0	0.00180117	0.0645485	0	0	0	0.00376934	
0.993074	0.0136753	0	0.00180253	0.0641306	0	0	0	0.00373184	
0.993059	0.0136855	0	0.00180387	0.0637153	0	0	0	0.00369482	
0.993044	0.0136957	0	0.00180521	0.0633028	0	0	0	0.00365827	
0.993029	0.0137057	0	0.00180653	0.0628929	0	0	0	0.00362218	
0.993013	0.0137157	0	0.00180785	0.0624857	0	0	0	0.00358656	
0.992998	0.0137257	0	0.00180916	0.0620811	0	0	0	0.00355138	
0.992983	0.0137356	0	0.00181047	0.0616791	0	0	0	0.00351666	
0.992968	0.0137454	0	0.00181176	0.0612798	0	0	0	0.00348237	
0.992952	0.0137551	0	0.00181305	0.060883	0	0	0	0.00344851	
0.992937	0.0137648	0	0.00181432	0.0604888	0	0	0	0.00341509	
0.992922	0.0137745	0	0.00181559	0.0600972	0	0	0	0.00338209	
0.992907	0.0137841	0	0.00181686	0.0597081	0	0	0	0.0033495	
0.992892	0.0137936	0	0.00181811	0.0593216	0	0	0	0.00331732	
0.992876	0.013803	0	0.00181936	0.0589376	0	0	0	0.00328555	
0.992861	0.0138124	0	0.00182059	0.058556	0	0	0	0.00325418	
0.992846	0.0138217	0	0.00182182	0.0581769	0	0	0	0.00322321	
0.992831	0.013831	0	0.00182305	0.0578003	0	0	0	0.00319262	
0.992815	0.0138402	0	0.00182426	0.0574261	0	0	0	0.00316242	
0.9928	0.0138494	0	0.00182547	0.0570544	0	0	0	0.00313259	
0.992785	0.0138585	0	0.00182667	0.0566851	0	0	0	0.00310314	
0.99277	0.0138675	0	0.00182786	0.0563181	0	0	0	0.00307406	
0.992754	0.0138765	0	0.00182904	0.0559536	0	0	0	0.00304535	
0.992739	0.0138855	0	0.00183022	0.0555914	0	0	0	0.00301699	
0.992724	0.0138943	0	0.00183139	0.0552315	0	0	0	0.00298898	
0.992709	0.0139031	0	0.00183255	0.054874	0	0	0	0.00296133	
0.992694	0.0139119	0	0.00183371	0.0545189	0	0	0	0.00293402	
0.992678	0.0139206	0	0.00183485	0.054166	0	0	0	0.00290704	
0.992663	0.0139293	0	0.001836	0.0538154	0	0	0	0.00288041	
0.992648	0.0139379	0	0.00183713	0.0534671	0	0	0	0.0028541	
0.992633	0.0139464	0	0.00183825	0.053121	0	0	0	0.00282813	
0.992617	0.0139549	0	0.00183937	0.0527772	0	0	0	0.00280247	
0.992602	0.0139633	0	0.00184048	0.0524356	0	0	0	0.00277713	
0.992587	0.0139717	0	0.00184159	0.0520963	0	0	0	0.00275211	
0.992572	0.01398	0	0.00184269	0.0517591	0	0	0	0.00272739	
0.992557	0.0139883	0	0.00184378	0.0514241	0	0	0	0.00270298	
0.992541	0.0139965	0	0.00184486	0.0510913	0	0	0	0.00267887	
0.992526	0.0140047	0	0.00184594	0.0507607	0	0	0	0.00265506	
0.992511	0.0140128	0	0.00184701	0.0504322	0	0	0	0.00263154	
0.992496	0.0140209	0	0.00184807	0.0501058	0	0	0	0.00260831	
0.992481	0.0140289	0	0.00184913	0.0497816	0	0	0	0.00258536	
0.992465	0.0140368	0	0.00185017	0.0494594	0	0	0	0.0025627	
0.99245	0.0140448	0	0.00185122	0.0491394	0	0	0	0.00254032	
0.992435	0.0140526	0	0.00185225	0.0488214	0	0	0	0.00251821	
0.99242	0.0140604	0	0.00185328	0.0485055	0	0	0	0.00249637	
0.992405	0.0140682	0	0.00185431	0.0481916	0	0	0	0.00247479	
0.992389	0.0140759	0	0.00185532	0.0478798	0	0	0	0.00245348	
0.992374	0.0140836	0	0.00185633	0.04757	0	0	0	0.00243244	
0.992359	0.0140912	0	0.00185734	0.0472622	0	0	0	0.00241164	
0.992344	0.0140987	0	0.00185833	0.0469564	0	0	0	0.0023911	
0.992328	0.0141063	0	0.00185932	0.0466525	0	0	0	0.00237081	
0.992313	0.0141137	0	0.00186031	0.0463507	0	0	0	0.00235077	
0.992298	0.0141212	0	0.00186129	0.0460508	0	0	0	0.00233097	
0.992283	0.0141285	0	0.00186226	0.0457529	0	0	0	0.00231141	
0.992268	0.0141359	0	0.00186323	0.0454568	0	0	0	0.00229209	
0.992252	0.0141431	0	0.00186419	0.0451627	0	0	0	0.002273	
0.992237	0.0141504	0	0.00186514	0.0448706	0	0	0	0.00225415	
0.992222	0.0141576	0	0.00186609	0.0445803	0	0	0	0.00223552	
0.992207	0.0141647	0	0.00186703	0.0442919	0	0	0	0.00221711	
0.992192	0.0141718	0	0.00186796	0.0440053	0	0	0	0.00219893	
0.992176	0.0141789	0	0.00186889	0.0437206	0	0	0	0.00218097	
0.992161	0.0141859	0	0.00186982	0.0434378	0	0	0	0.00216322	
0.992146	0.0141928	0	0.00187073	0.0431568	0	0	0	0.00214569	
0.992131	0.0141997	0	0.00187165	0.0428776	0	0	0	0.00212836	
0.992116	0.0142066	0	0.00187255	0.0426003	0	0	0	0.00211125	
0.9921	0.0142134	0	0.00187345	0.0423247	0	0	0	0.00209434	
0.992085	0.0142202	0	0.00187435	0.0420509	0	0	0	0.00207763	
0.99207	0.014227	0	0.00187523	0.0417789	0	0	0	0.00206112	
0.992055	0.0142337	0	0.00187612	0.0415087	0	0	0	0.00204481	
0.99204	0.0142403	0	0.00187699	0.0412402	0	0	0	0.0020287	
0.992024	0.0142469	0	0.00187787	0.0409734	0	0	0	0.00201277	
0.992009	0.0142535	0	0.00187873	0.0407084	0	0	0	0.00199704	
0.991994	0.01426	0	0.00187959	0.0404451	0	0	0	0.00198149	
0.991979	0.0142665	0	0.00188045	0.0401835	0	0	0	0.00196613	
0.991964	0.014273	0	0.0018813	0.0399236	0	0	0	0.00195095	
0.991949	0.0142794	0	0.00188214	0.0396654	0	0	0	0.00193596	
0.991933	0.0142857	0	0.00188298	0.0394089	0	0	0	0.00192114	
0.991918	0.0142921	0	0.00188381	0.039154	0	0	0	0.00190649	
0.991903	0.0142983	0	0.00188464	0.0389008	0	0	0	0.00189202	
0.991888	0.0143046	0	0.00188546	0.0386492	0	0	0	0.00187772	
0.991873	0.0143108	0	0.00188628	0.0383992	0	0	0	0.00186359	
0.991857	0.0143169	0	0.00188709	0.0381509	0	0	0	0.00184963	
0.991842	0.0143231	0	0.0018879	0.0379042	0	0	0	0.00183583	
0.991827	0.0143291	0	0.0018887	0.0376591	0	0	0	0.00182219	
0.991812	0.0143352	0	0.0018895	0.0374155	0	0	0	0.00180871	
0.991797	0.0143412	0	0.00189029	0.0371736	0	0	0	0.0017954	
0.991781	0.0143472	0	0.00189108	0.0369332	0	0	0	0.00178224	
0.991766	0.0143531	0	0.00189186	0.0366944	0	0	0	0.00176923	
0.991751	0.014359	0	0.00189263	0.0364571	0	0	0	0.00175638	
0.991736	0.0143648	0	0.00189341	0.0362214	0	0	0	0.00174367	
0.991721	0.0143706	0	0.00189417	0.0359872	0	0	0	0.00173112	
0.991706	0.0143764	0	0.00189493	0.0357545	0	0	0	0.00171871	
0.99169	0.0143822	0	0.00189569	0.0355233	0	0	0	0.00170645	
0.991675	0.0143879	0	0.00189644	0.0352936	0	0	0	0.00169433	
0.99166	0.0143935	0	0.00189719	0.0350654	0	0	0	0.00168235	
0.991645	0.0143992	0	0.00189793	0.0348387	0	0	0	0.00167051	
0.99163	0.0144047	0	0.00189867	0.0346135	0	0	0	0.00165881	
0.991614	0.0144103	0	0.0018994	0.0343897	0	0	0	0.00164725	
0.991599	0.0144158	0	0.00190013	0.0341673	0	0	0	0.00163582	
0.991584	0.0144213	0	0.00190085	0.0339464	0	0	0	0.00162452	
0.991569	0.0144268	0	0.00190157	0.033727	0	0	0	0.00161336	
0.991554	0.0144322	0	0.00190228	0.0335089	0	0	0	0.00160232	
0.991539	0.0144376	0	0.00190299	0.0332923	0	0	0	0.00159142	
0.991523	0.0144429	0	0.0019037	0.0330771	0	0	0	0.00158063	
0.991508	0.0144482	0	0.0019044	0.0328633	0	0	0	0.00156998	
0.991493	0.0144535	0	0.00190509	0.0326508	0	0	0	0.00155945	
0.991478	0.0144587	0	0.00190578	0.0324398	0	0	0	0.00154903	
0.991463	0.0144639	0	0.00190647	0.0322301	0	0	0	0.00153874	
0.991447	0.0144691	0	0.00190715	0.0320217	0	0	0	0.00152857	
0.991432	0.0144743	0	0.00190783	0.0318148	0	0	0	0.00151852	
0.991417	0.0144794	0	0.0019085	0.0316091	0	0	0	0.00150858	
0.991402	0.0144844	0	0.00190917	0.0314048	0	0	0	0.00149875	
0.991387	0.0144895	0	0.00190983	0.0312018	0	0	0	0.00148904	
0.991372	0.0144945	0	0.00191049	0.0310001	0	0	0	0.00147944	
0.991356	0.0144995	0	0.00191115	0.0307998	0	0	0	0.00146995	
0.991341	0.0145044	0	0.0019118	0.0306007	0	0	0	0.00146057	
0.991326	0.0145093	0	0.00191245	0.0304029	0	0	0	0.0014513	
0.991311	0.0145142	0	0.00191309	0.0302064	0	0	0	0.00144213	
0.991296	0.014519	0	0.00191373	0.0300112	0	0	0	0.00143307	
0.991281	0.0145239	0	0.00191437	0.0298173	0	0	0	0.00142412	
0.991265	0.0145287	0	0.001915	0.0296246	0	0	0	0.00141526	
0.99125	0.0145334	0	0.00191563	0.0294331	0	0	0	0.00140651	
0.991235	0.0145381	0	0.00191625	0.0292429	0	0	0	0.00139786	
0.99122	0.0145428	0	0.00191687	0.0290539	0	0	0	0.0013893	
0.991205	0.0145475	0	0.00191748	0.0288662	0	0	0	0.00138085	
0.99119	0.0145521	0	0.00191809	0.0286797	0	0	0	0.00137249	
0.991174	0.0145567	0	0.0019187	0.0284943	0	0	0	0.00136422	
0.991159	0.0145613	0	0.0019193	0.0283102	0	0	0	0.00135606	
0.991144	0.0145658	0	0.0019199	0.0281273	0	0	0	0.00134798	
0.991129	0.0145704	0	0.0019205	0.0279455	0	0	0	0.00134	
0.991114	0.0145748	0	0.00192109	0.027765	0	0	0	0.0013321	
0.991099	0.0145793	0	0.00192167	0.0275856	0	0	0	0.0013243	
0.991083	0.0145837	0	0.00192226	0.0274073	0	0	0	0.00131659	
0.991068	0.0145881	0	0.00192284	0.0272303	0	0	0	0.00130896	
0.991053	0.0145925	0	0.00192341	0.0270543	0	0	0	0.00130142	
0.991038	0.0145968	0	0.00192399	0.0268795	0	0	0	0.00129397	
0.991023	0.0146011	0	0.00192455	0.0267059	0	0	0	0.0012866	
0.991008	0.0146054	0	0.00192512	0.0265333	0	0	0	0.00127931	
0.990992	0.0146097	0	0.00192568	0.0263619	0	0	0	0.00127211	
0.990977	0.0146139	0	0.00192624	0.0261916	0	0	0	0.00126499	
0.990962	0.0146181	0	0.00192679	0.0260224	0	0	0	0.00125795	
0.990947	0.0146223	0	0.00192734	0.0258543	0	0	0	0.001251	
0.990932	0.0146264	0	0.00192789	0.0256873	0	0	0	0.00124412	
0.990917	0.0146306	0	0.00192843	0.0255214	0	0	0	0.00123732	
0.990901	0.0146347	0	0.00192897	0.0253565	0	0	0	0.00123059	
0.990886	0.0146387	0	0.00192951	0.0251927	0	0	0	0.00122395	
0.990871	0.0146428	0	0.00193004	0.02503	0	0	0	0.00121737	
0.990856	0.0146468	0	0.00193057	0.0248683	0	0	0	0.00121088	
0.990841	0.0146508	0	0.00193109	0.0247077	0	0	0	0.00120445	
0.990826	0.0146547	0	0.00193162	0.0245481	0	0	0	0.0011981	
0.990811	0.0146587	0	0.00193213	0.0243895	0	0	0	0.00119183	
0.990795	0.0146626	0	0.00193265	0.024232	0	0	0	0.00118562	
0.99078	0.0146665	0	0.00193316	0.0240755	0	0	0	0.00117949	
0.990765	0.0146703	0	0.00193367	0.02392	0	0	0	0.00117342	
0.99075	0.0146741	0	0.00193418	0.0237655	0	0	0	0.00116742	
0.990735	0.014678	0	0.00193468	0.0236121	0	0	0	0.0011615	
0.99072	0.0146817	0	0.00193518	0.0234596	0	0	0	0.00115564	
0.990704	0.0146855	0	0.00193567	0.0233081	0	0	0	0.00114984	
0.990689	0.0146892	0	0.00193616	0.0231576	0	0	0	0.00114412	
0.990674	0.0146929	0	0.00193665	0.023008	0	0	0	0.00113846	
0.990659	0.0146966	0	0.00193714	0.0228594	0	0	0	0.00113286	
0.990644	0.0147003	0	0.00193762	0.0227118	0	0	0	0.00112733	
0.990629	0.0147039	0	0.0019381	0.0225652	0	0	0	0.00112186	
0.990614	0.0147075	0	0.00193858	0.0224195	0	0	0	0.00111645	
0.990598	0.0147111	0	0.00193905	0.0222747	0	0	0	0.00111111	
0.990583	0.0147147	0	0.00193952	0.0221309	0	0	0	0.00110582	
0.990568	0.0147182	0	0.00193999	0.021988	0	0	0	0.0011006	
0.990553	0.0147218	0	0.00194045	0.021846	0	0	0	0.00109544	
0.990538	0.0147253	0	0.00194091	0.021705	0	0	0	0.00109033	
0.990523	0.0147287	0	0.00194137	0.0215649	0	0	0	0.00108529	
0.990508	0.0147322	0	0.00194183	0.0214256	0	0	0	0.0010803	
0.990492	0.0147356	0	0.00194228	0.0212873	0	0	0	0.00107537	
0.990477	0.014739	0	0.00194273	0.0211499	0	0	0	0.0010705	
0.990462	0.0147424	0	0.00194317	0.0210134	0	0	0	0.00106569	
0.990447	0.0147458	0	0.00194362	0.0208777	0	0	0	0.00106093	
0.990432	0.0147491	0	0.00194406	0.0207429	0	0	0	0.00105623	
0.990417	0.0147524	0	0.00194449	0.020609	0	0	0	0.00105158	
0.990402	0.0147557	0	0.00194493	0.020476	0	0	0	0.00104698	
0.990386	0.014759	0	0.00194536	0.0203438	0	0	0	0.00104244	
0.990371	0.0147623	0	0.00194579	0.0202125	0	0	0	0.00103795	
0.990356	0.0147655	0	0.00194621	0.0200821	0	0	0	0.00103352	
0.990341	0.0147687	0	0.00194664	0.0199524	0	0	0	0.00102913	
0.990326	0.0147719	0	0.00194706	0.0198237	0	0	0	0.0010248	
0.990311	0.0147751	0	0.00194748	0.0196957	0	0	0	0.00102052	
0.990296	0.0147782	0	0.00194789	0.0195686	0	0	0	0.00101629	
0.99028	0.0147813	0	0.0019483	0.0194423	0	0	0	0.00101211	
0.990265	0.0147844	0	0.00194871	0.0193168	0	0	0	0.00100798	
0.99025	0.0147875	0	0.00194912	0.0191922	0	0	0	0.0010039	
0.990235	0.0147906	0	0.00194952	0.0190683	0	0	0	0.000999865	
0.99022	0.0147936	0	0.00194993	0.0189453	0	0	0	0.000995881	
0.990205	0.0147967	0	0.00195032	0.018823	0	0	0	0.000991945	
0.99019	0.0147997	0	0.00195072	0.0187016	0	0	0	0.000988055	
0.990174	0.0148027	0	0.00195111	0.0185809	0	0	0	0.000984213	
0.990159	0.0148056	0	0.0019515	0.018461	0	0	0	0.000980417	
0.990144	0.0148086	0	0.00195189	0.0183419	0	0	0	0.000976668	
0.990129	0.0148115	0	0.00195228	0.0182235	0	0	0	0.000972964	
0.990114	0.0148144	0	0.00195266	0.018106	0	0	0	0.000969305	
0.990099	0.0148173	0	0.00195304	0.0179892	0	0	0	0.000965692	
0.990084	0.0148202	0	0.00195342	0.0178731	0	0	0	0.000962123	
0.990068	0.014823	0	0.0019538	0.0177578	0	0	0	0.000958598	
0.990053	0.0148258	0	0.00195417	0.0176432	0	0	0	0.000955117	
0.990038	0.0148287	0	0.00195454	0.0175294	0	0	0	0.000951679	
0.990023	0.0148315	0	0.00195491	0.0174163	0	0	0	0.000948284	
0.990008	0.0148342	0	0.00195528	0.017304	0	0	0	0.000944932	
0.989993	0.014837	0	0.00195564	0.0171924	0	0	0	0.000941623	
0.989978	0.0148397	0	0.001956	0.0170815	0	0	0	0.000938355	
0.989962	0.0148425	0	0.00195636	0.0169713	0	0	0	0.000935129	
0.989947	0.0148452	0	0.00195672	0.0168618	0	0	0	0.000931945	
0.989932	0.0148478	0	0.00195707	0.0167531	0	0	0	0.000928801	
0.989917	0.0148505	0	0.00195742	0.016645	0	0	0	0.000925699	
0.989902	0.0148532	0	0.00195777	0.0165377	0	0	0	0.000922637	
0.989887	0.0148558	0	0.00195812	0.016431	0	0	0	0.000919615	
0.989872	0.0148584	0	0.00195846	0.016325	0	0	0	0.000916633	
0.989857	0.014861	0	0.00195881	0.0162198	0	0	0	0.000913691	
0.989841	0.0148636	0	0.00195915	0.0161152	0	0	0	0.000910788	
0.989826	0.0148662	0	0.00195948	0.0160113	0	0	0	0.000907924	
0.989811	0.0148687	0	0.00195982	0.015908	0	0	0	0.000905099	
0.989796	0.0148712	0	0.00196015	0.0158054	0	0	0	0.000902313	
0.989781	0.0148738	0	0.00196048	0.0157035	0	0	0	0.000899565	
0.989766	0.0148762	0	0.00196081	0.0156023	0	0	0	0.000896855	
0.989751	0.0148787	0	0.00196114	0.0155017	0	0	0	0.000894183	
0.989736	0.0148812	0	0.00196147	0.0154017	0	0	0	0.000891549	
0.98972	0.0148836	0	0.00196179	0.0153024	0	0	0	0.000888952	
0.989705	0.0148861	0	0.00196211	0.0152038	0	0	0	0.000886393	
0.98969	0.0148885	0	0.00196243	0.0151058	0	0	0	0.00088387	
0.989675	0.0148909	0	0.00196274	0.0150084	0	0	0	0.000881385	
0.98966	0.0148933	0	0.00196306	0.0149116	0	0	0	0.000878936	
0.989645	0.0148956	0	0.00196337	0.0148155	0	0	0	0.000876524	
0.98963	0.014898	0	0.00196368	0.01472	0	0	0	0.000874149	
0.989615	0.0149003	0	0.00196399	0.0146251	0	0	0	0.000871809	
0.989599	0.0149027	0	0.00196429	0.0145309	0	0	0	0.000869506	
0.989584	0.014905	0	0.0019646	0.0144372	0	0	0	0.000867239	
0.989569	0.0149073	0	0.0019649	0.0143442	0	0	0	0.000865007	
0.989554	0.0149095	0	0.0019652	0.0142517	0	0	0	0.000862812	
0.989539	0.0149118	0	0.0019655	0.0141599	0	0	0	0.000860652	
0.989524	0.014914	0	0.00196579	0.0140686	0	0	0	0.000858527	
0.989509	0.0149163	0	0.00196609	0.0139779	0	0	0	0.000856438	
0.989494	0.0149185	0	0.00196638	0.0138879	0	0	0	0.000854385	
0.989478	0.0149207	0	0.00196667	0.0137984	0	0	0	0.000852367	
0.989463	0.0149229	0	0.00196696	0.0137095	0	0	0	0.000850384	
0.989448	0.014925	0	0.00196725	0.0136211	0	0	0	0.000848436	
0.989433	0.0149272	0	0.00196753	0.0135334	0	0	0	0.000846524	
0.989418	0.0149294	0	0.00196781	0.0134462	0	0	0	0.000844647	
0.989403	0.0149315	0	0.00196809	0.0133596	0	0	0	0.000842805	
0.989388	0.0149336	0	0.00196837	0.0132735	0	0	0	0.000840998	
0.989373	0.0149357	0	0.00196865	0.013188	0	0	0	0.000839227	
0.989358	0.0149378	0	0.00196892	0.013103	0	0	0	0.000837491	
0.989342	0.0149399	0	0.0019692	0.0130186	0	0	0	0.00083579	
0.989327	0.0149419	0	0.00196947	0.0129348	0	0	0	0.000834125	
0.989312	0.014944	0	0.00196974	0.0128514	0	0	0	0.000832496	
0.989297	0.014946	0	0.00197001	0.0127687	0	0	0	0.000830902	
0.989282	0.014948	0	0.00197027	0.0126864	0	0	0	0.000829344	
0.989267	0.01495	0	0.00197054	0.0126047	0	0	0	0.000827822	
0.989252	0.014952	0	0.0019708	0.0125236	0	0	0	0.000826336	
0.989237	0.014954	0	0.00197106	0.0124429	0	0	0	0.000824887	
0.989221	0.014956	0	0.00197132	0.0123628	0	0	0	0.000823474	
0.989206	0.0149579	0	0.00197158	0.0122832	0	0	0	0.000822098	
0.989191	0.0149599	0	0.00197184	0.0122041	0	0	0	0.00082076	
0.989176	0.0149618	0	0.00197209	0.0121255	0	0	0	0.000819458	
0.989161	0.0149637	0	0.00197234	0.0120474	0	0	0	0.000818195	
0.989146	0.0149656	0	0.00197259	0.0119699	0	0	0	0.00081697	
0.989131	0.0149675	0	0.00197284	0.0118928	0	0	0	0.000815784	
0.989116	0.0149694	0	0.00197309	0.0118162	0	0	0	0.000814637	
0.989101	0.0149713	0	0.00197334	0.0117402	0	0	0	0.00081353	
0.989085	0.0149731	0	0.00197358	0.0116646	0	0	0	0.000812463	
0.98907	0.014975	0	0.00197382	0.0115895	0	0	0	0.000811437	
0.989055	0.0149768	0	0.00197406	0.0115149	0	0	0	0.000810453	
0.98904	0.0149786	0	0.0019743	0.0114408	0	0	0	0.000809511	
0.989025	0.0149804	0	0.00197454	0.0113672	0	0	0	0.000808613	
0.98901	0.0149822	0	0.00197478	0.011294	0	0	0	0.00080776	
0.988995	0.014984	0	0.00197501	0.0112213	0	0	0	0.000806951	
0.98898	0.0149858	0	0.00197525	0.0111491	0	0	0	0.00080619	
0.988965	0.0149875	0	0.00197548	0.0110774	0	0	0	0.000805476	
0.988949	0.0149893	0	0.00197571	0.0110061	0	0	0	0.000804811	
0.988934	0.014991	0	0.00197594	0.0109353	0	0	0	0.000804198	
0.988919	0.0149927	0	0.00197617	0.0108649	0	0	0	0.000803637	
0.988904	0.0149944	0	0.00197639	0.010795	0	0	0	0.000803131	
0.988889	0.0149962	0	0.00197662	0.0107256	0	0	0	0.000802682	
0.988874	0.0149978	0	0.00197684	0.0106566	0	0	0	0.000802292	
0.988859	0.0149995	0	0.00197706	0.010588	0	0	0	0.000801964	
0.988844	0.0150012	0	0.00197728	0.0105199	0	0	0	0.000801702	
0.988829	0.0150029	0	0.0019775	0.0104523	0	0	0	0.000801507	
0.988814	0.0150045	0	0.00197772	0.0103851	0	0	0	0.000801386	
