1	0	0	0	1	0	0	0	1	
0.999993	8.69209e-07	0	2.89092e-08	0.990729	0	0	0	0.988679	
0.999987	3.41841e-06	0	1.13829e-07	0.981636	0	0	0	0.977609	
0.999981	7.59282e-06	0	2.52806e-07	0.972629	0	0	0	0.966665	
0.999974	1.33333e-05	0	4.43872e-07	0.963707	0	0	0	0.955847	
0.999968	2.05842e-05	0	6.85178e-07	0.954869	0	0	0	0.945152	
0.999962	2.92932e-05	0	9.74982e-07	0.946115	0	0	0	0.934579	
0.999955	3.94107e-05	0	1.31164e-06	0.937443	0	0	0	0.924126	
0.999949	5.08899e-05	0	1.69358e-06	0.928853	0	0	0	0.913793	
0.999943	6.36861e-05	0	2.11933e-06	0.920344	0	0	0	0.903578	
0.999937	7.77568e-05	0	2.58747e-06	0.911915	0	0	0	0.893479	
0.99993	9.30614e-05	0	3.09666e-06	0.903566	0	0	0	0.883495	
0.999924	0.000109561	0	3.64559e-06	0.895295	0	0	0	0.873625	
0.999918	0.000127219	0	4.23304e-06	0.887101	0	0	0	0.863868	
0.999912	0.000145998	0	4.8578e-06	0.878985	0	0	0	0.854221	
0.999906	0.000165866	0	5.51875e-06	0.870945	0	0	0	0.844684	
0.9999	0.000186788	0	6.21477e-06	0.86298	0	0	0	0.835256	
0.999894	0.000208732	0	6.9448e-06	0.85509	0	0	0	0.825935	
0.999888	0.000231668	0	7.70783e-06	0.847274	0	0	0	0.81672	
0.999882	0.000255567	0	8.50284e-06	0.839532	0	0	0	0.807609	
0.999876	0.000280398	0	9.32889e-06	0.831861	0	0	0	0.798602	
0.99987	0.000306134	0	1.0185e-05	0.824263	0	0	0	0.789698	
0.999864	0.000332748	0	1.10704e-05	0.816736	0	0	0	0.780894	
0.999858	0.000360214	0	1.19841e-05	0.809279	0	0	0	0.772191	
0.999852	0.000388507	0	1.29253e-05	0.801893	0	0	0	0.763586	
0.999847	0.0004176	0	1.38931e-05	0.794575	0	0	0	0.755079	
0.999841	0.000447471	0	1.48867e-05	0.787325	0	0	0	0.746669	
0.999835	0.000478095	0	1.59055e-05	0.780144	0	0	0	0.738353	
0.999829	0.000509451	0	1.69485e-05	0.773029	0	0	0	0.730133	
0.999824	0.000541515	0	1.80152e-05	0.765981	0	0	0	0.722005	
0.999818	0.000574267	0	1.91047e-05	0.758998	0	0	0	0.713969	
0.999812	0.000607684	0	2.02163e-05	0.752081	0	0	0	0.706025	
0.999807	0.000641747	0	2.13494e-05	0.745228	0	0	0	0.69817	
0.999801	0.000676435	0	2.25033e-05	0.73844	0	0	0	0.690405	
0.999795	0.00071173	0	2.36774e-05	0.731714	0	0	0	0.682727	
0.99979	0.000747611	0	2.4871e-05	0.725051	0	0	0	0.675137	
0.999784	0.000784061	0	2.60834e-05	0.718451	0	0	0	0.667632	
0.999778	0.00082106	0	2.73142e-05	0.711911	0	0	0	0.660212	
0.999773	0.000858592	0	2.85627e-05	0.705433	0	0	0	0.652876	
0.999767	0.00089664	0	2.98283e-05	0.699015	0	0	0	0.645623	
0.999762	0.000935185	0	3.11105e-05	0.692656	0	0	0	0.638453	
0.999756	0.000974213	0	3.24088e-05	0.686357	0	0	0	0.631363	
0.999751	0.00101371	0	3.37225e-05	0.680116	0	0	0	0.624353	
0.999745	0.00105365	0	3.50512e-05	0.673933	0	0	0	0.617423	
0.99974	0.00109403	0	3.63943e-05	0.667808	0	0	0	0.610571	
0.999735	0.00113482	0	3.77514e-05	0.66174	0	0	0	0.603796	
0.999729	0.00117602	0	3.91219e-05	0.655728	0	0	0	0.597098	
0.999724	0.00121762	0	4.05054e-05	0.649772	0	0	0	0.590475	
0.999718	0.00125959	0	4.19015e-05	0.643871	0	0	0	0.583927	
0.999713	0.00130192	0	4.33096e-05	0.638025	0	0	0	0.577454	
0.999708	0.0013446	0	4.47293e-05	0.632233	0	0	0	0.571053	
0.999702	0.00138761	0	4.61602e-05	0.626494	0	0	0	0.564724	
0.999697	0.00143095	0	4.76019e-05	0.620809	0	0	0	0.558467	
0.999692	0.0014746	0	4.90539e-05	0.615177	0	0	0	0.552281	
0.999686	0.00151855	0	5.05158e-05	0.609597	0	0	0	0.546164	
0.999681	0.00156279	0	5.19873e-05	0.604068	0	0	0	0.540116	
0.999676	0.0016073	0	5.34679e-05	0.598591	0	0	0	0.534136	
0.999671	0.00165207	0	5.49572e-05	0.593164	0	0	0	0.528224	
0.999665	0.0016971	0	5.6455e-05	0.587788	0	0	0	0.522378	
0.99966	0.00174237	0	5.79607e-05	0.582461	0	0	0	0.516598	
0.999655	0.00178786	0	5.94741e-05	0.577184	0	0	0	0.510884	
0.99965	0.00183358	0	6.09949e-05	0.571956	0	0	0	0.505233	
0.999645	0.00187951	0	6.25226e-05	0.566775	0	0	0	0.499647	
0.999639	0.00192563	0	6.40569e-05	0.561643	0	0	0	0.494123	
0.999634	0.00197195	0	6.55975e-05	0.556558	0	0	0	0.488661	
0.999629	0.00201845	0	6.71442e-05	0.55152	0	0	0	0.483261	
0.999624	0.00206511	0	6.86965e-05	0.546529	0	0	0	0.477921	
0.999619	0.00211194	0	7.02542e-05	0.541583	0	0	0	0.472642	
0.999614	0.00215892	0	7.18169e-05	0.536684	0	0	0	0.467422	
0.999609	0.00220604	0	7.33844e-05	0.531829	0	0	0	0.462261	
0.999604	0.0022533	0	7.49565e-05	0.52702	0	0	0	0.457157	
0.999599	0.00230069	0	7.65327e-05	0.522254	0	0	0	0.452111	
0.999594	0.00234819	0	7.81128e-05	0.517533	0	0	0	0.447122	
0.999589	0.00239581	0	7.96967e-05	0.512855	0	0	0	0.442189	
0.999583	0.00244353	0	8.12839e-05	0.50822	0	0	0	0.437311	
0.999578	0.00249134	0	8.28743e-05	0.503628	0	0	0	0.432488	
0.999573	0.00253924	0	8.44676e-05	0.499079	0	0	0	0.427719	
0.999568	0.00258722	0	8.60636e-05	0.494571	0	0	0	0.423004	
0.999563	0.00263527	0	8.76619e-05	0.490104	0	0	0	0.418342	
0.999559	0.00268339	0	8.92625e-05	0.485679	0	0	0	0.413732	
0.999554	0.00273156	0	9.0865e-05	0.481295	0	0	0	0.409173	
0.999549	0.00277979	0	9.24692e-05	0.476951	0	0	0	0.404666	
0.999544	0.00282806	0	9.4075e-05	0.472646	0	0	0	0.40021	
0.999539	0.00287638	0	9.5682e-05	0.468382	0	0	0	0.395803	
0.999534	0.00292472	0	9.72901e-05	0.464157	0	0	0	0.391446	
0.999529	0.00297309	0	9.88991e-05	0.45997	0	0	0	0.387137	
0.999524	0.00302148	0	0.000100509	0.455822	0	0	0	0.382877	
0.999519	0.00306989	0	0.000102119	0.451712	0	0	0	0.378665	
0.999514	0.00311831	0	0.000103729	0.44764	0	0	0	0.3745	
0.999509	0.00316673	0	0.00010534	0.443605	0	0	0	0.370381	
0.999505	0.00321514	0	0.000106951	0.439607	0	0	0	0.366309	
0.9995	0.00326355	0	0.000108561	0.435646	0	0	0	0.362282	
0.999495	0.00331195	0	0.000110171	0.431721	0	0	0	0.3583	
0.99949	0.00336033	0	0.00011178	0.427833	0	0	0	0.354363	
0.999485	0.00340868	0	0.000113388	0.42398	0	0	0	0.35047	
0.99948	0.00345701	0	0.000114996	0.420162	0	0	0	0.346621	
0.999476	0.00350531	0	0.000116602	0.416379	0	0	0	0.342814	
0.999471	0.00355356	0	0.000118208	0.412631	0	0	0	0.33905	
0.999466	0.00360178	0	0.000119811	0.408918	0	0	0	0.335329	
0.999461	0.00364995	0	0.000121414	0.405238	0	0	0	0.331649	
0.999456	0.00369807	0	0.000123014	0.401592	0	0	0	0.32801	
0.999452	0.00374614	0	0.000124613	0.39798	0	0	0	0.324411	
0.999447	0.00379414	0	0.00012621	0.3944	0	0	0	0.320853	
0.999442	0.00384209	0	0.000127805	0.390854	0	0	0	0.317335	
0.999437	0.00388997	0	0.000129397	0.387339	0	0	0	0.313856	
0.999433	0.00393777	0	0.000130988	0.383857	0	0	0	0.310415	
0.999428	0.0039855	0	0.000132575	0.380407	0	0	0	0.307014	
0.999423	0.00403316	0	0.00013416	0.376988	0	0	0	0.30365	
0.999419	0.00408073	0	0.000135743	0.373601	0	0	0	0.300324	
0.999414	0.00412822	0	0.000137323	0.370245	0	0	0	0.297034	
0.999409	0.00417562	0	0.000138899	0.366919	0	0	0	0.293782	
0.999404	0.00422293	0	0.000140473	0.363624	0	0	0	0.290566	
0.9994	0.00427014	0	0.000142043	0.360358	0	0	0	0.287386	
0.999395	0.00431726	0	0.00014361	0.357123	0	0	0	0.284241	
0.99939	0.00436427	0	0.000145174	0.353917	0	0	0	0.281131	
0.999386	0.00441118	0	0.000146735	0.350741	0	0	0	0.278056	
0.999381	0.00445798	0	0.000148292	0.347593	0	0	0	0.275015	
0.999376	0.00450468	0	0.000149845	0.344474	0	0	0	0.272008	
0.999372	0.00455126	0	0.000151394	0.341384	0	0	0	0.269035	
0.999367	0.00459773	0	0.00015294	0.338322	0	0	0	0.266095	
0.999363	0.00464407	0	0.000154482	0.335288	0	0	0	0.263187	
0.999358	0.0046903	0	0.000156019	0.332281	0	0	0	0.260312	
0.999353	0.00473641	0	0.000157553	0.329302	0	0	0	0.257469	
0.999349	0.00478239	0	0.000159082	0.32635	0	0	0	0.254658	
0.999344	0.00482825	0	0.000160608	0.323425	0	0	0	0.251877	
0.99934	0.00487397	0	0.000162129	0.320526	0	0	0	0.249128	
0.999335	0.00491956	0	0.000163645	0.317654	0	0	0	0.246409	
0.99933	0.00496502	0	0.000165157	0.314809	0	0	0	0.243721	
0.999326	0.00501035	0	0.000166665	0.311989	0	0	0	0.241062	
0.999321	0.00505553	0	0.000168168	0.309194	0	0	0	0.238434	
0.999317	0.00510058	0	0.000169666	0.306426	0	0	0	0.235834	
0.999312	0.00514548	0	0.00017116	0.303682	0	0	0	0.233263	
0.999308	0.00519024	0	0.000172649	0.300963	0	0	0	0.230721	
0.999303	0.00523486	0	0.000174133	0.29827	0	0	0	0.228207	
0.999299	0.00527932	0	0.000175612	0.2956	0	0	0	0.225721	
0.999294	0.00532364	0	0.000177086	0.292955	0	0	0	0.223262	
0.999289	0.00536781	0	0.000178555	0.290334	0	0	0	0.220831	
0.999285	0.00541183	0	0.000180019	0.287737	0	0	0	0.218427	
0.99928	0.0054557	0	0.000181479	0.285163	0	0	0	0.216049	
0.999276	0.0054994	0	0.000182932	0.282613	0	0	0	0.213698	
0.999271	0.00554296	0	0.000184381	0.280086	0	0	0	0.211373	
0.999267	0.00558635	0	0.000185825	0.277582	0	0	0	0.209074	
0.999262	0.00562959	0	0.000187263	0.275101	0	0	0	0.2068	
0.999258	0.00567267	0	0.000188696	0.272642	0	0	0	0.204552	
0.999253	0.00571558	0	0.000190123	0.270205	0	0	0	0.202328	
0.999249	0.00575834	0	0.000191545	0.267791	0	0	0	0.20013	
0.999244	0.00580093	0	0.000192962	0.265398	0	0	0	0.197955	
0.99924	0.00584335	0	0.000194373	0.263028	0	0	0	0.195805	
0.999236	0.00588561	0	0.000195779	0.260679	0	0	0	0.193678	
0.999231	0.0059277	0	0.000197179	0.258351	0	0	0	0.191575	
0.999227	0.00596963	0	0.000198574	0.256044	0	0	0	0.189495	
0.999222	0.00601139	0	0.000199962	0.253758	0	0	0	0.187439	
0.999218	0.00605297	0	0.000201346	0.251493	0	0	0	0.185405	
0.999213	0.00609439	0	0.000202723	0.249248	0	0	0	0.183393	
0.999209	0.00613563	0	0.000204095	0.247024	0	0	0	0.181404	
0.999204	0.00617671	0	0.000205462	0.24482	0	0	0	0.179437	
0.9992	0.00621761	0	0.000206822	0.242636	0	0	0	0.177492	
0.999196	0.00625834	0	0.000208177	0.240471	0	0	0	0.175568	
0.999191	0.00629889	0	0.000209526	0.238327	0	0	0	0.173665	
0.999187	0.00633927	0	0.000210869	0.236201	0	0	0	0.171784	
0.999182	0.00637947	0	0.000212206	0.234095	0	0	0	0.169923	
0.999178	0.0064195	0	0.000213538	0.232008	0	0	0	0.168083	
0.999173	0.00645935	0	0.000214863	0.22994	0	0	0	0.166263	
0.999169	0.00649903	0	0.000216183	0.227891	0	0	0	0.164463	
0.999165	0.00653852	0	0.000217497	0.22586	0	0	0	0.162683	
0.99916	0.00657784	0	0.000218805	0.223847	0	0	0	0.160923	
0.999156	0.00661698	0	0.000220106	0.221853	0	0	0	0.159183	
0.999152	0.00665595	0	0.000221402	0.219877	0	0	0	0.157461	
0.999147	0.00669473	0	0.000222693	0.217918	0	0	0	0.155758	
0.999143	0.00673333	0	0.000223977	0.215977	0	0	0	0.154075	
0.999138	0.00677176	0	0.000225255	0.214054	0	0	0	0.15241	
0.999134	0.00681	0	0.000226527	0.212149	0	0	0	0.150763	
0.99913	0.00684807	0	0.000227793	0.21026	0	0	0	0.149134	
0.999125	0.00688595	0	0.000229053	0.208388	0	0	0	0.147524	
0.999121	0.00692366	0	0.000230307	0.206534	0	0	0	0.145931	
0.999117	0.00696118	0	0.000231555	0.204696	0	0	0	0.144355	
0.999112	0.00699852	0	0.000232798	0.202875	0	0	0	0.142798	
0.999108	0.00703568	0	0.000234034	0.20107	0	0	0	0.141257	
0.999104	0.00707266	0	0.000235264	0.199281	0	0	0	0.139733	
0.999099	0.00710946	0	0.000236488	0.197509	0	0	0	0.138226	
0.999095	0.00714608	0	0.000237706	0.195753	0	0	0	0.136736	
0.999091	0.00718251	0	0.000238918	0.194012	0	0	0	0.135262	
0.999086	0.00721877	0	0.000240124	0.192287	0	0	0	0.133804	
0.999082	0.00725484	0	0.000241323	0.190578	0	0	0	0.132362	
0.999078	0.00729073	0	0.000242517	0.188884	0	0	0	0.130936	
0.999073	0.00732644	0	0.000243705	0.187205	0	0	0	0.129526	
0.999069	0.00736197	0	0.000244887	0.185542	0	0	0	0.128131	
0.999065	0.00739732	0	0.000246063	0.183894	0	0	0	0.126752	
0.99906	0.00743249	0	0.000247232	0.18226	0	0	0	0.125388	
0.999056	0.00746747	0	0.000248396	0.180641	0	0	0	0.124039	
0.999052	0.00750228	0	0.000249554	0.179037	0	0	0	0.122704	
0.999047	0.0075369	0	0.000250706	0.177447	0	0	0	0.121385	
0.999043	0.00757134	0	0.000251851	0.175871	0	0	0	0.12008	
0.999039	0.00760561	0	0.000252991	0.17431	0	0	0	0.118789	
0.999034	0.00763969	0	0.000254125	0.172763	0	0	0	0.117512	
0.99903	0.00767359	0	0.000255252	0.171229	0	0	0	0.11625	
0.999026	0.00770731	0	0.000256374	0.16971	0	0	0	0.115001	
0.999022	0.00774086	0	0.00025749	0.168204	0	0	0	0.113766	
0.999017	0.00777422	0	0.0002586	0.166711	0	0	0	0.112544	
0.999013	0.00780741	0	0.000259703	0.165232	0	0	0	0.111336	
0.999009	0.00784041	0	0.000260801	0.163767	0	0	0	0.110141	
0.999004	0.00787324	0	0.000261893	0.162314	0	0	0	0.10896	
0.999	0.00790589	0	0.000262979	0.160875	0	0	0	0.107791	
0.998996	0.00793836	0	0.000264059	0.159448	0	0	0	0.106635	
0.998992	0.00797065	0	0.000265133	0.158035	0	0	0	0.105492	
0.998987	0.00800277	0	0.000266202	0.156634	0	0	0	0.104361	
0.998983	0.00803471	0	0.000267264	0.155245	0	0	0	0.103243	
0.998979	0.00806647	0	0.00026832	0.153869	0	0	0	0.102137	
0.998975	0.00809805	0	0.000269371	0.152506	0	0	0	0.101043	
0.99897	0.00812947	0	0.000270416	0.151155	0	0	0	0.0999608	
0.998966	0.0081607	0	0.000271455	0.149816	0	0	0	0.0988906	
0.998962	0.00819176	0	0.000272488	0.148488	0	0	0	0.0978322	
0.998958	0.00822265	0	0.000273515	0.147173	0	0	0	0.0967854	
0.998953	0.00825336	0	0.000274537	0.14587	0	0	0	0.09575	
0.998949	0.00828389	0	0.000275553	0.144578	0	0	0	0.094726	
0.998945	0.00831426	0	0.000276563	0.143298	0	0	0	0.0937131	
0.998941	0.00834445	0	0.000277567	0.142029	0	0	0	0.0927114	
0.998936	0.00837447	0	0.000278565	0.140772	0	0	0	0.0917206	
0.998932	0.00840432	0	0.000279558	0.139526	0	0	0	0.0907406	
0.998928	0.00843399	0	0.000280545	0.138291	0	0	0	0.0897713	
0.998924	0.0084635	0	0.000281527	0.137068	0	0	0	0.0888127	
0.998919	0.00849283	0	0.000282503	0.135855	0	0	0	0.0878645	
0.998915	0.008522	0	0.000283473	0.134653	0	0	0	0.0869266	
0.998911	0.00855099	0	0.000284437	0.133462	0	0	0	0.085999	
0.998907	0.00857982	0	0.000285396	0.132282	0	0	0	0.0850816	
0.998903	0.00860847	0	0.000286349	0.131112	0	0	0	0.0841741	
0.998898	0.00863696	0	0.000287297	0.129952	0	0	0	0.0832766	
0.998894	0.00866529	0	0.000288239	0.128803	0	0	0	0.0823889	
0.99889	0.00869344	0	0.000289175	0.127665	0	0	0	0.0815108	
0.998886	0.00872143	0	0.000290106	0.126536	0	0	0	0.0806423	
0.998882	0.00874926	0	0.000291032	0.125418	0	0	0	0.0797833	
0.998877	0.00877691	0	0.000291952	0.124309	0	0	0	0.0789337	
0.998873	0.00880441	0	0.000292866	0.123211	0	0	0	0.0780933	
0.998869	0.00883174	0	0.000293776	0.122122	0	0	0	0.0772621	
0.998865	0.0088589	0	0.000294679	0.121043	0	0	0	0.07644	
0.998861	0.00888591	0	0.000295577	0.119974	0	0	0	0.0756268	
0.998856	0.00891275	0	0.00029647	0.118914	0	0	0	0.0748225	
0.998852	0.00893943	0	0.000297358	0.117864	0	0	0	0.0740269	
0.998848	0.00896595	0	0.00029824	0.116823	0	0	0	0.07324	
0.998844	0.00899231	0	0.000299117	0.115792	0	0	0	0.0724616	
0.99884	0.00901851	0	0.000299988	0.11477	0	0	0	0.0716918	
0.998835	0.00904455	0	0.000300854	0.113756	0	0	0	0.0709303	
0.998831	0.00907043	0	0.000301715	0.112752	0	0	0	0.0701771	
0.998827	0.00909615	0	0.000302571	0.111757	0	0	0	0.0694321	
0.998823	0.00912172	0	0.000303421	0.110771	0	0	0	0.0686952	
0.998819	0.00914712	0	0.000304266	0.109794	0	0	0	0.0679663	
0.998814	0.00917238	0	0.000305106	0.108825	0	0	0	0.0672453	
0.99881	0.00919747	0	0.000305941	0.107865	0	0	0	0.0665322	
0.998806	0.00922242	0	0.000306771	0.106914	0	0	0	0.0658268	
0.998802	0.00924721	0	0.000307595	0.105971	0	0	0	0.0651291	
0.998798	0.00927184	0	0.000308414	0.105036	0	0	0	0.0644389	
0.998794	0.00929632	0	0.000309229	0.10411	0	0	0	0.0637563	
0.998789	0.00932065	0	0.000310038	0.103192	0	0	0	0.0630811	
0.998785	0.00934483	0	0.000310842	0.102282	0	0	0	0.0624132	
0.998781	0.00936886	0	0.000311642	0.101381	0	0	0	0.0617525	
0.998777	0.00939273	0	0.000312436	0.100487	0	0	0	0.061099	
0.998773	0.00941646	0	0.000313225	0.0996015	0	0	0	0.0604527	
0.998769	0.00944004	0	0.000314009	0.0987238	0	0	0	0.0598133	
0.998764	0.00946347	0	0.000314789	0.0978539	0	0	0	0.0591808	
0.99876	0.00948675	0	0.000315563	0.0969918	0	0	0	0.0585552	
0.998756	0.00950988	0	0.000316332	0.0961374	0	0	0	0.0579364	
0.998752	0.00953287	0	0.000317097	0.0952906	0	0	0	0.0573243	
0.998748	0.00955571	0	0.000317857	0.0944513	0	0	0	0.0567189	
0.998744	0.00957841	0	0.000318612	0.0936195	0	0	0	0.05612	
0.99874	0.00960096	0	0.000319362	0.0927952	0	0	0	0.0555276	
0.998735	0.00962337	0	0.000320107	0.0919782	0	0	0	0.0549416	
0.998731	0.00964564	0	0.000320848	0.0911684	0	0	0	0.0543619	
0.998727	0.00966776	0	0.000321584	0.0903659	0	0	0	0.0537885	
0.998723	0.00968975	0	0.000322315	0.0895705	0	0	0	0.0532214	
0.998719	0.00971159	0	0.000323042	0.0887822	0	0	0	0.0526603	
0.998715	0.00973329	0	0.000323764	0.088001	0	0	0	0.0521054	
0.99871	0.00975485	0	0.000324481	0.0872266	0	0	0	0.0515564	
0.998706	0.00977627	0	0.000325193	0.0864592	0	0	0	0.0510134	
0.998702	0.00979756	0	0.000325901	0.0856986	0	0	0	0.0504762	
0.998698	0.0098187	0	0.000326605	0.0849448	0	0	0	0.0499448	
0.998694	0.00983971	0	0.000327304	0.0841977	0	0	0	0.0494192	
0.99869	0.00986059	0	0.000327998	0.0834572	0	0	0	0.0488993	
0.998686	0.00988132	0	0.000328688	0.0827233	0	0	0	0.048385	
0.998682	0.00990193	0	0.000329373	0.081996	0	0	0	0.0478762	
0.998677	0.0099224	0	0.000330054	0.0812751	0	0	0	0.047373	
0.998673	0.00994273	0	0.00033073	0.0805606	0	0	0	0.0468751	
0.998669	0.00996293	0	0.000331402	0.0798525	0	0	0	0.0463827	
0.998665	0.009983	0	0.00033207	0.0791507	0	0	0	0.0458955	
0.998661	0.0100029	0	0.000332733	0.0784551	0	0	0	0.0454136	
0.998657	0.0100227	0	0.000333392	0.0777657	0	0	0	0.044937	
0.998653	0.0100424	0	0.000334046	0.0770825	0	0	0	0.0444654	
0.998649	0.010062	0	0.000334696	0.0764053	0	0	0	0.0439989	
0.998644	0.0100814	0	0.000335342	0.0757341	0	0	0	0.0435375	
0.99864	0.0101007	0	0.000335984	0.0750689	0	0	0	0.043081	
0.998636	0.0101198	0	0.000336621	0.0744096	0	0	0	0.0426295	
0.998632	0.0101389	0	0.000337255	0.0737561	0	0	0	0.0421828	
0.998628	0.0101578	0	0.000337884	0.0731085	0	0	0	0.0417409	
0.998624	0.0101766	0	0.000338508	0.0724666	0	0	0	0.0413038	
0.99862	0.0101952	0	0.000339129	0.0718304	0	0	0	0.0408714	
0.998616	0.0102138	0	0.000339746	0.0711998	0	0	0	0.0404436	
0.998611	0.0102322	0	0.000340358	0.0705749	0	0	0	0.0400205	
0.998607	0.0102505	0	0.000340966	0.0699555	0	0	0	0.0396019	
0.998603	0.0102686	0	0.000341571	0.0693416	0	0	0	0.0391878	
0.998599	0.0102867	0	0.000342171	0.0687331	0	0	0	0.0387782	
0.998595	0.0103046	0	0.000342767	0.06813	0	0	0	0.0383729	
0.998591	0.0103224	0	0.000343359	0.0675323	0	0	0	0.037972	
0.998587	0.0103401	0	0.000343948	0.0669399	0	0	0	0.0375755	
0.998583	0.0103577	0	0.000344532	0.0663528	0	0	0	0.0371831	
0.998579	0.0103751	0	0.000345112	0.0657708	0	0	0	0.036795	
0.998574	0.0103924	0	0.000345689	0.065194	0	0	0	0.0364111	
0.99857	0.0104097	0	0.000346261	0.0646223	0	0	0	0.0360313	
0.998566	0.0104267	0	0.00034683	0.0640557	0	0	0	0.0356556	
0.998562	0.0104437	0	0.000347395	0.0634942	0	0	0	0.0352839	
0.998558	0.0104606	0	0.000347956	0.0629376	0	0	0	0.0349162	
0.998554	0.0104773	0	0.000348513	0.0623859	0	0	0	0.0345524	
0.99855	0.010494	0	0.000349066	0.0618391	0	0	0	0.0341925	
0.998546	0.0105105	0	0.000349616	0.0612972	0	0	0	0.0338365	
0.998542	0.0105269	0	0.000350162	0.06076	0	0	0	0.0334843	
0.998538	0.0105432	0	0.000350704	0.0602276	0	0	0	0.0331359	
0.998533	0.0105594	0	0.000351243	0.0597	0	0	0	0.0327913	
0.998529	0.0105755	0	0.000351778	0.059177	0	0	0	0.0324503	
0.998525	0.0105915	0	0.000352309	0.0586586	0	0	0	0.0321129	
0.998521	0.0106073	0	0.000352836	0.0581449	0	0	0	0.0317792	
0.998517	0.0106231	0	0.00035336	0.0576356	0	0	0	0.0314491	
0.998513	0.0106387	0	0.000353881	0.0571309	0	0	0	0.0311224	
0.998509	0.0106543	0	0.000354397	0.0566307	0	0	0	0.0307993	
0.998505	0.0106697	0	0.000354911	0.0561348	0	0	0	0.0304797	
0.998501	0.010685	0	0.00035542	0.0556434	0	0	0	0.0301634	
0.998497	0.0107002	0	0.000355927	0.0551563	0	0	0	0.0298506	
0.998492	0.0107153	0	0.000356429	0.0546736	0	0	0	0.029541	
0.998488	0.0107304	0	0.000356929	0.0541951	0	0	0	0.0292348	
0.998484	0.0107453	0	0.000357424	0.0537208	0	0	0	0.0289319	
0.99848	0.0107601	0	0.000357917	0.0532507	0	0	0	0.0286322	
0.998476	0.0107748	0	0.000358406	0.0527848	0	0	0	0.0283357	
0.998472	0.0107894	0	0.000358891	0.052323	0	0	0	0.0280424	
0.998468	0.0108039	0	0.000359374	0.0518653	0	0	0	0.0277522	
0.998464	0.0108183	0	0.000359853	0.0514116	0	0	0	0.0274651	
0.99846	0.0108326	0	0.000360328	0.0509619	0	0	0	0.0271811	
0.998456	0.0108468	0	0.0003608	0.0505162	0	0	0	0.0269001	
0.998452	0.0108609	0	0.000361269	0.0500745	0	0	0	0.0266221	
0.998448	0.0108749	0	0.000361735	0.0496366	0	0	0	0.026347	
0.998443	0.0108888	0	0.000362198	0.0492027	0	0	0	0.0260749	
0.998439	0.0109026	0	0.000362657	0.0487725	0	0	0	0.0258057	
0.998435	0.0109163	0	0.000363113	0.0483462	0	0	0	0.0255394	
0.998431	0.0109299	0	0.000363566	0.0479236	0	0	0	0.0252759	
0.998427	0.0109434	0	0.000364015	0.0475047	0	0	0	0.0250152	
0.998423	0.0109568	0	0.000364462	0.0470896	0	0	0	0.0247573	
0.998419	0.0109702	0	0.000364905	0.0466781	0	0	0	0.0245021	
0.998415	0.0109834	0	0.000365346	0.0462703	0	0	0	0.0242496	
0.998411	0.0109965	0	0.000365783	0.045866	0	0	0	0.0239999	
0.998407	0.0110096	0	0.000366217	0.0454653	0	0	0	0.0237528	
0.998403	0.0110226	0	0.000366648	0.0450682	0	0	0	0.0235083	
0.998399	0.0110354	0	0.000367076	0.0446745	0	0	0	0.0232664	
0.998395	0.0110482	0	0.000367501	0.0442844	0	0	0	0.0230271	
0.99839	0.0110609	0	0.000367923	0.0438976	0	0	0	0.0227903	
0.998386	0.0110735	0	0.000368342	0.0435143	0	0	0	0.0225561	
0.998382	0.011086	0	0.000368759	0.0431344	0	0	0	0.0223244	
0.998378	0.0110984	0	0.000369172	0.0427578	0	0	0	0.0220951	
0.998374	0.0111108	0	0.000369582	0.0423846	0	0	0	0.0218682	
0.99837	0.011123	0	0.000369989	0.0420146	0	0	0	0.0216438	
0.998366	0.0111352	0	0.000370394	0.0416479	0	0	0	0.0214217	
0.998362	0.0111472	0	0.000370795	0.0412844	0	0	0	0.021202	
0.998358	0.0111592	0	0.000371194	0.0409241	0	0	0	0.0209846	
0.998354	0.0111711	0	0.00037159	0.040567	0	0	0	0.0207695	
0.99835	0.011183	0	0.000371983	0.0402131	0	0	0	0.0205568	
0.998346	0.0111947	0	0.000372374	0.0398623	0	0	0	0.0203462	
0.998342	0.0112063	0	0.000372761	0.0395145	0	0	0	0.0201379	
0.998338	0.0112179	0	0.000373146	0.0391699	0	0	0	0.0199318	
0.998334	0.0112294	0	0.000373528	0.0388282	0	0	0	0.0197279	
0.998329	0.0112408	0	0.000373907	0.0384896	0	0	0	0.0195262	
0.998325	0.0112521	0	0.000374284	0.0381539	0	0	0	0.0193266	
0.998321	0.0112634	0	0.000374658	0.0378213	0	0	0	0.0191291	
0.998317	0.0112745	0	0.000375029	0.0374915	0	0	0	0.0189337	
0.998313	0.0112856	0	0.000375398	0.0371646	0	0	0	0.0187403	
0.998309	0.0112966	0	0.000375764	0.0368407	0	0	0	0.018549	
0.998305	0.0113075	0	0.000376127	0.0365195	0	0	0	0.0183598	
0.998301	0.0113184	0	0.000376488	0.0362012	0	0	0	0.0181725	
0.998297	0.0113292	0	0.000376846	0.0358857	0	0	0	0.0179872	
0.998293	0.0113398	0	0.000377202	0.035573	0	0	0	0.0178039	
0.998289	0.0113505	0	0.000377555	0.0352631	0	0	0	0.0176225	
0.998285	0.011361	0	0.000377905	0.0349558	0	0	0	0.017443	
0.998281	0.0113715	0	0.000378253	0.0346513	0	0	0	0.0172655	
0.998277	0.0113818	0	0.000378599	0.0343494	0	0	0	0.0170898	
0.998273	0.0113922	0	0.000378942	0.0340502	0	0	0	0.0169159	
0.998269	0.0114024	0	0.000379282	0.0337536	0	0	0	0.0167439	
0.998265	0.0114126	0	0.000379621	0.0334597	0	0	0	0.0165737	
0.99826	0.0114226	0	0.000379956	0.0331683	0	0	0	0.0164053	
0.998256	0.0114327	0	0.000380289	0.0328795	0	0	0	0.0162387	
0.998252	0.0114426	0	0.00038062	0.0325932	0	0	0	0.0160738	
0.998248	0.0114525	0	0.000380949	0.0323094	0	0	0	0.0159107	
0.998244	0.0114623	0	0.000381275	0.0320282	0	0	0	0.0157493	
0.99824	0.011472	0	0.000381598	0.0317494	0	0	0	0.0155896	
0.998236	0.0114817	0	0.00038192	0.031473	0	0	0	0.0154316	
0.998232	0.0114913	0	0.000382239	0.0311991	0	0	0	0.0152752	
0.998228	0.0115008	0	0.000382556	0.0309276	0	0	0	0.0151205	
0.998224	0.0115102	0	0.00038287	0.0306585	0	0	0	0.0149675	
0.99822	0.0115196	0	0.000383182	0.0303917	0	0	0	0.014816	
0.998216	0.0115289	0	0.000383492	0.0301273	0	0	0	0.0146661	
0.998212	0.0115382	0	0.0003838	0.0298652	0	0	0	0.0145178	
0.998208	0.0115474	0	0.000384105	0.0296054	0	0	0	0.0143711	
0.998204	0.0115565	0	0.000384408	0.0293479	0	0	0	0.0142259	
0.9982	0.0115655	0	0.000384709	0.0290927	0	0	0	0.0140822	
0.998196	0.0115745	0	0.000385008	0.0288397	0	0	0	0.0139401	
0.998192	0.0115834	0	0.000385305	0.0285889	0	0	0	0.0137994	
0.998188	0.0115923	0	0.000385599	0.0283403	0	0	0	0.0136602	
0.998184	0.0116011	0	0.000385891	0.0280939	0	0	0	0.0135225	
0.998179	0.0116098	0	0.000386181	0.0278497	0	0	0	0.0133862	
0.998175	0.0116185	0	0.000386469	0.0276076	0	0	0	0.0132514	
0.998171	0.0116271	0	0.000386755	0.0273676	0	0	0	0.0131179	
0.998167	0.0116356	0	0.000387039	0.0271297	0	0	0	0.0129859	
0.998163	0.0116441	0	0.000387321	0.0268939	0	0	0	0.0128553	
0.998159	0.0116525	0	0.000387601	0.0266602	0	0	0	0.012726	
0.998155	0.0116608	0	0.000387878	0.0264286	0	0	0	0.0125981	
0.998151	0.0116691	0	0.000388154	0.0261989	0	0	0	0.0124715	
0.998147	0.0116773	0	0.000388428	0.0259713	0	0	0	0.0123462	
0.998143	0.0116855	0	0.000388699	0.0257457	0	0	0	0.0122223	
0.998139	0.0116936	0	0.000388969	0.0255221	0	0	0	0.0120997	
0.998135	0.0117016	0	0.000389236	0.0253004	0	0	0	0.0119783	
0.998131	0.0117096	0	0.000389502	0.0250806	0	0	0	0.0118582	
0.998127	0.0117176	0	0.000389766	0.0248628	0	0	0	0.0117394	
0.998123	0.0117254	0	0.000390028	0.0246469	0	0	0	0.0116218	
0.998119	0.0117332	0	0.000390287	0.0244329	0	0	0	0.0115055	
0.998115	0.011741	0	0.000390545	0.0242208	0	0	0	0.0113903	
0.998111	0.0117487	0	0.000390801	0.0240105	0	0	0	0.0112764	
0.998107	0.0117563	0	0.000391055	0.0238021	0	0	0	0.0111637	
0.998103	0.0117639	0	0.000391308	0.0235955	0	0	0	0.0110521	
0.998099	0.0117714	0	0.000391558	0.0233907	0	0	0	0.0109417	
0.998095	0.0117789	0	0.000391807	0.0231877	0	0	0	0.0108325	
0.998091	0.0117863	0	0.000392053	0.0229864	0	0	0	0.0107244	
0.998086	0.0117937	0	0.000392298	0.022787	0	0	0	0.0106174	
0.998082	0.011801	0	0.000392541	0.0225893	0	0	0	0.0105115	
0.998078	0.0118083	0	0.000392783	0.0223933	0	0	0	0.0104068	
0.998074	0.0118155	0	0.000393022	0.022199	0	0	0	0.0103031	
0.99807	0.0118226	0	0.00039326	0.0220064	0	0	0	0.0102005	
0.998066	0.0118297	0	0.000393496	0.0218156	0	0	0	0.010099	
0.998062	0.0118367	0	0.00039373	0.0216263	0	0	0	0.00999859	
0.998058	0.0118437	0	0.000393963	0.0214388	0	0	0	0.00989919	
0.998054	0.0118507	0	0.000394194	0.0212529	0	0	0	0.00980082	
0.99805	0.0118576	0	0.000394423	0.0210686	0	0	0	0.00970348	
0.998046	0.0118644	0	0.00039465	0.0208859	0	0	0	0.00960716	
0.998042	0.0118712	0	0.000394876	0.0207048	0	0	0	0.00951183	
0.998038	0.0118779	0	0.0003951	0.0205254	0	0	0	0.0094175	
0.998034	0.0118846	0	0.000395322	0.0203474	0	0	0	0.00932416	
0.99803	0.0118912	0	0.000395543	0.0201711	0	0	0	0.00923178	
0.998026	0.0118978	0	0.000395762	0.0199962	0	0	0	0.00914036	
0.998022	0.0119044	0	0.000395979	0.019823	0	0	0	0.0090499	
0.998018	0.0119108	0	0.000396195	0.0196512	0	0	0	0.00896038	
0.998014	0.0119173	0	0.000396409	0.0194809	0	0	0	0.00887178	
0.99801	0.0119237	0	0.000396622	0.0193121	0	0	0	0.00878411	
0.998006	0.01193	0	0.000396833	0.0191448	0	0	0	0.00869735	
0.998002	0.0119363	0	0.000397042	0.0189789	0	0	0	0.00861149	
0.997998	0.0119426	0	0.00039725	0.0188145	0	0	0	0.00852652	
0.997994	0.0119488	0	0.000397456	0.0186516	0	0	0	0.00844243	
0.99799	0.0119549	0	0.000397661	0.01849	0	0	0	0.00835922	
0.997986	0.011961	0	0.000397864	0.0183299	0	0	0	0.00827687	
0.997982	0.0119671	0	0.000398066	0.0181712	0	0	0	0.00819538	
0.997978	0.0119731	0	0.000398266	0.0180139	0	0	0	0.00811473	
0.997973	0.0119791	0	0.000398465	0.0178579	0	0	0	0.00803491	
0.997969	0.011985	0	0.000398662	0.0177033	0	0	0	0.00795593	
0.997965	0.0119909	0	0.000398858	0.01755	0	0	0	0.00787776	
0.997961	0.0119968	0	0.000399053	0.0173981	0	0	0	0.0078004	
0.997957	0.0120026	0	0.000399245	0.0172475	0	0	0	0.00772385	
0.997953	0.0120083	0	0.000399437	0.0170983	0	0	0	0.00764808	
0.997949	0.012014	0	0.000399627	0.0169503	0	0	0	0.00757311	
0.997945	0.0120197	0	0.000399815	0.0168036	0	0	0	0.0074989	
0.997941	0.0120253	0	0.000400003	0.0166582	0	0	0	0.00742547	
0.997937	0.0120309	0	0.000400188	0.0165141	0	0	0	0.0073528	
0.997933	0.0120364	0	0.000400373	0.0163712	0	0	0	0.00728087	
0.997929	0.0120419	0	0.000400556	0.0162296	0	0	0	0.0072097	
0.997925	0.0120474	0	0.000400737	0.0160892	0	0	0	0.00713925	
0.997921	0.0120528	0	0.000400917	0.01595	0	0	0	0.00706954	
0.997917	0.0120582	0	0.000401096	0.0158121	0	0	0	0.00700054	
0.997913	0.0120635	0	0.000401274	0.0156754	0	0	0	0.00693226	
0.997909	0.0120688	0	0.00040145	0.0155398	0	0	0	0.00686469	
0.997905	0.0120741	0	0.000401625	0.0154054	0	0	0	0.00679781	
0.997901	0.0120793	0	0.000401798	0.0152722	0	0	0	0.00673162	
0.997897	0.0120845	0	0.000401971	0.0151402	0	0	0	0.00666612	
0.997893	0.0120896	0	0.000402142	0.0150093	0	0	0	0.00660129	
0.997889	0.0120947	0	0.000402311	0.0148796	0	0	0	0.00653713	
0.997885	0.0120998	0	0.00040248	0.014751	0	0	0	0.00647363	
0.997881	0.0121048	0	0.000402647	0.0146235	0	0	0	0.00641079	
0.997877	0.0121098	0	0.000402812	0.0144971	0	0	0	0.00634859	
0.997873	0.0121147	0	0.000402977	0.0143718	0	0	0	0.00628704	
0.997869	0.0121197	0	0.00040314	0.0142477	0	0	0	0.00622611	
0.997865	0.0121245	0	0.000403303	0.0141246	0	0	0	0.00616582	
0.997861	0.0121294	0	0.000403463	0.0140025	0	0	0	0.00610615	
0.997857	0.0121342	0	0.000403623	0.0138816	0	0	0	0.00604709	
0.997853	0.0121389	0	0.000403782	0.0137617	0	0	0	0.00598864	
0.997849	0.0121437	0	0.000403939	0.0136428	0	0	0	0.00593079	
0.997845	0.0121484	0	0.000404095	0.013525	0	0	0	0.00587354	
0.997841	0.012153	0	0.00040425	0.0134082	0	0	0	0.00581688	
0.997837	0.0121576	0	0.000404404	0.0132924	0	0	0	0.00576079	
0.997833	0.0121622	0	0.000404556	0.0131776	0	0	0	0.00570529	
0.997829	0.0121668	0	0.000404708	0.0130638	0	0	0	0.00565035	
0.997824	0.0121713	0	0.000404858	0.012951	0	0	0	0.00559598	
0.99782	0.0121758	0	0.000405007	0.0128392	0	0	0	0.00554217	
0.997816	0.0121802	0	0.000405155	0.0127284	0	0	0	0.00548891	
0.997812	0.0121846	0	0.000405302	0.0126185	0	0	0	0.0054362	
0.997808	0.012189	0	0.000405448	0.0125096	0	0	0	0.00538403	
0.997804	0.0121934	0	0.000405592	0.0124017	0	0	0	0.00533239	
0.9978	0.0121977	0	0.000405736	0.0122947	0	0	0	0.00528128	
0.997796	0.012202	0	0.000405878	0.0121886	0	0	0	0.0052307	
0.997792	0.0122062	0	0.00040602	0.0120834	0	0	0	0.00518064	
0.997788	0.0122104	0	0.00040616	0.0119792	0	0	0	0.00513109	
0.997784	0.0122146	0	0.000406299	0.0118758	0	0	0	0.00508204	
0.99778	0.0122188	0	0.000406437	0.0117734	0	0	0	0.0050335	
0.997776	0.0122229	0	0.000406575	0.0116718	0	0	0	0.00498546	
0.997772	0.012227	0	0.000406711	0.0115712	0	0	0	0.00493791	
0.997768	0.012231	0	0.000406846	0.0114714	0	0	0	0.00489085	
0.997764	0.0122351	0	0.00040698	0.0113724	0	0	0	0.00484426	
0.99776	0.0122391	0	0.000407113	0.0112744	0	0	0	0.00479816	
0.997756	0.012243	0	0.000407245	0.0111772	0	0	0	0.00475252	
0.997752	0.012247	0	0.000407376	0.0110808	0	0	0	0.00470736	
0.997748	0.0122509	0	0.000407506	0.0109853	0	0	0	0.00466265	
0.997744	0.0122548	0	0.000407635	0.0108906	0	0	0	0.0046184	
0.99774	0.0122586	0	0.000407763	0.0107967	0	0	0	0.00457461	
0.997736	0.0122624	0	0.00040789	0.0107037	0	0	0	0.00453126	
0.997732	0.0122662	0	0.000408016	0.0106114	0	0	0	0.00448835	
0.997728	0.01227	0	0.000408141	0.01052	0	0	0	0.00444589	
0.997724	0.0122737	0	0.000408265	0.0104293	0	0	0	0.00440385	
0.99772	0.0122774	0	0.000408388	0.0103395	0	0	0	0.00436225	
0.997716	0.0122811	0	0.000408511	0.0102504	0	0	0	0.00432107	
0.997712	0.0122848	0	0.000408632	0.0101621	0	0	0	0.00428031	
0.997708	0.0122884	0	0.000408752	0.0100745	0	0	0	0.00423996	
0.997704	0.012292	0	0.000408872	0.00998776	0	0	0	0.00420003	
0.9977	0.0122955	0	0.00040899	0.00990173	0	0	0	0.00416051	
0.997696	0.0122991	0	0.000409108	0.00981645	0	0	0	0.00412138	
0.997692	0.0123026	0	0.000409225	0.00973192	0	0	0	0.00408266	
0.997688	0.0123061	0	0.000409341	0.00964812	0	0	0	0.00404433	
0.997684	0.0123095	0	0.000409456	0.00956504	0	0	0	0.00400639	
0.99768	0.0123129	0	0.00040957	0.00948269	0	0	0	0.00396884	
0.997676	0.0123164	0	0.000409683	0.00940105	0	0	0	0.00393167	
0.997672	0.0123197	0	0.000409796	0.00932013	0	0	0	0.00389488	
0.997668	0.0123231	0	0.000409907	0.0092399	0	0	0	0.00385846	
0.997664	0.0123264	0	0.000410018	0.00916037	0	0	0	0.00382241	
0.99766	0.0123297	0	0.000410128	0.00908154	0	0	0	0.00378673	
0.997656	0.012333	0	0.000410236	0.00900338	0	0	0	0.00375141	
0.997652	0.0123362	0	0.000410345	0.00892591	0	0	0	0.00371645	
0.997648	0.0123395	0	0.000410452	0.0088491	0	0	0	0.00368185	
0.997644	0.0123427	0	0.000410558	0.00877297	0	0	0	0.0036476	
0.99764	0.0123458	0	0.000410664	0.00869749	0	0	0	0.0036137	
0.997636	0.012349	0	0.000410769	0.00862267	0	0	0	0.00358014	
0.997632	0.0123521	0	0.000410873	0.0085485	0	0	0	0.00354692	
0.997628	0.0123552	0	0.000410976	0.00847498	0	0	0	0.00351404	
0.997624	0.0123583	0	0.000411079	0.00840209	0	0	0	0.00348149	
0.997619	0.0123614	0	0.00041118	0.00832983	0	0	0	0.00344927	
0.997615	0.0123644	0	0.000411281	0.0082582	0	0	0	0.00341738	
0.997611	0.0123674	0	0.000411381	0.00818719	0	0	0	0.00338581	
0.997607	0.0123704	0	0.000411481	0.0081168	0	0	0	0.00335457	
0.997603	0.0123734	0	0.000411579	0.00804702	0	0	0	0.00332364	
0.997599	0.0123763	0	0.000411677	0.00797784	0	0	0	0.00329302	
0.997595	0.0123792	0	0.000411774	0.00790927	0	0	0	0.00326271	
0.997591	0.0123821	0	0.00041187	0.00784128	0	0	0	0.00323271	
0.997587	0.012385	0	0.000411966	0.00777389	0	0	0	0.00320302	
0.997583	0.0123878	0	0.000412061	0.00770708	0	0	0	0.00317362	
0.997579	0.0123907	0	0.000412155	0.00764086	0	0	0	0.00314453	
0.997575	0.0123935	0	0.000412248	0.0075752	0	0	0	0.00311572	
0.997571	0.0123963	0	0.000412341	0.00751012	0	0	0	0.00308721	
0.997567	0.012399	0	0.000412433	0.00744559	0	0	0	0.00305899	
0.997563	0.0124018	0	0.000412524	0.00738163	0	0	0	0.00303105	
0.997559	0.0124045	0	0.000412615	0.00731823	0	0	0	0.0030034	
0.997555	0.0124072	0	0.000412705	0.00725537	0	0	0	0.00297602	
0.997551	0.0124099	0	0.000412794	0.00719305	0	0	0	0.00294892	
0.997547	0.0124125	0	0.000412882	0.00713128	0	0	0	0.0029221	
0.997543	0.0124152	0	0.00041297	0.00707004	0	0	0	0.00289554	
0.997539	0.0124178	0	0.000413057	0.00700934	0	0	0	0.00286926	
0.997535	0.0124204	0	0.000413144	0.00694915	0	0	0	0.00284324	
0.997531	0.012423	0	0.000413229	0.00688949	0	0	0	0.00281748	
0.997527	0.0124255	0	0.000413315	0.00683035	0	0	0	0.00279198	
0.997523	0.0124281	0	0.000413399	0.00677172	0	0	0	0.00276674	
0.997519	0.0124306	0	0.000413483	0.0067136	0	0	0	0.00274176	
0.997515	0.0124331	0	0.000413566	0.00665598	0	0	0	0.00271703	
0.997511	0.0124356	0	0.000413648	0.00659885	0	0	0	0.00269254	
0.997507	0.012438	0	0.00041373	0.00654223	0	0	0	0.00266831	
0.997503	0.0124405	0	0.000413812	0.00648609	0	0	0	0.00264431	
0.997499	0.0124429	0	0.000413892	0.00643044	0	0	0	0.00262056	
0.997495	0.0124453	0	0.000413972	0.00637527	0	0	0	0.00259705	
0.997491	0.0124477	0	0.000414052	0.00632058	0	0	0	0.00257378	
0.997487	0.0124501	0	0.00041413	0.00626637	0	0	0	0.00255074	
0.997483	0.0124524	0	0.000414208	0.00621262	0	0	0	0.00252793	
0.997479	0.0124547	0	0.000414286	0.00615934	0	0	0	0.00250535	
0.997475	0.012457	0	0.000414363	0.00610651	0	0	0	0.002483	
0.997471	0.0124593	0	0.000414439	0.00605415	0	0	0	0.00246088	
0.997467	0.0124616	0	0.000414515	0.00600224	0	0	0	0.00243897	
0.997463	0.0124639	0	0.00041459	0.00595078	0	0	0	0.00241729	
0.997459	0.0124661	0	0.000414665	0.00589976	0	0	0	0.00239583	
0.997455	0.0124683	0	0.000414739	0.00584918	0	0	0	0.00237458	
0.997451	0.0124706	0	0.000414812	0.00579905	0	0	0	0.00235354	
0.997447	0.0124727	0	0.000414885	0.00574934	0	0	0	0.00233272	
0.997443	0.0124749	0	0.000414957	0.00570007	0	0	0	0.00231211	
0.997439	0.0124771	0	0.000415029	0.00565122	0	0	0	0.0022917	
0.997435	0.0124792	0	0.0004151	0.0056028	0	0	0	0.0022715	
0.997431	0.0124813	0	0.000415171	0.00555479	0	0	0	0.0022515	
0.997427	0.0124834	0	0.000415241	0.0055072	0	0	0	0.0022317	
0.997423	0.0124855	0	0.000415311	0.00546002	0	0	0	0.00221211	
0.997419	0.0124876	0	0.00041538	0.00541325	0	0	0	0.0021927	
0.997415	0.0124897	0	0.000415448	0.00536688	0	0	0	0.0021735	
0.997411	0.0124917	0	0.000415516	0.00532091	0	0	0	0.00215448	
0.997407	0.0124937	0	0.000415584	0.00527534	0	0	0	0.00213566	
0.997403	0.0124958	0	0.00041565	0.00523017	0	0	0	0.00211703	
0.997399	0.0124977	0	0.000415717	0.00518538	0	0	0	0.00209858	
0.997395	0.0124997	0	0.000415783	0.00514098	0	0	0	0.00208032	
0.997391	0.0125017	0	0.000415848	0.00509697	0	0	0	0.00206224	
0.997387	0.0125036	0	0.000415913	0.00505334	0	0	0	0.00204434	
0.997383	0.0125056	0	0.000415977	0.00501008	0	0	0	0.00202662	
0.997379	0.0125075	0	0.000416041	0.0049672	0	0	0	0.00200908	
0.997375	0.0125094	0	0.000416104	0.00492468	0	0	0	0.00199172	
0.997371	0.0125113	0	0.000416167	0.00488254	0	0	0	0.00197453	
0.997367	0.0125132	0	0.00041623	0.00484076	0	0	0	0.00195751	
0.997363	0.012515	0	0.000416291	0.00479934	0	0	0	0.00194066	
0.997359	0.0125169	0	0.000416353	0.00475827	0	0	0	0.00192399	
0.997355	0.0125187	0	0.000416414	0.00471757	0	0	0	0.00190748	
0.997351	0.0125205	0	0.000416474	0.00467721	0	0	0	0.00189113	
0.997347	0.0125223	0	0.000416534	0.0046372	0	0	0	0.00187495	
0.997343	0.0125241	0	0.000416594	0.00459754	0	0	0	0.00185893	
0.997339	0.0125259	0	0.000416653	0.00455822	0	0	0	0.00184307	
0.997335	0.0125276	0	0.000416711	0.00451924	0	0	0	0.00182737	
0.997331	0.0125294	0	0.000416769	0.0044806	0	0	0	0.00181183	
0.997327	0.0125311	0	0.000416827	0.00444229	0	0	0	0.00179644	
0.997323	0.0125329	0	0.000416884	0.00440431	0	0	0	0.00178121	
0.997319	0.0125346	0	0.000416941	0.00436666	0	0	0	0.00176613	
0.997315	0.0125363	0	0.000416998	0.00432933	0	0	0	0.0017512	
0.997311	0.0125379	0	0.000417053	0.00429233	0	0	0	0.00173642	
0.997307	0.0125396	0	0.000417109	0.00425565	0	0	0	0.00172179	
0.997303	0.0125413	0	0.000417164	0.00421928	0	0	0	0.0017073	
0.997299	0.0125429	0	0.000417219	0.00418323	0	0	0	0.00169296	
0.997295	0.0125445	0	0.000417273	0.00414748	0	0	0	0.00167876	
0.997291	0.0125461	0	0.000417327	0.00411205	0	0	0	0.00166471	
0.997287	0.0125477	0	0.00041738	0.00407692	0	0	0	0.0016508	
0.997283	0.0125493	0	0.000417433	0.00404209	0	0	0	0.00163702	
0.997279	0.0125509	0	0.000417485	0.00400757	0	0	0	0.00162338	
0.997275	0.0125525	0	0.000417537	0.00397334	0	0	0	0.00160988	
0.99727	0.012554	0	0.000417589	0.00393941	0	0	0	0.00159652	
0.997266	0.0125556	0	0.00041764	0.00390577	0	0	0	0.00158329	
0.997262	0.0125571	0	0.000417691	0.00387242	0	0	0	0.00157019	
0.997258	0.0125586	0	0.000417742	0.00383936	0	0	0	0.00155722	
0.997254	0.0125601	0	0.000417792	0.00380659	0	0	0	0.00154439	
0.99725	0.0125616	0	0.000417842	0.00377409	0	0	0	0.00153168	
0.997246	0.0125631	0	0.000417891	0.00374188	0	0	0	0.0015191	
0.997242	0.0125646	0	0.00041794	0.00370994	0	0	0	0.00150664	
0.997238	0.012566	0	0.000417989	0.00367828	0	0	0	0.00149431	
0.997234	0.0125675	0	0.000418037	0.0036469	0	0	0	0.0014821	
0.99723	0.0125689	0	0.000418085	0.00361578	0	0	0	0.00147002	
0.997226	0.0125704	0	0.000418132	0.00358493	0	0	0	0.00145805	
0.997222	0.0125718	0	0.000418179	0.00355435	0	0	0	0.00144621	
0.997218	0.0125732	0	0.000418226	0.00352403	0	0	0	0.00143449	
0.997214	0.0125746	0	0.000418272	0.00349397	0	0	0	0.00142288	
0.99721	0.012576	0	0.000418318	0.00346418	0	0	0	0.00141139	
0.997206	0.0125773	0	0.000418364	0.00343464	0	0	0	0.00140001	
0.997202	0.0125787	0	0.000418409	0.00340535	0	0	0	0.00138875	
0.997198	0.01258	0	0.000418454	0.00337631	0	0	0	0.0013776	
0.997194	0.0125814	0	0.000418499	0.00334753	0	0	0	0.00136657	
0.99719	0.0125827	0	0.000418543	0.00331899	0	0	0	0.00135564	
0.997186	0.012584	0	0.000418587	0.0032907	0	0	0	0.00134482	
0.997182	0.0125853	0	0.00041863	0.00326266	0	0	0	0.00133412	
0.997178	0.0125866	0	0.000418673	0.00323485	0	0	0	0.00132352	
0.997174	0.0125879	0	0.000418716	0.00320729	0	0	0	0.00131302	
0.99717	0.0125892	0	0.000418759	0.00317996	0	0	0	0.00130264	
0.997166	0.0125905	0	0.000418801	0.00315287	0	0	0	0.00129235	
0.997162	0.0125917	0	0.000418843	0.00312601	0	0	0	0.00128217	
0.997158	0.012593	0	0.000418884	0.00309938	0	0	0	0.00127209	
0.997154	0.0125942	0	0.000418926	0.00307298	0	0	0	0.00126212	
0.99715	0.0125954	0	0.000418967	0.00304681	0	0	0	0.00125224	
0.997146	0.0125967	0	0.000419007	0.00302087	0	0	0	0.00124247	
0.997142	0.0125979	0	0.000419047	0.00299515	0	0	0	0.00123279	
0.997138	0.0125991	0	0.000419087	0.00296965	0	0	0	0.00122321	
0.997134	0.0126003	0	0.000419127	0.00294436	0	0	0	0.00121373	
0.99713	0.0126015	0	0.000419166	0.0029193	0	0	0	0.00120434	
0.997126	0.0126026	0	0.000419205	0.00289445	0	0	0	0.00119505	
0.997122	0.0126038	0	0.000419244	0.00286982	0	0	0	0.00118585	
0.997118	0.0126049	0	0.000419283	0.0028454	0	0	0	0.00117675	
0.997114	0.0126061	0	0.000419321	0.00282119	0	0	0	0.00116774	
0.99711	0.0126072	0	0.000419358	0.00279719	0	0	0	0.00115881	
0.997106	0.0126084	0	0.000419396	0.00277339	0	0	0	0.00114998	
0.997102	0.0126095	0	0.000419433	0.0027498	0	0	0	0.00114124	
0.997098	0.0126106	0	0.00041947	0.00272641	0	0	0	0.00113259	
0.997094	0.0126117	0	0.000419507	0.00270323	0	0	0	0.00112403	
0.99709	0.0126128	0	0.000419543	0.00268024	0	0	0	0.00111555	
0.997086	0.0126139	0	0.000419579	0.00265745	0	0	0	0.00110716	
0.997082	0.012615	0	0.000419615	0.00263486	0	0	0	0.00109886	
0.997078	0.012616	0	0.000419651	0.00261246	0	0	0	0.00109064	
0.997074	0.0126171	0	0.000419686	0.00259025	0	0	0	0.0010825	
0.99707	0.0126181	0	0.000419721	0.00256824	0	0	0	0.00107445	
0.997066	0.0126192	0	0.000419756	0.00254641	0	0	0	0.00106648	
0.997062	0.0126202	0	0.00041979	0.00252478	0	0	0	0.0010586	
0.997058	0.0126212	0	0.000419824	0.00250333	0	0	0	0.00105079	
0.997054	0.0126223	0	0.000419858	0.00248206	0	0	0	0.00104307	
0.99705	0.0126233	0	0.000419892	0.00246098	0	0	0	0.00103542	
0.997046	0.0126243	0	0.000419925	0.00244007	0	0	0	0.00102786	
0.997042	0.0126253	0	0.000419959	0.00241935	0	0	0	0.00102037	
0.997038	0.0126263	0	0.000419992	0.00239881	0	0	0	0.00101296	
0.997034	0.0126272	0	0.000420024	0.00237844	0	0	0	0.00100563	
0.99703	0.0126282	0	0.000420057	0.00235825	0	0	0	0.000998375	
0.997026	0.0126292	0	0.000420089	0.00233823	0	0	0	0.000991197	
0.997022	0.0126301	0	0.000420121	0.00231839	0	0	0	0.000984095	
0.997018	0.0126311	0	0.000420152	0.00229871	0	0	0	0.000977068	
0.997014	0.012632	0	0.000420184	0.00227921	0	0	0	0.000970116	
0.99701	0.012633	0	0.000420215	0.00225987	0	0	0	0.000963238	
0.997006	0.0126339	0	0.000420246	0.0022407	0	0	0	0.000956434	
0.997002	0.0126348	0	0.000420277	0.00222169	0	0	0	0.000949704	
0.996998	0.0126358	0	0.000420307	0.00220285	0	0	0	0.000943046	
0.996994	0.0126367	0	0.000420337	0.00218417	0	0	0	0.000936462	
0.99699	0.0126376	0	0.000420367	0.00216565	0	0	0	0.00092995	
0.996986	0.0126385	0	0.000420397	0.00214729	0	0	0	0.00092351	
0.996982	0.0126393	0	0.000420427	0.00212909	0	0	0	0.000917142	
0.996978	0.0126402	0	0.000420456	0.00211104	0	0	0	0.000910847	
