1	0	0	0	1	0	0	0	1	
0.999993	1.14813e-06	0	3.81859e-08	0.99073	0	0	0	0.98868	
0.999987	4.50508e-06	0	1.50015e-07	0.981637	0	0	0	0.97761	
0.99998	9.97957e-06	0	3.32278e-07	0.972632	0	0	0	0.966668	
0.999973	1.74769e-05	0	5.81822e-07	0.963712	0	0	0	0.955852	
0.999967	2.6909e-05	0	8.95723e-07	0.954878	0	0	0	0.94516	
0.99996	3.81942e-05	0	1.27125e-06	0.946127	0	0	0	0.934591	
0.999954	5.12557e-05	0	1.70587e-06	0.93746	0	0	0	0.924143	
0.999947	6.60219e-05	0	2.19719e-06	0.928874	0	0	0	0.913815	
0.999941	8.24254e-05	0	2.74297e-06	0.920371	0	0	0	0.903605	
0.999934	0.000100402	0	3.34108e-06	0.911947	0	0	0	0.893512	
0.999928	0.000119893	0	3.98954e-06	0.903604	0	0	0	0.883534	
0.999922	0.00014084	0	4.68645e-06	0.895339	0	0	0	0.87367	
0.999916	0.00016319	0	5.43001e-06	0.887152	0	0	0	0.863919	
0.999909	0.000186891	0	6.21851e-06	0.879043	0	0	0	0.854279	
0.999903	0.000211894	0	7.05032e-06	0.87101	0	0	0	0.84475	
0.999897	0.000238153	0	7.92388e-06	0.863053	0	0	0	0.835329	
0.999891	0.000265622	0	8.83771e-06	0.855171	0	0	0	0.826016	
0.999885	0.000294258	0	9.79038e-06	0.847363	0	0	0	0.816808	
0.999879	0.000324022	0	1.07805e-05	0.839628	0	0	0	0.807706	
0.999873	0.000354872	0	1.18068e-05	0.831966	0	0	0	0.798707	
0.999867	0.000386771	0	1.2868e-05	0.824377	0	0	0	0.789811	
0.999861	0.000419683	0	1.39628e-05	0.816858	0	0	0	0.781016	
0.999855	0.000453572	0	1.50902e-05	0.80941	0	0	0	0.772321	
0.999849	0.000488403	0	1.62489e-05	0.802032	0	0	0	0.763725	
0.999843	0.000524146	0	1.74379e-05	0.794723	0	0	0	0.755226	
0.999837	0.000560767	0	1.86562e-05	0.787483	0	0	0	0.746825	
0.999831	0.000598236	0	1.99026e-05	0.78031	0	0	0	0.738518	
0.999825	0.000636523	0	2.11762e-05	0.773204	0	0	0	0.730306	
0.999819	0.000675599	0	2.24762e-05	0.766165	0	0	0	0.722187	
0.999814	0.000715438	0	2.38014e-05	0.759192	0	0	0	0.714161	
0.999808	0.000756011	0	2.51511e-05	0.752284	0	0	0	0.706225	
0.999802	0.000797293	0	2.65243e-05	0.745441	0	0	0	0.69838	
0.999796	0.000839258	0	2.79203e-05	0.738661	0	0	0	0.690623	
0.999791	0.000881881	0	2.93382e-05	0.731945	0	0	0	0.682954	
0.999785	0.00092514	0	3.07772e-05	0.725291	0	0	0	0.675372	
0.999779	0.000969009	0	3.22365e-05	0.7187	0	0	0	0.667876	
0.999774	0.00101347	0	3.37154e-05	0.712169	0	0	0	0.660465	
0.999768	0.00105849	0	3.52132e-05	0.7057	0	0	0	0.653138	
0.999763	0.00110407	0	3.67291e-05	0.699291	0	0	0	0.645894	
0.999757	0.00115016	0	3.82625e-05	0.692942	0	0	0	0.638732	
0.999751	0.00119676	0	3.98127e-05	0.686652	0	0	0	0.63165	
0.999746	0.00124385	0	4.1379e-05	0.68042	0	0	0	0.624649	
0.99974	0.0012914	0	4.29608e-05	0.674246	0	0	0	0.617727	
0.999735	0.0013394	0	4.45575e-05	0.66813	0	0	0	0.610883	
0.999729	0.00138783	0	4.61685e-05	0.66207	0	0	0	0.604117	
0.999724	0.00143667	0	4.77932e-05	0.656067	0	0	0	0.597427	
0.999719	0.00148591	0	4.9431e-05	0.650119	0	0	0	0.590812	
0.999713	0.00153552	0	5.10814e-05	0.644227	0	0	0	0.584272	
0.999708	0.0015855	0	5.27437e-05	0.638389	0	0	0	0.577806	
0.999702	0.00163582	0	5.44176e-05	0.632606	0	0	0	0.571413	
0.999697	0.00168647	0	5.61025e-05	0.626876	0	0	0	0.565092	
0.999692	0.00173744	0	5.77979e-05	0.621199	0	0	0	0.558842	
0.999686	0.0017887	0	5.95033e-05	0.615575	0	0	0	0.552663	
0.999681	0.00184026	0	6.12182e-05	0.610003	0	0	0	0.546554	
0.999676	0.00189208	0	6.29421e-05	0.604482	0	0	0	0.540513	
0.99967	0.00194417	0	6.46747e-05	0.599013	0	0	0	0.53454	
0.999665	0.0019965	0	6.64154e-05	0.593594	0	0	0	0.528635	
0.99966	0.00204906	0	6.81639e-05	0.588225	0	0	0	0.522796	
0.999655	0.00210184	0	6.99196e-05	0.582906	0	0	0	0.517023	
0.999649	0.00215483	0	7.16823e-05	0.577636	0	0	0	0.511315	
0.999644	0.00220802	0	7.34515e-05	0.572415	0	0	0	0.505671	
0.999639	0.00226139	0	7.52268e-05	0.567242	0	0	0	0.500091	
0.999634	0.00231493	0	7.70079e-05	0.562117	0	0	0	0.494573	
0.999629	0.00236864	0	7.87943e-05	0.557039	0	0	0	0.489117	
0.999624	0.00242249	0	8.05858e-05	0.552008	0	0	0	0.483723	
0.999618	0.00247649	0	8.23819e-05	0.547023	0	0	0	0.478389	
0.999613	0.00253062	0	8.41823e-05	0.542085	0	0	0	0.473116	
0.999608	0.00258486	0	8.59868e-05	0.537192	0	0	0	0.467901	
0.999603	0.00263922	0	8.77948e-05	0.532344	0	0	0	0.462746	
0.999598	0.00269367	0	8.96063e-05	0.52754	0	0	0	0.457648	
0.999593	0.00274822	0	9.14207e-05	0.522781	0	0	0	0.452607	
0.999588	0.00280285	0	9.32379e-05	0.518066	0	0	0	0.447623	
0.999583	0.00285755	0	9.50575e-05	0.513394	0	0	0	0.442694	
0.999578	0.00291232	0	9.68793e-05	0.508766	0	0	0	0.437822	
0.999573	0.00296714	0	9.8703e-05	0.504179	0	0	0	0.433003	
0.999568	0.00302202	0	0.000100528	0.499635	0	0	0	0.428239	
0.999563	0.00307693	0	0.000102355	0.495133	0	0	0	0.423528	
0.999558	0.00313187	0	0.000104182	0.490672	0	0	0	0.41887	
0.999553	0.00318684	0	0.000106011	0.486252	0	0	0	0.414264	
0.999548	0.00324183	0	0.00010784	0.481873	0	0	0	0.40971	
0.999543	0.00329682	0	0.000109669	0.477534	0	0	0	0.405207	
0.999538	0.00335182	0	0.000111499	0.473235	0	0	0	0.400754	
0.999533	0.00340682	0	0.000113328	0.468975	0	0	0	0.396351	
0.999528	0.0034618	0	0.000115157	0.464755	0	0	0	0.391998	
0.999523	0.00351677	0	0.000116986	0.460573	0	0	0	0.387693	
0.999518	0.00357171	0	0.000118813	0.456429	0	0	0	0.383436	
0.999513	0.00362662	0	0.00012064	0.452324	0	0	0	0.379227	
0.999508	0.0036815	0	0.000122465	0.448256	0	0	0	0.375065	
0.999503	0.00373634	0	0.000124289	0.444226	0	0	0	0.37095	
0.999499	0.00379113	0	0.000126112	0.440232	0	0	0	0.36688	
0.999494	0.00384586	0	0.000127932	0.436275	0	0	0	0.362856	
0.999489	0.00390054	0	0.000129751	0.432354	0	0	0	0.358877	
0.999484	0.00395516	0	0.000131568	0.428469	0	0	0	0.354943	
0.999479	0.0040097	0	0.000133382	0.42462	0	0	0	0.351052	
0.999474	0.00406417	0	0.000135194	0.420806	0	0	0	0.347205	
0.99947	0.00411856	0	0.000137003	0.417027	0	0	0	0.343401	
0.999465	0.00417287	0	0.00013881	0.413282	0	0	0	0.339639	
0.99946	0.00422709	0	0.000140613	0.409572	0	0	0	0.33592	
0.999455	0.00428122	0	0.000142414	0.405895	0	0	0	0.332242	
0.99945	0.00433525	0	0.000144211	0.402252	0	0	0	0.328604	
0.999446	0.00438918	0	0.000146005	0.398643	0	0	0	0.325008	
0.999441	0.00444301	0	0.000147796	0.395066	0	0	0	0.321451	
0.999436	0.00449672	0	0.000149582	0.391522	0	0	0	0.317935	
0.999431	0.00455032	0	0.000151365	0.388011	0	0	0	0.314457	
0.999427	0.00460381	0	0.000153144	0.384532	0	0	0	0.311018	
0.999422	0.00465717	0	0.000154919	0.381084	0	0	0	0.307618	
0.999417	0.00471041	0	0.00015669	0.377668	0	0	0	0.304255	
0.999413	0.00476352	0	0.000158457	0.374283	0	0	0	0.30093	
0.999408	0.0048165	0	0.000160219	0.370928	0	0	0	0.297642	
0.999403	0.00486934	0	0.000161977	0.367605	0	0	0	0.29439	
0.999398	0.00492205	0	0.00016373	0.364312	0	0	0	0.291175	
0.999394	0.00497462	0	0.000165479	0.361048	0	0	0	0.287995	
0.999389	0.00502704	0	0.000167222	0.357815	0	0	0	0.284851	
0.999384	0.00507931	0	0.000168961	0.354611	0	0	0	0.281742	
0.99938	0.00513144	0	0.000170695	0.351436	0	0	0	0.278667	
0.999375	0.00518341	0	0.000172424	0.34829	0	0	0	0.275627	
0.99937	0.00523523	0	0.000174148	0.345173	0	0	0	0.27262	
0.999366	0.00528689	0	0.000175866	0.342084	0	0	0	0.269647	
0.999361	0.00533839	0	0.000177579	0.339023	0	0	0	0.266707	
0.999357	0.00538973	0	0.000179287	0.33599	0	0	0	0.2638	
0.999352	0.0054409	0	0.000180989	0.332985	0	0	0	0.260925	
0.999347	0.0054919	0	0.000182685	0.330007	0	0	0	0.258081	
0.999343	0.00554274	0	0.000184376	0.327056	0	0	0	0.25527	
0.999338	0.0055934	0	0.000186061	0.324131	0	0	0	0.252489	
0.999334	0.00564389	0	0.000187741	0.321234	0	0	0	0.24974	
0.999329	0.0056942	0	0.000189415	0.318363	0	0	0	0.247021	
0.999324	0.00574434	0	0.000191082	0.315518	0	0	0	0.244332	
0.99932	0.0057943	0	0.000192744	0.312698	0	0	0	0.241673	
0.999315	0.00584407	0	0.0001944	0.309905	0	0	0	0.239043	
0.999311	0.00589366	0	0.000196049	0.307136	0	0	0	0.236443	
0.999306	0.00594307	0	0.000197693	0.304393	0	0	0	0.233871	
0.999302	0.00599229	0	0.00019933	0.301675	0	0	0	0.231328	
0.999297	0.00604133	0	0.000200961	0.298981	0	0	0	0.228813	
0.999293	0.00609017	0	0.000202586	0.296312	0	0	0	0.226326	
0.999288	0.00613883	0	0.000204204	0.293667	0	0	0	0.223867	
0.999283	0.00618729	0	0.000205816	0.291046	0	0	0	0.221435	
0.999279	0.00623556	0	0.000207422	0.288449	0	0	0	0.21903	
0.999274	0.00628363	0	0.000209021	0.285876	0	0	0	0.216651	
0.99927	0.00633151	0	0.000210613	0.283325	0	0	0	0.214299	
0.999265	0.00637919	0	0.0002122	0.280798	0	0	0	0.211972	
0.999261	0.00642668	0	0.000213779	0.278294	0	0	0	0.209672	
0.999256	0.00647396	0	0.000215352	0.275812	0	0	0	0.207397	
0.999252	0.00652105	0	0.000216918	0.273353	0	0	0	0.205147	
0.999247	0.00656793	0	0.000218478	0.270916	0	0	0	0.202922	
0.999243	0.00661461	0	0.00022003	0.268501	0	0	0	0.200722	
0.999238	0.00666109	0	0.000221576	0.266108	0	0	0	0.198545	
0.999234	0.00670737	0	0.000223116	0.263737	0	0	0	0.196393	
0.99923	0.00675344	0	0.000224648	0.261387	0	0	0	0.194265	
0.999225	0.0067993	0	0.000226174	0.259059	0	0	0	0.19216	
0.999221	0.00684497	0	0.000227693	0.256751	0	0	0	0.190079	
0.999216	0.00689042	0	0.000229205	0.254464	0	0	0	0.18802	
0.999212	0.00693567	0	0.00023071	0.252198	0	0	0	0.185985	
0.999207	0.00698071	0	0.000232208	0.249953	0	0	0	0.183971	
0.999203	0.00702554	0	0.000233699	0.247728	0	0	0	0.18198	
0.999198	0.00707016	0	0.000235183	0.245523	0	0	0	0.180011	
0.999194	0.00711457	0	0.000236661	0.243338	0	0	0	0.178064	
0.999189	0.00715878	0	0.000238131	0.241172	0	0	0	0.176138	
0.999185	0.00720277	0	0.000239594	0.239026	0	0	0	0.174233	
0.999181	0.00724655	0	0.000241051	0.2369	0	0	0	0.17235	
0.999176	0.00729013	0	0.0002425	0.234792	0	0	0	0.170487	
0.999172	0.00733349	0	0.000243942	0.232704	0	0	0	0.168645	
0.999167	0.00737664	0	0.000245378	0.230635	0	0	0	0.166823	
0.999163	0.00741958	0	0.000246806	0.228584	0	0	0	0.165021	
0.999159	0.00746231	0	0.000248227	0.226552	0	0	0	0.163239	
0.999154	0.00750482	0	0.000249642	0.224538	0	0	0	0.161476	
0.99915	0.00754713	0	0.000251049	0.222542	0	0	0	0.159733	
0.999145	0.00758922	0	0.000252449	0.220564	0	0	0	0.158009	
0.999141	0.0076311	0	0.000253842	0.218604	0	0	0	0.156304	
0.999137	0.00767277	0	0.000255228	0.216662	0	0	0	0.154618	
0.999132	0.00771422	0	0.000256607	0.214737	0	0	0	0.152951	
0.999128	0.00775547	0	0.000257979	0.21283	0	0	0	0.151301	
0.999124	0.0077965	0	0.000259344	0.21094	0	0	0	0.14967	
0.999119	0.00783732	0	0.000260701	0.209066	0	0	0	0.148057	
0.999115	0.00787792	0	0.000262052	0.20721	0	0	0	0.146462	
0.99911	0.00791832	0	0.000263396	0.205371	0	0	0	0.144884	
0.999106	0.0079585	0	0.000264732	0.203547	0	0	0	0.143323	
0.999102	0.00799847	0	0.000266062	0.201741	0	0	0	0.14178	
0.999097	0.00803823	0	0.000267384	0.19995	0	0	0	0.140254	
0.999093	0.00807778	0	0.0002687	0.198176	0	0	0	0.138744	
0.999089	0.00811712	0	0.000270008	0.196418	0	0	0	0.137251	
0.999084	0.00815624	0	0.00027131	0.194675	0	0	0	0.135774	
0.99908	0.00819516	0	0.000272604	0.192949	0	0	0	0.134314	
0.999076	0.00823386	0	0.000273892	0.191237	0	0	0	0.132869	
0.999071	0.00827236	0	0.000275172	0.189541	0	0	0	0.131441	
0.999067	0.00831064	0	0.000276446	0.187861	0	0	0	0.130028	
0.999063	0.00834872	0	0.000277712	0.186195	0	0	0	0.128631	
0.999058	0.00838658	0	0.000278972	0.184545	0	0	0	0.127248	
0.999054	0.00842424	0	0.000280224	0.182909	0	0	0	0.125882	
0.99905	0.00846169	0	0.00028147	0.181288	0	0	0	0.12453	
0.999045	0.00849893	0	0.000282709	0.179681	0	0	0	0.123193	
0.999041	0.00853596	0	0.00028394	0.178089	0	0	0	0.12187	
0.999037	0.00857279	0	0.000285165	0.176511	0	0	0	0.120562	
0.999033	0.0086094	0	0.000286383	0.174948	0	0	0	0.119268	
0.999028	0.00864581	0	0.000287594	0.173398	0	0	0	0.117989	
0.999024	0.00868202	0	0.000288799	0.171863	0	0	0	0.116724	
0.99902	0.00871802	0	0.000289996	0.170341	0	0	0	0.115472	
0.999015	0.00875381	0	0.000291187	0.168832	0	0	0	0.114234	
0.999011	0.0087894	0	0.000292371	0.167338	0	0	0	0.11301	
0.999007	0.00882479	0	0.000293548	0.165856	0	0	0	0.111799	
0.999003	0.00885997	0	0.000294718	0.164388	0	0	0	0.110601	
0.998998	0.00889495	0	0.000295881	0.162934	0	0	0	0.109416	
0.998994	0.00892972	0	0.000297038	0.161492	0	0	0	0.108245	
0.99899	0.0089643	0	0.000298188	0.160063	0	0	0	0.107086	
0.998985	0.00899867	0	0.000299331	0.158647	0	0	0	0.10594	
0.998981	0.00903284	0	0.000300468	0.157243	0	0	0	0.104806	
0.998977	0.00906681	0	0.000301598	0.155853	0	0	0	0.103685	
0.998973	0.00910058	0	0.000302721	0.154474	0	0	0	0.102576	
0.998968	0.00913416	0	0.000303838	0.153108	0	0	0	0.101479	
0.998964	0.00916753	0	0.000304948	0.151754	0	0	0	0.100394	
0.99896	0.0092007	0	0.000306052	0.150413	0	0	0	0.0993211	
0.998956	0.00923368	0	0.000307149	0.149083	0	0	0	0.0982597	
0.998951	0.00926646	0	0.000308239	0.147765	0	0	0	0.09721	
0.998947	0.00929905	0	0.000309323	0.14646	0	0	0	0.0961716	
0.998943	0.00933144	0	0.0003104	0.145165	0	0	0	0.0951447	
0.998939	0.00936364	0	0.000311471	0.143883	0	0	0	0.0941289	
0.998934	0.00939564	0	0.000312536	0.142611	0	0	0	0.0931242	
0.99893	0.00942745	0	0.000313594	0.141352	0	0	0	0.0921305	
0.998926	0.00945906	0	0.000314646	0.140103	0	0	0	0.0911476	
0.998922	0.00949049	0	0.000315691	0.138866	0	0	0	0.0901754	
0.998917	0.00952172	0	0.00031673	0.137639	0	0	0	0.0892138	
0.998913	0.00955276	0	0.000317762	0.136424	0	0	0	0.0882627	
0.998909	0.00958361	0	0.000318788	0.13522	0	0	0	0.0873219	
0.998905	0.00961428	0	0.000319808	0.134026	0	0	0	0.0863914	
0.9989	0.00964475	0	0.000320822	0.132843	0	0	0	0.0854711	
0.998896	0.00967504	0	0.000321829	0.13167	0	0	0	0.0845607	
0.998892	0.00970514	0	0.000322831	0.130508	0	0	0	0.0836603	
0.998888	0.00973505	0	0.000323826	0.129357	0	0	0	0.0827696	
0.998884	0.00976478	0	0.000324815	0.128215	0	0	0	0.0818887	
0.998879	0.00979432	0	0.000325797	0.127084	0	0	0	0.0810173	
0.998875	0.00982368	0	0.000326774	0.125963	0	0	0	0.0801554	
0.998871	0.00985286	0	0.000327744	0.124852	0	0	0	0.0793029	
0.998867	0.00988185	0	0.000328709	0.123751	0	0	0	0.0784597	
0.998862	0.00991066	0	0.000329667	0.12266	0	0	0	0.0776256	
0.998858	0.00993929	0	0.000330619	0.121578	0	0	0	0.0768006	
0.998854	0.00996774	0	0.000331566	0.120506	0	0	0	0.0759845	
0.99885	0.00999601	0	0.000332506	0.119444	0	0	0	0.0751773	
0.998846	0.0100241	0	0.000333441	0.118391	0	0	0	0.0743789	
0.998841	0.010052	0	0.000334369	0.117347	0	0	0	0.0735892	
0.998837	0.0100798	0	0.000335292	0.116313	0	0	0	0.072808	
0.998833	0.0101073	0	0.000336208	0.115288	0	0	0	0.0720353	
0.998829	0.0101347	0	0.000337119	0.114273	0	0	0	0.071271	
0.998825	0.0101619	0	0.000338025	0.113266	0	0	0	0.070515	
0.99882	0.010189	0	0.000338924	0.112268	0	0	0	0.0697672	
0.998816	0.0102158	0	0.000339817	0.111279	0	0	0	0.0690275	
0.998812	0.0102425	0	0.000340705	0.110299	0	0	0	0.0682958	
0.998808	0.010269	0	0.000341587	0.109328	0	0	0	0.0675721	
0.998804	0.0102954	0	0.000342464	0.108365	0	0	0	0.0668562	
0.998799	0.0103216	0	0.000343335	0.107411	0	0	0	0.0661481	
0.998795	0.0103476	0	0.0003442	0.106465	0	0	0	0.0654476	
0.998791	0.0103734	0	0.000345059	0.105528	0	0	0	0.0647548	
0.998787	0.0103991	0	0.000345913	0.104599	0	0	0	0.0640694	
0.998783	0.0104246	0	0.000346762	0.103679	0	0	0	0.0633915	
0.998779	0.0104499	0	0.000347605	0.102766	0	0	0	0.0627209	
0.998774	0.0104751	0	0.000348442	0.101862	0	0	0	0.0620575	
0.99877	0.0105001	0	0.000349274	0.100966	0	0	0	0.0614014	
0.998766	0.010525	0	0.000350101	0.100077	0	0	0	0.0607523	
0.998762	0.0105497	0	0.000350922	0.0991971	0	0	0	0.0601103	
0.998758	0.0105742	0	0.000351738	0.0983246	0	0	0	0.0594752	
0.998753	0.0105985	0	0.000352548	0.0974598	0	0	0	0.0588469	
0.998749	0.0106227	0	0.000353353	0.0966028	0	0	0	0.0582255	
0.998745	0.0106468	0	0.000354153	0.0957533	0	0	0	0.0576108	
0.998741	0.0106707	0	0.000354947	0.0949115	0	0	0	0.0570027	
0.998737	0.0106944	0	0.000355736	0.0940771	0	0	0	0.0564013	
0.998733	0.010718	0	0.00035652	0.0932501	0	0	0	0.0558063	
0.998728	0.0107414	0	0.000357299	0.0924304	0	0	0	0.0552177	
0.998724	0.0107646	0	0.000358073	0.0916181	0	0	0	0.0546355	
0.99872	0.0107877	0	0.000358841	0.0908129	0	0	0	0.0540596	
0.998716	0.0108107	0	0.000359605	0.090015	0	0	0	0.0534898	
0.998712	0.0108335	0	0.000360363	0.0892241	0	0	0	0.0529263	
0.998708	0.0108561	0	0.000361116	0.0884402	0	0	0	0.0523688	
0.998704	0.0108786	0	0.000361864	0.0876633	0	0	0	0.0518174	
0.998699	0.010901	0	0.000362608	0.0868933	0	0	0	0.0512718	
0.998695	0.0109232	0	0.000363346	0.0861301	0	0	0	0.0507322	
0.998691	0.0109452	0	0.000364079	0.0853737	0	0	0	0.0501984	
0.998687	0.0109671	0	0.000364807	0.0846241	0	0	0	0.0496704	
0.998683	0.0109889	0	0.000365531	0.0838811	0	0	0	0.049148	
0.998679	0.0110105	0	0.000366249	0.0831446	0	0	0	0.0486313	
0.998674	0.0110319	0	0.000366963	0.0824147	0	0	0	0.0481201	
0.99867	0.0110532	0	0.000367672	0.0816913	0	0	0	0.0476144	
0.998666	0.0110744	0	0.000368376	0.0809743	0	0	0	0.0471142	
0.998662	0.0110954	0	0.000369075	0.0802637	0	0	0	0.0466194	
0.998658	0.0111163	0	0.00036977	0.0795593	0	0	0	0.0461299	
0.998654	0.011137	0	0.00037046	0.0788613	0	0	0	0.0456457	
0.99865	0.0111576	0	0.000371145	0.0781694	0	0	0	0.0451666	
0.998646	0.0111781	0	0.000371825	0.0774836	0	0	0	0.0446928	
0.998641	0.0111984	0	0.000372501	0.0768039	0	0	0	0.044224	
0.998637	0.0112186	0	0.000373172	0.0761303	0	0	0	0.0437603	
0.998633	0.0112386	0	0.000373839	0.0754626	0	0	0	0.0433016	
0.998629	0.0112585	0	0.000374501	0.0748008	0	0	0	0.0428477	
0.998625	0.0112783	0	0.000375159	0.0741449	0	0	0	0.0423988	
0.998621	0.0112979	0	0.000375812	0.0734948	0	0	0	0.0419547	
0.998617	0.0113174	0	0.00037646	0.0728505	0	0	0	0.0415154	
0.998612	0.0113368	0	0.000377105	0.0722119	0	0	0	0.0410808	
0.998608	0.011356	0	0.000377744	0.0715789	0	0	0	0.0406508	
0.998604	0.0113751	0	0.00037838	0.0709515	0	0	0	0.0402255	
0.9986	0.0113941	0	0.000379011	0.0703297	0	0	0	0.0398047	
0.998596	0.0114129	0	0.000379637	0.0697134	0	0	0	0.0393885	
0.998592	0.0114316	0	0.000380259	0.0691026	0	0	0	0.0389767	
0.998588	0.0114502	0	0.000380877	0.0684971	0	0	0	0.0385693	
0.998584	0.0114687	0	0.000381491	0.0678971	0	0	0	0.0381663	
0.998579	0.011487	0	0.0003821	0.0673023	0	0	0	0.0377677	
0.998575	0.0115052	0	0.000382706	0.0667128	0	0	0	0.0373733	
0.998571	0.0115233	0	0.000383307	0.0661285	0	0	0	0.0369831	
0.998567	0.0115412	0	0.000383903	0.0655494	0	0	0	0.0365971	
0.998563	0.011559	0	0.000384496	0.0649754	0	0	0	0.0362153	
0.998559	0.0115767	0	0.000385085	0.0644065	0	0	0	0.0358375	
0.998555	0.0115943	0	0.000385669	0.0638426	0	0	0	0.0354638	
0.998551	0.0116117	0	0.000386249	0.0632837	0	0	0	0.0350941	
0.998546	0.0116291	0	0.000386826	0.0627297	0	0	0	0.0347283	
0.998542	0.0116463	0	0.000387398	0.0621807	0	0	0	0.0343665	
0.998538	0.0116633	0	0.000387966	0.0616365	0	0	0	0.0340085	
0.998534	0.0116803	0	0.00038853	0.0610971	0	0	0	0.0336544	
0.99853	0.0116972	0	0.000389091	0.0605625	0	0	0	0.0333041	
0.998526	0.0117139	0	0.000389647	0.0600326	0	0	0	0.0329575	
0.998522	0.0117305	0	0.0003902	0.0595074	0	0	0	0.0326146	
0.998518	0.011747	0	0.000390748	0.0589868	0	0	0	0.0322753	
0.998514	0.0117634	0	0.000391293	0.0584708	0	0	0	0.0319397	
0.998509	0.0117796	0	0.000391834	0.0579594	0	0	0	0.0316077	
0.998505	0.0117958	0	0.000392371	0.0574525	0	0	0	0.0312793	
0.998501	0.0118118	0	0.000392904	0.0569501	0	0	0	0.0309543	
0.998497	0.0118277	0	0.000393434	0.0564521	0	0	0	0.0306328	
0.998493	0.0118435	0	0.00039396	0.0559585	0	0	0	0.0303148	
0.998489	0.0118592	0	0.000394482	0.0554693	0	0	0	0.0300001	
0.998485	0.0118748	0	0.000395	0.0549843	0	0	0	0.0296888	
0.998481	0.0118903	0	0.000395515	0.0545037	0	0	0	0.0293808	
0.998477	0.0119057	0	0.000396026	0.0540273	0	0	0	0.0290762	
0.998473	0.0119209	0	0.000396534	0.0535551	0	0	0	0.0287747	
0.998468	0.0119361	0	0.000397037	0.0530871	0	0	0	0.0284765	
0.998464	0.0119511	0	0.000397538	0.0526232	0	0	0	0.0281815	
0.99846	0.011966	0	0.000398034	0.0521634	0	0	0	0.0278896	
0.998456	0.0119809	0	0.000398528	0.0517077	0	0	0	0.0276008	
0.998452	0.0119956	0	0.000399017	0.051256	0	0	0	0.0273151	
0.998448	0.0120102	0	0.000399503	0.0508083	0	0	0	0.0270324	
0.998444	0.0120247	0	0.000399986	0.0503645	0	0	0	0.0267527	
0.99844	0.0120391	0	0.000400465	0.0499246	0	0	0	0.0264761	
0.998436	0.0120534	0	0.000400941	0.0494886	0	0	0	0.0262023	
0.998432	0.0120676	0	0.000401414	0.0490565	0	0	0	0.0259315	
0.998427	0.0120817	0	0.000401883	0.0486281	0	0	0	0.0256636	
0.998423	0.0120957	0	0.000402348	0.0482036	0	0	0	0.0253985	
0.998419	0.0121096	0	0.000402811	0.0477827	0	0	0	0.0251362	
0.998415	0.0121234	0	0.00040327	0.0473656	0	0	0	0.0248768	
0.998411	0.0121371	0	0.000403726	0.0469522	0	0	0	0.02462	
0.998407	0.0121507	0	0.000404178	0.0465424	0	0	0	0.0243661	
0.998403	0.0121642	0	0.000404627	0.0461362	0	0	0	0.0241148	
0.998399	0.0121776	0	0.000405073	0.0457336	0	0	0	0.0238662	
0.998395	0.012191	0	0.000405516	0.0453346	0	0	0	0.0236202	
0.998391	0.0122042	0	0.000405956	0.044939	0	0	0	0.0233768	
0.998387	0.0122173	0	0.000406392	0.044547	0	0	0	0.0231361	
0.998382	0.0122303	0	0.000406825	0.0441584	0	0	0	0.0228978	
0.998378	0.0122432	0	0.000407255	0.0437732	0	0	0	0.0226621	
0.998374	0.0122561	0	0.000407682	0.0433914	0	0	0	0.022429	
0.99837	0.0122688	0	0.000408106	0.043013	0	0	0	0.0221982	
0.998366	0.0122815	0	0.000408527	0.0426379	0	0	0	0.02197	
0.998362	0.012294	0	0.000408945	0.0422661	0	0	0	0.0217441	
0.998358	0.0123065	0	0.00040936	0.0418975	0	0	0	0.0215207	
0.998354	0.0123189	0	0.000409772	0.0415322	0	0	0	0.0212996	
0.99835	0.0123312	0	0.000410181	0.0411702	0	0	0	0.0210809	
0.998346	0.0123434	0	0.000410586	0.0408113	0	0	0	0.0208645	
0.998342	0.0123555	0	0.000410989	0.0404556	0	0	0	0.0206503	
0.998337	0.0123675	0	0.000411389	0.040103	0	0	0	0.0204385	
0.998333	0.0123795	0	0.000411786	0.0397535	0	0	0	0.0202289	
0.998329	0.0123913	0	0.000412181	0.0394071	0	0	0	0.0200215	
0.998325	0.0124031	0	0.000412572	0.0390637	0	0	0	0.0198163	
0.998321	0.0124148	0	0.00041296	0.0387233	0	0	0	0.0196132	
0.998317	0.0124263	0	0.000413346	0.038386	0	0	0	0.0194124	
0.998313	0.0124379	0	0.000413729	0.0380516	0	0	0	0.0192136	
0.998309	0.0124493	0	0.000414109	0.0377201	0	0	0	0.019017	
0.998305	0.0124606	0	0.000414486	0.0373916	0	0	0	0.0188224	
0.998301	0.0124719	0	0.000414861	0.0370659	0	0	0	0.0186299	
0.998297	0.0124831	0	0.000415232	0.0367431	0	0	0	0.0184394	
0.998293	0.0124942	0	0.000415601	0.0364232	0	0	0	0.0182509	
0.998289	0.0125052	0	0.000415968	0.036106	0	0	0	0.0180645	
0.998284	0.0125161	0	0.000416331	0.0357917	0	0	0	0.01788	
0.99828	0.012527	0	0.000416692	0.0354801	0	0	0	0.0176974	
0.998276	0.0125377	0	0.000417051	0.0351712	0	0	0	0.0175168	
0.998272	0.0125484	0	0.000417406	0.0348651	0	0	0	0.0173381	
0.998268	0.012559	0	0.00041776	0.0345616	0	0	0	0.0171612	
0.998264	0.0125696	0	0.00041811	0.0342608	0	0	0	0.0169863	
0.99826	0.01258	0	0.000418458	0.0339627	0	0	0	0.0168132	
0.998256	0.0125904	0	0.000418803	0.0336671	0	0	0	0.0166419	
0.998252	0.0126007	0	0.000419146	0.0333742	0	0	0	0.0164724	
0.998248	0.012611	0	0.000419487	0.0330838	0	0	0	0.0163047	
0.998244	0.0126211	0	0.000419824	0.032796	0	0	0	0.0161387	
0.99824	0.0126312	0	0.00042016	0.0325107	0	0	0	0.0159746	
0.998236	0.0126412	0	0.000420493	0.0322279	0	0	0	0.0158121	
0.998232	0.0126511	0	0.000420823	0.0319476	0	0	0	0.0156514	
0.998227	0.012661	0	0.000421151	0.0316698	0	0	0	0.0154923	
0.998223	0.0126708	0	0.000421477	0.0313944	0	0	0	0.0153349	
0.998219	0.0126805	0	0.0004218	0.0311214	0	0	0	0.0151792	
0.998215	0.0126901	0	0.00042212	0.0308508	0	0	0	0.0150251	
0.998211	0.0126997	0	0.000422439	0.0305826	0	0	0	0.0148727	
0.998207	0.0127092	0	0.000422755	0.0303167	0	0	0	0.0147218	
0.998203	0.0127186	0	0.000423069	0.0300532	0	0	0	0.0145726	
0.998199	0.012728	0	0.00042338	0.0297919	0	0	0	0.0144249	
0.998195	0.0127373	0	0.000423689	0.029533	0	0	0	0.0142787	
0.998191	0.0127465	0	0.000423996	0.0292763	0	0	0	0.0141341	
0.998187	0.0127557	0	0.0004243	0.0290219	0	0	0	0.013991	
0.998183	0.0127648	0	0.000424603	0.0287697	0	0	0	0.0138494	
0.998179	0.0127738	0	0.000424903	0.0285198	0	0	0	0.0137093	
0.998175	0.0127827	0	0.0004252	0.028272	0	0	0	0.0135707	
0.998171	0.0127916	0	0.000425496	0.0280264	0	0	0	0.0134336	
0.998166	0.0128004	0	0.000425789	0.0277829	0	0	0	0.0132978	
0.998162	0.0128092	0	0.00042608	0.0275416	0	0	0	0.0131635	
0.998158	0.0128179	0	0.000426369	0.0273024	0	0	0	0.0130306	
0.998154	0.0128265	0	0.000426656	0.0270652	0	0	0	0.0128991	
0.99815	0.0128351	0	0.000426941	0.0268302	0	0	0	0.012769	
0.998146	0.0128436	0	0.000427224	0.0265972	0	0	0	0.0126402	
0.998142	0.012852	0	0.000427504	0.0263663	0	0	0	0.0125128	
0.998138	0.0128604	0	0.000427783	0.0261374	0	0	0	0.0123868	
0.998134	0.0128687	0	0.000428059	0.0259105	0	0	0	0.012262	
0.99813	0.0128769	0	0.000428333	0.0256855	0	0	0	0.0121386	
0.998126	0.0128851	0	0.000428605	0.0254626	0	0	0	0.0120164	
0.998122	0.0128932	0	0.000428876	0.0252416	0	0	0	0.0118956	
0.998118	0.0129013	0	0.000429144	0.0250225	0	0	0	0.0117759	
0.998114	0.0129093	0	0.00042941	0.0248054	0	0	0	0.0116576	
0.99811	0.0129172	0	0.000429674	0.0245901	0	0	0	0.0115405	
0.998106	0.0129251	0	0.000429936	0.0243767	0	0	0	0.0114246	
0.998101	0.0129329	0	0.000430197	0.0241652	0	0	0	0.0113099	
0.998097	0.0129407	0	0.000430455	0.0239556	0	0	0	0.0111964	
0.998093	0.0129484	0	0.000430711	0.0237478	0	0	0	0.0110842	
0.998089	0.0129561	0	0.000430966	0.0235418	0	0	0	0.010973	
0.998085	0.0129637	0	0.000431218	0.0233376	0	0	0	0.0108631	
0.998081	0.0129712	0	0.000431469	0.0231352	0	0	0	0.0107543	
0.998077	0.0129787	0	0.000431718	0.0229346	0	0	0	0.0106466	
0.998073	0.0129861	0	0.000431965	0.0227357	0	0	0	0.0105401	
0.998069	0.0129935	0	0.00043221	0.0225385	0	0	0	0.0104346	
0.998065	0.0130008	0	0.000432453	0.0223431	0	0	0	0.0103303	
0.998061	0.013008	0	0.000432694	0.0221494	0	0	0	0.0102271	
0.998057	0.0130152	0	0.000432934	0.0219574	0	0	0	0.0101249	
0.998053	0.0130224	0	0.000433172	0.0217671	0	0	0	0.0100238	
0.998049	0.0130295	0	0.000433408	0.0215784	0	0	0	0.00992375	
0.998045	0.0130365	0	0.000433642	0.0213914	0	0	0	0.00982475	
0.998041	0.0130435	0	0.000433874	0.021206	0	0	0	0.00972678	
0.998037	0.0130504	0	0.000434105	0.0210222	0	0	0	0.00962984	
0.998033	0.0130573	0	0.000434334	0.02084	0	0	0	0.0095339	
0.998028	0.0130642	0	0.000434561	0.0206595	0	0	0	0.00943897	
0.998024	0.0130709	0	0.000434787	0.0204805	0	0	0	0.00934502	
0.99802	0.0130777	0	0.000435011	0.0203031	0	0	0	0.00925205	
0.998016	0.0130843	0	0.000435233	0.0201272	0	0	0	0.00916005	
0.998012	0.013091	0	0.000435453	0.0199528	0	0	0	0.00906901	
0.998008	0.0130976	0	0.000435672	0.01978	0	0	0	0.00897891	
0.998004	0.0131041	0	0.000435889	0.0196087	0	0	0	0.00888976	
0.998	0.0131106	0	0.000436105	0.0194389	0	0	0	0.00880153	
0.997996	0.013117	0	0.000436319	0.0192706	0	0	0	0.00871421	
0.997992	0.0131234	0	0.000436531	0.0191037	0	0	0	0.00862781	
0.997988	0.0131297	0	0.000436741	0.0189383	0	0	0	0.00854231	
0.997984	0.013136	0	0.000436951	0.0187744	0	0	0	0.00845769	
0.99798	0.0131422	0	0.000437158	0.0186118	0	0	0	0.00837395	
0.997976	0.0131484	0	0.000437364	0.0184507	0	0	0	0.00829108	
0.997972	0.0131546	0	0.000437568	0.018291	0	0	0	0.00820908	
0.997968	0.0131607	0	0.000437771	0.0181327	0	0	0	0.00812792	
0.997964	0.0131667	0	0.000437972	0.0179758	0	0	0	0.00804761	
0.99796	0.0131727	0	0.000438172	0.0178202	0	0	0	0.00796813	
0.997956	0.0131787	0	0.00043837	0.017666	0	0	0	0.00788948	
0.997952	0.0131846	0	0.000438567	0.0175132	0	0	0	0.00781165	
0.997947	0.0131905	0	0.000438762	0.0173617	0	0	0	0.00773462	
0.997943	0.0131963	0	0.000438956	0.0172115	0	0	0	0.00765839	
0.997939	0.0132021	0	0.000439148	0.0170626	0	0	0	0.00758295	
0.997935	0.0132078	0	0.000439339	0.016915	0	0	0	0.00750829	
0.997931	0.0132135	0	0.000439529	0.0167687	0	0	0	0.00743441	
0.997927	0.0132191	0	0.000439717	0.0166237	0	0	0	0.00736129	
0.997923	0.0132248	0	0.000439903	0.0164799	0	0	0	0.00728893	
0.997919	0.0132303	0	0.000440088	0.0163374	0	0	0	0.00721732	
0.997915	0.0132358	0	0.000440272	0.0161961	0	0	0	0.00714645	
0.997911	0.0132413	0	0.000440454	0.0160561	0	0	0	0.00707631	
0.997907	0.0132468	0	0.000440635	0.0159173	0	0	0	0.0070069	
0.997903	0.0132522	0	0.000440815	0.0157797	0	0	0	0.00693821	
0.997899	0.0132575	0	0.000440993	0.0156433	0	0	0	0.00687023	
0.997895	0.0132628	0	0.00044117	0.0155081	0	0	0	0.00680296	
0.997891	0.0132681	0	0.000441345	0.015374	0	0	0	0.00673638	
0.997887	0.0132733	0	0.000441519	0.0152412	0	0	0	0.00667048	
0.997883	0.0132785	0	0.000441692	0.0151095	0	0	0	0.00660527	
0.997879	0.0132837	0	0.000441863	0.0149789	0	0	0	0.00654074	
0.997875	0.0132888	0	0.000442034	0.0148495	0	0	0	0.00647687	
0.997871	0.0132939	0	0.000442202	0.0147212	0	0	0	0.00641366	
0.997867	0.0132989	0	0.00044237	0.014594	0	0	0	0.0063511	
0.997862	0.0133039	0	0.000442536	0.0144679	0	0	0	0.00628919	
0.997858	0.0133089	0	0.000442701	0.014343	0	0	0	0.00622792	
0.997854	0.0133138	0	0.000442865	0.0142191	0	0	0	0.00616728	
0.99785	0.0133187	0	0.000443028	0.0140963	0	0	0	0.00610726	
0.997846	0.0133235	0	0.000443189	0.0139745	0	0	0	0.00604787	
0.997842	0.0133284	0	0.000443349	0.0138539	0	0	0	0.00598909	
0.997838	0.0133331	0	0.000443508	0.0137342	0	0	0	0.00593091	
0.997834	0.0133379	0	0.000443666	0.0136157	0	0	0	0.00587334	
0.99783	0.0133426	0	0.000443822	0.0134981	0	0	0	0.00581636	
0.997826	0.0133472	0	0.000443977	0.0133816	0	0	0	0.00575996	
0.997822	0.0133519	0	0.000444131	0.0132661	0	0	0	0.00570415	
0.997818	0.0133565	0	0.000444284	0.0131516	0	0	0	0.00564891	
0.997814	0.013361	0	0.000444436	0.0130381	0	0	0	0.00559424	
0.99781	0.0133655	0	0.000444586	0.0129255	0	0	0	0.00554014	
0.997806	0.01337	0	0.000444736	0.012814	0	0	0	0.00548659	
0.997802	0.0133745	0	0.000444884	0.0127034	0	0	0	0.00543359	
0.997798	0.0133789	0	0.000445031	0.0125938	0	0	0	0.00538114	
0.997794	0.0133833	0	0.000445177	0.0124851	0	0	0	0.00532923	
0.99779	0.0133877	0	0.000445322	0.0123774	0	0	0	0.00527785	
0.997786	0.013392	0	0.000445466	0.0122707	0	0	0	0.005227	
0.997782	0.0133963	0	0.000445608	0.0121648	0	0	0	0.00517667	
0.997778	0.0134005	0	0.00044575	0.0120599	0	0	0	0.00512687	
0.997774	0.0134047	0	0.00044589	0.0119559	0	0	0	0.00507757	
0.99777	0.0134089	0	0.00044603	0.0118528	0	0	0	0.00502878	
0.997765	0.0134131	0	0.000446168	0.0117506	0	0	0	0.00498049	
0.997761	0.0134172	0	0.000446305	0.0116492	0	0	0	0.0049327	
0.997757	0.0134213	0	0.000446441	0.0115488	0	0	0	0.00488539	
0.997753	0.0134254	0	0.000446576	0.0114492	0	0	0	0.00483858	
0.997749	0.0134294	0	0.000446711	0.0113505	0	0	0	0.00479224	
0.997745	0.0134334	0	0.000446844	0.0112527	0	0	0	0.00474638	
0.997741	0.0134374	0	0.000446976	0.0111557	0	0	0	0.00470099	
0.997737	0.0134413	0	0.000447107	0.0110595	0	0	0	0.00465607	
0.997733	0.0134452	0	0.000447237	0.0109642	0	0	0	0.00461161	
0.997729	0.0134491	0	0.000447366	0.0108697	0	0	0	0.0045676	
0.997725	0.013453	0	0.000447494	0.0107761	0	0	0	0.00452405	
0.997721	0.0134568	0	0.000447621	0.0106832	0	0	0	0.00448094	
0.997717	0.0134606	0	0.000447747	0.0105912	0	0	0	0.00443827	
0.997713	0.0134643	0	0.000447872	0.0104999	0	0	0	0.00439604	
0.997709	0.0134681	0	0.000447996	0.0104095	0	0	0	0.00435425	
0.997705	0.0134718	0	0.00044812	0.0103198	0	0	0	0.00431288	
0.997701	0.0134754	0	0.000448242	0.0102309	0	0	0	0.00427193	
0.997697	0.0134791	0	0.000448363	0.0101428	0	0	0	0.00423141	
0.997693	0.0134827	0	0.000448483	0.0100555	0	0	0	0.0041913	
0.997689	0.0134863	0	0.000448603	0.00996889	0	0	0	0.0041516	
0.997685	0.0134899	0	0.000448721	0.00988305	0	0	0	0.0041123	
0.997681	0.0134934	0	0.000448839	0.00979796	0	0	0	0.00407341	
0.997677	0.0134969	0	0.000448956	0.0097136	0	0	0	0.00403492	
0.997673	0.0135004	0	0.000449072	0.00962998	0	0	0	0.00399682	
0.997669	0.0135038	0	0.000449186	0.00954709	0	0	0	0.00395911	
0.997665	0.0135073	0	0.000449301	0.00946491	0	0	0	0.00392178	
0.997661	0.0135107	0	0.000449414	0.00938345	0	0	0	0.00388484	
0.997656	0.0135141	0	0.000449526	0.00930269	0	0	0	0.00384828	
0.997652	0.0135174	0	0.000449637	0.00922264	0	0	0	0.00381208	
0.997648	0.0135207	0	0.000449748	0.00914328	0	0	0	0.00377626	
0.997644	0.013524	0	0.000449858	0.00906461	0	0	0	0.00374081	
0.99764	0.0135273	0	0.000449966	0.00898662	0	0	0	0.00370571	
0.997636	0.0135305	0	0.000450074	0.00890931	0	0	0	0.00367098	
0.997632	0.0135338	0	0.000450182	0.00883266	0	0	0	0.0036366	
0.997628	0.013537	0	0.000450288	0.00875669	0	0	0	0.00360257	
0.997624	0.0135401	0	0.000450393	0.00868137	0	0	0	0.00356888	
0.99762	0.0135433	0	0.000450498	0.00860671	0	0	0	0.00353555	
0.997616	0.0135464	0	0.000450602	0.00853269	0	0	0	0.00350255	
0.997612	0.0135495	0	0.000450705	0.00845932	0	0	0	0.00346989	
0.997608	0.0135526	0	0.000450808	0.00838658	0	0	0	0.00343756	
0.997604	0.0135556	0	0.000450909	0.00831448	0	0	0	0.00340556	
0.9976	0.0135587	0	0.00045101	0.008243	0	0	0	0.00337389	
0.997596	0.0135617	0	0.00045111	0.00817214	0	0	0	0.00334254	
0.997592	0.0135646	0	0.000451209	0.00810189	0	0	0	0.00331151	
0.997588	0.0135676	0	0.000451307	0.00803225	0	0	0	0.00328079	
0.997584	0.0135705	0	0.000451405	0.00796322	0	0	0	0.00325039	
0.99758	0.0135735	0	0.000451502	0.00789478	0	0	0	0.0032203	
0.997576	0.0135763	0	0.000451598	0.00782694	0	0	0	0.00319052	
0.997572	0.0135792	0	0.000451693	0.00775969	0	0	0	0.00316104	
0.997568	0.0135821	0	0.000451788	0.00769302	0	0	0	0.00313185	
0.997564	0.0135849	0	0.000451882	0.00762692	0	0	0	0.00310297	
0.99756	0.0135877	0	0.000451975	0.0075614	0	0	0	0.00307438	
0.997556	0.0135905	0	0.000452068	0.00749645	0	0	0	0.00304608	
0.997552	0.0135932	0	0.000452159	0.00743206	0	0	0	0.00301807	
0.997548	0.013596	0	0.00045225	0.00736823	0	0	0	0.00299035	
0.997544	0.0135987	0	0.000452341	0.00730495	0	0	0	0.0029629	
0.997539	0.0136014	0	0.00045243	0.00724222	0	0	0	0.00293574	
0.997535	0.013604	0	0.000452519	0.00718004	0	0	0	0.00290885	
0.997531	0.0136067	0	0.000452608	0.00711839	0	0	0	0.00288224	
0.997527	0.0136093	0	0.000452695	0.00705727	0	0	0	0.00285589	
0.997523	0.0136119	0	0.000452782	0.00699669	0	0	0	0.00282982	
0.997519	0.0136145	0	0.000452868	0.00693663	0	0	0	0.00280401	
0.997515	0.0136171	0	0.000452954	0.00687709	0	0	0	0.00277846	
0.997511	0.0136197	0	0.000453039	0.00681807	0	0	0	0.00275317	
0.997507	0.0136222	0	0.000453123	0.00675955	0	0	0	0.00272814	
0.997503	0.0136247	0	0.000453207	0.00670155	0	0	0	0.00270336	
0.997499	0.0136272	0	0.00045329	0.00664404	0	0	0	0.00267884	
0.997495	0.0136297	0	0.000453372	0.00658704	0	0	0	0.00265456	
0.997491	0.0136321	0	0.000453454	0.00653053	0	0	0	0.00263053	
0.997487	0.0136346	0	0.000453535	0.0064745	0	0	0	0.00260675	
0.997483	0.013637	0	0.000453615	0.00641897	0	0	0	0.0025832	
0.997479	0.0136394	0	0.000453695	0.00636391	0	0	0	0.0025599	
0.997475	0.0136418	0	0.000453774	0.00630933	0	0	0	0.00253683	
0.997471	0.0136441	0	0.000453852	0.00625522	0	0	0	0.00251399	
0.997467	0.0136465	0	0.00045393	0.00620158	0	0	0	0.00249139	
0.997463	0.0136488	0	0.000454008	0.0061484	0	0	0	0.00246902	
0.997459	0.0136511	0	0.000454084	0.00609569	0	0	0	0.00244688	
0.997455	0.0136534	0	0.000454161	0.00604343	0	0	0	0.00242495	
0.997451	0.0136557	0	0.000454236	0.00599162	0	0	0	0.00240326	
0.997447	0.0136579	0	0.000454311	0.00594026	0	0	0	0.00238178	
0.997443	0.0136601	0	0.000454385	0.00588935	0	0	0	0.00236052	
0.997439	0.0136624	0	0.000454459	0.00583887	0	0	0	0.00233948	
0.997435	0.0136646	0	0.000454532	0.00578884	0	0	0	0.00231864	
0.997431	0.0136667	0	0.000454605	0.00573923	0	0	0	0.00229803	
0.997427	0.0136689	0	0.000454677	0.00569006	0	0	0	0.00227762	
0.997423	0.0136711	0	0.000454749	0.00564131	0	0	0	0.00225741	
0.997419	0.0136732	0	0.00045482	0.00559298	0	0	0	0.00223742	
0.997415	0.0136753	0	0.00045489	0.00554507	0	0	0	0.00221762	
0.997411	0.0136774	0	0.00045496	0.00549757	0	0	0	0.00219803	
0.997406	0.0136795	0	0.000455029	0.00545048	0	0	0	0.00217863	
0.997402	0.0136816	0	0.000455098	0.00540381	0	0	0	0.00215943	
0.997398	0.0136836	0	0.000455166	0.00535753	0	0	0	0.00214043	
0.997394	0.0136857	0	0.000455234	0.00531166	0	0	0	0.00212162	
0.99739	0.0136877	0	0.000455301	0.00526618	0	0	0	0.002103	
0.997386	0.0136897	0	0.000455368	0.00522109	0	0	0	0.00208457	
0.997382	0.0136917	0	0.000455434	0.0051764	0	0	0	0.00206633	
0.997378	0.0136936	0	0.0004555	0.00513209	0	0	0	0.00204827	
0.997374	0.0136956	0	0.000455565	0.00508816	0	0	0	0.00203039	
0.99737	0.0136975	0	0.000455629	0.00504462	0	0	0	0.0020127	
0.997366	0.0136995	0	0.000455694	0.00500145	0	0	0	0.00199518	
0.997362	0.0137014	0	0.000455757	0.00495865	0	0	0	0.00197785	
0.997358	0.0137033	0	0.00045582	0.00491622	0	0	0	0.00196068	
0.997354	0.0137052	0	0.000455883	0.00487416	0	0	0	0.0019437	
0.99735	0.013707	0	0.000455945	0.00483246	0	0	0	0.00192688	
0.997346	0.0137089	0	0.000456007	0.00479113	0	0	0	0.00191024	
0.997342	0.0137107	0	0.000456068	0.00475015	0	0	0	0.00189377	
0.997338	0.0137126	0	0.000456129	0.00470952	0	0	0	0.00187746	
0.997334	0.0137144	0	0.000456189	0.00466925	0	0	0	0.00186132	
0.99733	0.0137162	0	0.000456249	0.00462932	0	0	0	0.00184534	
0.997326	0.013718	0	0.000456308	0.00458974	0	0	0	0.00182952	
0.997322	0.0137197	0	0.000456367	0.0045505	0	0	0	0.00181387	
0.997318	0.0137215	0	0.000456425	0.0045116	0	0	0	0.00179837	
0.997314	0.0137232	0	0.000456483	0.00447303	0	0	0	0.00178303	
0.99731	0.0137249	0	0.000456541	0.0044348	0	0	0	0.00176785	
0.997306	0.0137267	0	0.000456598	0.0043969	0	0	0	0.00175282	
0.997302	0.0137284	0	0.000456655	0.00435932	0	0	0	0.00173795	
0.997298	0.0137301	0	0.000456711	0.00432207	0	0	0	0.00172322	
0.997294	0.0137317	0	0.000456766	0.00428514	0	0	0	0.00170865	
0.99729	0.0137334	0	0.000456822	0.00424853	0	0	0	0.00169422	
0.997286	0.013735	0	0.000456877	0.00421224	0	0	0	0.00167994	
0.997282	0.0137367	0	0.000456931	0.00417626	0	0	0	0.00166581	
0.997278	0.0137383	0	0.000456985	0.00414059	0	0	0	0.00165182	
0.997274	0.0137399	0	0.000457039	0.00410523	0	0	0	0.00163797	
0.99727	0.0137415	0	0.000457092	0.00407017	0	0	0	0.00162427	
0.997266	0.0137431	0	0.000457145	0.00403542	0	0	0	0.0016107	
0.997262	0.0137447	0	0.000457197	0.00400096	0	0	0	0.00159727	
0.997257	0.0137462	0	0.000457249	0.0039668	0	0	0	0.00158398	
0.997253	0.0137478	0	0.000457301	0.00393294	0	0	0	0.00157082	
0.997249	0.0137493	0	0.000457352	0.00389937	0	0	0	0.0015578	
0.997245	0.0137508	0	0.000457402	0.00386609	0	0	0	0.00154491	
0.997241	0.0137524	0	0.000457453	0.0038331	0	0	0	0.00153215	
0.997237	0.0137539	0	0.000457503	0.00380039	0	0	0	0.00151953	
0.997233	0.0137554	0	0.000457552	0.00376797	0	0	0	0.00150703	
0.997229	0.0137568	0	0.000457602	0.00373582	0	0	0	0.00149466	
0.997225	0.0137583	0	0.00045765	0.00370395	0	0	0	0.00148241	
0.997221	0.0137598	0	0.000457699	0.00367236	0	0	0	0.0014703	
0.997217	0.0137612	0	0.000457747	0.00364103	0	0	0	0.0014583	
0.997213	0.0137626	0	0.000457795	0.00360998	0	0	0	0.00144643	
0.997209	0.0137641	0	0.000457842	0.0035792	0	0	0	0.00143468	
0.997205	0.0137655	0	0.000457889	0.00354868	0	0	0	0.00142305	
0.997201	0.0137669	0	0.000457936	0.00351843	0	0	0	0.00141154	
0.997197	0.0137683	0	0.000457982	0.00348843	0	0	0	0.00140015	
0.997193	0.0137696	0	0.000458028	0.0034587	0	0	0	0.00138888	
0.997189	0.013771	0	0.000458073	0.00342922	0	0	0	0.00137772	
0.997185	0.0137724	0	0.000458118	0.00339999	0	0	0	0.00136667	
0.997181	0.0137737	0	0.000458163	0.00337102	0	0	0	0.00135574	
0.997177	0.0137751	0	0.000458208	0.0033423	0	0	0	0.00134493	
0.997173	0.0137764	0	0.000458252	0.00331382	0	0	0	0.00133422	
0.997169	0.0137777	0	0.000458296	0.00328559	0	0	0	0.00132362	
0.997165	0.013779	0	0.000458339	0.00325761	0	0	0	0.00131314	
0.997161	0.0137803	0	0.000458382	0.00322986	0	0	0	0.00130276	
0.997157	0.0137816	0	0.000458425	0.00320236	0	0	0	0.00129249	
0.997153	0.0137829	0	0.000458468	0.00317509	0	0	0	0.00128233	
0.997149	0.0137841	0	0.00045851	0.00314805	0	0	0	0.00127227	
0.997145	0.0137854	0	0.000458551	0.00312125	0	0	0	0.00126232	
0.997141	0.0137866	0	0.000458593	0.00309468	0	0	0	0.00125247	
0.997137	0.0137879	0	0.000458634	0.00306834	0	0	0	0.00124272	
0.997133	0.0137891	0	0.000458675	0.00304223	0	0	0	0.00123307	
0.997129	0.0137903	0	0.000458716	0.00301634	0	0	0	0.00122353	
0.997125	0.0137915	0	0.000458756	0.00299068	0	0	0	0.00121408	
0.997121	0.0137927	0	0.000458796	0.00296523	0	0	0	0.00120474	
0.997117	0.0137939	0	0.000458835	0.00294001	0	0	0	0.00119549	
0.997113	0.0137951	0	0.000458875	0.002915	0	0	0	0.00118634	
0.997109	0.0137963	0	0.000458914	0.00289021	0	0	0	0.00117728	
0.997105	0.0137974	0	0.000458952	0.00286563	0	0	0	0.00116832	
0.997101	0.0137986	0	0.000458991	0.00284127	0	0	0	0.00115946	
0.997096	0.0137997	0	0.000459029	0.00281711	0	0	0	0.00115069	
0.997092	0.0138009	0	0.000459067	0.00279316	0	0	0	0.00114201	
0.997088	0.013802	0	0.000459104	0.00276942	0	0	0	0.00113342	
0.997084	0.0138031	0	0.000459142	0.00274588	0	0	0	0.00112493	
0.99708	0.0138042	0	0.000459179	0.00272255	0	0	0	0.00111653	
0.997076	0.0138053	0	0.000459215	0.00269942	0	0	0	0.00110821	
0.997072	0.0138064	0	0.000459252	0.00267648	0	0	0	0.00109999	
0.997068	0.0138075	0	0.000459288	0.00265375	0	0	0	0.00109185	
0.997064	0.0138086	0	0.000459324	0.00263121	0	0	0	0.0010838	
0.99706	0.0138097	0	0.000459359	0.00260886	0	0	0	0.00107584	
0.997056	0.0138107	0	0.000459395	0.00258671	0	0	0	0.00106796	
0.997052	0.0138118	0	0.00045943	0.00256475	0	0	0	0.00106017	
0.997048	0.0138128	0	0.000459465	0.00254297	0	0	0	0.00105247	
0.997044	0.0138139	0	0.000459499	0.00252139	0	0	0	0.00104485	
0.99704	0.0138149	0	0.000459533	0.00249999	0	0	0	0.00103731	
0.997036	0.0138159	0	0.000459567	0.00247877	0	0	0	0.00102986	
0.997032	0.013817	0	0.000459601	0.00245774	0	0	0	0.00102249	
0.997028	0.013818	0	0.000459635	0.00243689	0	0	0	0.0010152	
0.997024	0.013819	0	0.000459668	0.00241622	0	0	0	0.001008	
0.99702	0.01382	0	0.000459701	0.00239573	0	0	0	0.00100087	
0.997016	0.0138209	0	0.000459734	0.00237541	0	0	0	0.000993831	
0.997012	0.0138219	0	0.000459766	0.00235527	0	0	0	0.000986868	
0.997008	0.0138229	0	0.000459799	0.00233531	0	0	0	0.000979985	
0.997004	0.0138238	0	0.000459831	0.00231551	0	0	0	0.000973182	
0.997	0.0138248	0	0.000459862	0.00229589	0	0	0	0.000966459	
0.996996	0.0138258	0	0.000459894	0.00227643	0	0	0	0.000959815	
0.996992	0.0138267	0	0.000459925	0.00225715	0	0	0	0.00095325	
0.996988	0.0138276	0	0.000459956	0.00223803	0	0	0	0.000946764	
0.996984	0.0138286	0	0.000459987	0.00221907	0	0	0	0.000940357	
0.99698	0.0138295	0	0.000460018	0.00220028	0	0	0	0.000934029	
0.996976	0.0138304	0	0.000460049	0.00218165	0	0	0	0.000927779	
0.996972	0.0138313	0	0.000460079	0.00216318	0	0	0	0.000921609	
0.996968	0.0138322	0	0.000460109	0.00214487	0	0	0	0.000915519	
0.996964	0.0138331	0	0.000460139	0.00212672	0	0	0	0.000909509	
