1	0	0	0	1	0	0	0	1	
0.999995	0	0	0	0.99164	0	0	0	0.987541	
0.999991	0	0	0	0.983426	0	0	0	0.975376	
0.999987	0	0	0	0.97528	0	0	0	0.963361	
0.999982	0	0	0	0.967201	0	0	0	0.951494	
0.999978	0	0	0	0.95919	0	0	0	0.939773	
0.999973	0	0	0	0.951244	0	0	0	0.928197	
0.999969	0	0	0	0.943365	0	0	0	0.916763	
0.999964	0	0	0	0.935551	0	0	0	0.905469	
0.99996	0	0	0	0.927801	0	0	0	0.894315	
0.999955	0	0	0	0.920116	0	0	0	0.883299	
0.999951	0	0	0	0.912495	0	0	0	0.872418	
0.999946	0	0	0	0.904936	0	0	0	0.861671	
0.999942	0	0	0	0.89744	0	0	0	0.851057	
0.999937	0	0	0	0.890007	0	0	0	0.840573	
0.999933	0	0	0	0.882635	0	0	0	0.830218	
0.999928	0	0	0	0.875323	0	0	0	0.819991	
0.999924	0	0	0	0.868073	0	0	0	0.80989	
0.999919	0	0	0	0.860882	0	0	0	0.799914	
0.999915	0	0	0	0.853751	0	0	0	0.79006	
0.99991	0	0	0	0.84668	0	0	0	0.780327	
0.999906	0	0	0	0.839666	0	0	0	0.770715	
0.999901	0	0	0	0.832711	0	0	0	0.761221	
0.999897	0	0	0	0.825814	0	0	0	0.751844	
0.999892	0	0	0	0.818973	0	0	0	0.742582	
0.999888	0	0	0	0.812189	0	0	0	0.733435	
0.999884	0	0	0	0.805462	0	0	0	0.7244	
0.999879	0	0	0	0.79879	0	0	0	0.715476	
0.999875	0	0	0	0.792173	0	0	0	0.706663	
0.99987	0	0	0	0.785612	0	0	0	0.697958	
0.999866	0	0	0	0.779104	0	0	0	0.68936	
0.999861	0	0	0	0.772651	0	0	0	0.680868	
0.999857	0	0	0	0.766251	0	0	0	0.672481	
0.999852	0	0	0	0.759904	0	0	0	0.664197	
0.999848	0	0	0	0.753609	0	0	0	0.656015	
0.999843	0	0	0	0.747367	0	0	0	0.647934	
0.999839	0	0	0	0.741176	0	0	0	0.639952	
0.999834	0	0	0	0.735037	0	0	0	0.632069	
0.99983	0	0	0	0.728948	0	0	0	0.624283	
0.999825	0	0	0	0.72291	0	0	0	0.616593	
0.999821	0	0	0	0.716922	0	0	0	0.608997	
0.999816	0	0	0	0.710984	0	0	0	0.601495	
0.999812	0	0	0	0.705094	0	0	0	0.594086	
0.999807	0	0	0	0.699254	0	0	0	0.586768	
0.999803	0	0	0	0.693462	0	0	0	0.57954	
0.999798	0	0	0	0.687718	0	0	0	0.572401	
0.999794	0	0	0	0.682021	0	0	0	0.565349	
0.999789	0	0	0	0.676372	0	0	0	0.558385	
0.999785	0	0	0	0.670769	0	0	0	0.551507	
0.999781	0	0	0	0.665213	0	0	0	0.544713	
0.999776	0	0	0	0.659703	0	0	0	0.538003	
0.999772	0	0	0	0.654238	0	0	0	0.531376	
0.999767	0	0	0	0.648819	0	0	0	0.52483	
0.999763	0	0	0	0.643445	0	0	0	0.518365	
0.999758	0	0	0	0.638115	0	0	0	0.511979	
0.999754	0	0	0	0.632829	0	0	0	0.505672	
0.999749	0	0	0	0.627587	0	0	0	0.499443	
0.999745	0	0	0	0.622389	0	0	0	0.493291	
0.99974	0	0	0	0.617234	0	0	0	0.487214	
0.999736	0	0	0	0.612121	0	0	0	0.481213	
0.999731	0	0	0	0.60705	0	0	0	0.475285	
0.999727	0	0	0	0.602022	0	0	0	0.46943	
0.999722	0	0	0	0.597035	0	0	0	0.463647	
0.999718	0	0	0	0.59209	0	0	0	0.457936	
0.999713	0	0	0	0.587186	0	0	0	0.452295	
0.999709	0	0	0	0.582322	0	0	0	0.446723	
0.999704	0	0	0	0.577498	0	0	0	0.44122	
0.9997	0	0	0	0.572715	0	0	0	0.435785	
0.999695	0	0	0	0.567971	0	0	0	0.430417	
0.999691	0	0	0	0.563266	0	0	0	0.425115	
0.999686	0	0	0	0.5586	0	0	0	0.419878	
0.999682	0	0	0	0.553973	0	0	0	0.414706	
0.999678	0	0	0	0.549385	0	0	0	0.409597	
0.999673	0	0	0	0.544834	0	0	0	0.404552	
0.999669	0	0	0	0.540321	0	0	0	0.399568	
0.999664	0	0	0	0.535845	0	0	0	0.394646	
0.99966	0	0	0	0.531407	0	0	0	0.389785	
0.999655	0	0	0	0.527005	0	0	0	0.384983	
0.999651	0	0	0	0.52264	0	0	0	0.380241	
0.999646	0	0	0	0.51831	0	0	0	0.375557	
0.999642	0	0	0	0.514017	0	0	0	0.37093	
0.999637	0	0	0	0.509759	0	0	0	0.366361	
0.999633	0	0	0	0.505537	0	0	0	0.361848	
0.999628	0	0	0	0.501349	0	0	0	0.357391	
0.999624	0	0	0	0.497197	0	0	0	0.352988	
0.999619	0	0	0	0.493078	0	0	0	0.34864	
0.999615	0	0	0	0.488994	0	0	0	0.344345	
0.99961	0	0	0	0.484943	0	0	0	0.340103	
0.999606	0	0	0	0.480927	0	0	0	0.335914	
0.999601	0	0	0	0.476943	0	0	0	0.331776	
0.999597	0	0	0	0.472992	0	0	0	0.327689	
0.999592	0	0	0	0.469074	0	0	0	0.323652	
0.999588	0	0	0	0.465189	0	0	0	0.319665	
0.999583	0	0	0	0.461336	0	0	0	0.315727	
0.999579	0	0	0	0.457514	0	0	0	0.311838	
0.999575	0	0	0	0.453725	0	0	0	0.307997	
0.99957	0	0	0	0.449966	0	0	0	0.304203	
0.999566	0	0	0	0.446239	0	0	0	0.300455	
0.999561	0	0	0	0.442543	0	0	0	0.296754	
0.999557	0	0	0	0.438877	0	0	0	0.293099	
0.999552	0	0	0	0.435242	0	0	0	0.289488	
0.999548	0	0	0	0.431636	0	0	0	0.285922	
0.999543	0	0	0	0.428061	0	0	0	0.2824	
0.999539	0	0	0	0.424515	0	0	0	0.278921	
0.999534	0	0	0	0.420999	0	0	0	0.275485	
0.99953	0	0	0	0.417512	0	0	0	0.272092	
0.999525	0	0	0	0.414053	0	0	0	0.26874	
0.999521	0	0	0	0.410624	0	0	0	0.26543	
0.999516	0	0	0	0.407222	0	0	0	0.26216	
0.999512	0	0	0	0.403849	0	0	0	0.25893	
0.999507	0	0	0	0.400504	0	0	0	0.255741	
0.999503	0	0	0	0.397187	0	0	0	0.25259	
0.999498	0	0	0	0.393897	0	0	0	0.249479	
0.999494	0	0	0	0.390634	0	0	0	0.246406	
0.999489	0	0	0	0.387398	0	0	0	0.24337	
0.999485	0	0	0	0.384189	0	0	0	0.240372	
0.999481	0	0	0	0.381007	0	0	0	0.237411	
0.999476	0	0	0	0.377851	0	0	0	0.234487	
0.999472	0	0	0	0.374721	0	0	0	0.231598	
0.999467	0	0	0	0.371617	0	0	0	0.228745	
0.999463	0	0	0	0.368539	0	0	0	0.225928	
0.999458	0	0	0	0.365486	0	0	0	0.223145	
0.999454	0	0	0	0.362459	0	0	0	0.220396	
0.999449	0	0	0	0.359456	0	0	0	0.217681	
0.999445	0	0	0	0.356479	0	0	0	0.214999	
0.99944	0	0	0	0.353526	0	0	0	0.212351	
0.999436	0	0	0	0.350598	0	0	0	0.209735	
0.999431	0	0	0	0.347694	0	0	0	0.207151	
0.999427	0	0	0	0.344814	0	0	0	0.2046	
0.999422	0	0	0	0.341957	0	0	0	0.202079	
0.999418	0	0	0	0.339125	0	0	0	0.19959	
0.999413	0	0	0	0.336316	0	0	0	0.197131	
0.999409	0	0	0	0.33353	0	0	0	0.194703	
0.999404	0	0	0	0.330767	0	0	0	0.192304	
0.9994	0	0	0	0.328028	0	0	0	0.189936	
0.999395	0	0	0	0.32531	0	0	0	0.187596	
0.999391	0	0	0	0.322616	0	0	0	0.185285	
0.999386	0	0	0	0.319943	0	0	0	0.183003	
0.999382	0	0	0	0.317293	0	0	0	0.180748	
0.999378	0	0	0	0.314665	0	0	0	0.178522	
0.999373	0	0	0	0.312059	0	0	0	0.176323	
0.999369	0	0	0	0.309474	0	0	0	0.174151	
0.999364	0	0	0	0.30691	0	0	0	0.172005	
0.99936	0	0	0	0.304368	0	0	0	0.169886	
0.999355	0	0	0	0.301847	0	0	0	0.167794	
0.999351	0	0	0	0.299347	0	0	0	0.165727	
0.999346	0	0	0	0.296867	0	0	0	0.163685	
0.999342	0	0	0	0.294408	0	0	0	0.161669	
0.999337	0	0	0	0.291969	0	0	0	0.159677	
0.999333	0	0	0	0.289551	0	0	0	0.15771	
0.999328	0	0	0	0.287152	0	0	0	0.155768	
0.999324	0	0	0	0.284774	0	0	0	0.153849	
0.999319	0	0	0	0.282415	0	0	0	0.151954	
0.999315	0	0	0	0.280076	0	0	0	0.150082	
0.99931	0	0	0	0.277756	0	0	0	0.148233	
0.999306	0	0	0	0.275455	0	0	0	0.146407	
0.999301	0	0	0	0.273173	0	0	0	0.144603	
0.999297	0	0	0	0.270911	0	0	0	0.142822	
0.999292	0	0	0	0.268667	0	0	0	0.141063	
0.999288	0	0	0	0.266441	0	0	0	0.139325	
0.999284	0	0	0	0.264234	0	0	0	0.137609	
0.999279	0	0	0	0.262045	0	0	0	0.135914	
0.999275	0	0	0	0.259875	0	0	0	0.134239	
0.99927	0	0	0	0.257722	0	0	0	0.132586	
0.999266	0	0	0	0.255587	0	0	0	0.130953	
0.999261	0	0	0	0.25347	0	0	0	0.129339	
0.999257	0	0	0	0.251371	0	0	0	0.127746	
0.999252	0	0	0	0.249289	0	0	0	0.126173	
0.999248	0	0	0	0.247224	0	0	0	0.124618	
0.999243	0	0	0	0.245176	0	0	0	0.123083	
0.999239	0	0	0	0.243145	0	0	0	0.121567	
0.999234	0	0	0	0.241131	0	0	0	0.120069	
0.99923	0	0	0	0.239134	0	0	0	0.11859	
0.999225	0	0	0	0.237153	0	0	0	0.11713	
0.999221	0	0	0	0.235188	0	0	0	0.115687	
0.999216	0	0	0	0.23324	0	0	0	0.114262	
0.999212	0	0	0	0.231308	0	0	0	0.112854	
0.999207	0	0	0	0.229392	0	0	0	0.111464	
0.999203	0	0	0	0.227492	0	0	0	0.110091	
0.999198	0	0	0	0.225608	0	0	0	0.108735	
0.999194	0	0	0	0.223739	0	0	0	0.107395	
0.99919	0	0	0	0.221886	0	0	0	0.106072	
0.999185	0	0	0	0.220048	0	0	0	0.104766	
0.999181	0	0	0	0.218225	0	0	0	0.103475	
0.999176	0	0	0	0.216418	0	0	0	0.1022	
0.999172	0	0	0	0.214625	0	0	0	0.100941	
0.999167	0	0	0	0.212847	0	0	0	0.099698	
0.999163	0	0	0	0.211084	0	0	0	0.0984698	
0.999158	0	0	0	0.209336	0	0	0	0.0972568	
0.999154	0	0	0	0.207602	0	0	0	0.0960588	
0.999149	0	0	0	0.205882	0	0	0	0.0948755	
0.999145	0	0	0	0.204177	0	0	0	0.0937068	
0.99914	0	0	0	0.202485	0	0	0	0.0925524	
0.999136	0	0	0	0.200808	0	0	0	0.0914123	
0.999131	0	0	0	0.199145	0	0	0	0.0902863	
0.999127	0	0	0	0.197495	0	0	0	0.0891741	
0.999122	0	0	0	0.195859	0	0	0	0.0880756	
0.999118	0	0	0	0.194237	0	0	0	0.0869906	
0.999113	0	0	0	0.192628	0	0	0	0.085919	
0.999109	0	0	0	0.191032	0	0	0	0.0848606	
0.999104	0	0	0	0.18945	0	0	0	0.0838153	
0.9991	0	0	0	0.187881	0	0	0	0.0827828	
0.999096	0	0	0	0.186324	0	0	0	0.0817631	
0.999091	0	0	0	0.184781	0	0	0	0.0807559	
0.999087	0	0	0	0.183251	0	0	0	0.0797611	
0.999082	0	0	0	0.181733	0	0	0	0.0787785	
0.999078	0	0	0	0.180227	0	0	0	0.0778081	
0.999073	0	0	0	0.178734	0	0	0	0.0768496	
0.999069	0	0	0	0.177254	0	0	0	0.075903	
0.999064	0	0	0	0.175786	0	0	0	0.0749679	
0.99906	0	0	0	0.17433	0	0	0	0.0740444	
0.999055	0	0	0	0.172886	0	0	0	0.0731323	
0.999051	0	0	0	0.171453	0	0	0	0.0722315	
0.999046	0	0	0	0.170033	0	0	0	0.0713417	
0.999042	0	0	0	0.168625	0	0	0	0.0704628	
0.999037	0	0	0	0.167228	0	0	0	0.0695949	
0.999033	0	0	0	0.165843	0	0	0	0.0687376	
0.999028	0	0	0	0.164469	0	0	0	0.0678908	
0.999024	0	0	0	0.163107	0	0	0	0.0670545	
0.999019	0	0	0	0.161756	0	0	0	0.0662285	
0.999015	0	0	0	0.160416	0	0	0	0.0654127	
0.999011	0	0	0	0.159087	0	0	0	0.0646069	
0.999006	0	0	0	0.157769	0	0	0	0.063811	
0.999002	0	0	0	0.156463	0	0	0	0.063025	
0.998997	0	0	0	0.155167	0	0	0	0.0622486	
0.998993	0	0	0	0.153881	0	0	0	0.0614818	
0.998988	0	0	0	0.152607	0	0	0	0.0607244	
0.998984	0	0	0	0.151343	0	0	0	0.0599764	
0.998979	0	0	0	0.150089	0	0	0	0.0592376	
0.998975	0	0	0	0.148846	0	0	0	0.0585078	
0.99897	0	0	0	0.147613	0	0	0	0.0577871	
0.998966	0	0	0	0.14639	0	0	0	0.0570753	
0.998961	0	0	0	0.145177	0	0	0	0.0563722	
0.998957	0	0	0	0.143975	0	0	0	0.0556778	
0.998952	0	0	0	0.142782	0	0	0	0.0549919	
0.998948	0	0	0	0.1416	0	0	0	0.0543145	
0.998943	0	0	0	0.140427	0	0	0	0.0536454	
0.998939	0	0	0	0.139264	0	0	0	0.0529846	
0.998934	0	0	0	0.13811	0	0	0	0.0523319	
0.99893	0	0	0	0.136966	0	0	0	0.0516872	
0.998926	0	0	0	0.135831	0	0	0	0.0510505	
0.998921	0	0	0	0.134706	0	0	0	0.0504217	
0.998917	0	0	0	0.133591	0	0	0	0.0498005	
0.998912	0	0	0	0.132484	0	0	0	0.0491871	
0.998908	0	0	0	0.131387	0	0	0	0.0485812	
0.998903	0	0	0	0.130298	0	0	0	0.0479827	
0.998899	0	0	0	0.129219	0	0	0	0.0473916	
0.998894	0	0	0	0.128149	0	0	0	0.0468079	
0.99889	0	0	0	0.127087	0	0	0	0.0462312	
0.998885	0	0	0	0.126034	0	0	0	0.0456617	
0.998881	0	0	0	0.12499	0	0	0	0.0450993	
0.998876	0	0	0	0.123955	0	0	0	0.0445437	
0.998872	0	0	0	0.122928	0	0	0	0.043995	
0.998867	0	0	0	0.12191	0	0	0	0.043453	
0.998863	0	0	0	0.1209	0	0	0	0.0429178	
0.998858	0	0	0	0.119899	0	0	0	0.0423891	
0.998854	0	0	0	0.118906	0	0	0	0.0418669	
0.998849	0	0	0	0.117921	0	0	0	0.0413512	
0.998845	0	0	0	0.116944	0	0	0	0.0408418	
0.99884	0	0	0	0.115975	0	0	0	0.0403387	
0.998836	0	0	0	0.115015	0	0	0	0.0398418	
0.998832	0	0	0	0.114062	0	0	0	0.039351	
0.998827	0	0	0	0.113117	0	0	0	0.0388662	
0.998823	0	0	0	0.11218	0	0	0	0.0383875	
0.998818	0	0	0	0.111251	0	0	0	0.0379146	
0.998814	0	0	0	0.110329	0	0	0	0.0374475	
0.998809	0	0	0	0.109416	0	0	0	0.0369862	
0.998805	0	0	0	0.108509	0	0	0	0.0365306	
0.9988	0	0	0	0.10761	0	0	0	0.0360806	
0.998796	0	0	0	0.106719	0	0	0	0.0356362	
0.998791	0	0	0	0.105835	0	0	0	0.0351972	
0.998787	0	0	0	0.104958	0	0	0	0.0347636	
0.998782	0	0	0	0.104089	0	0	0	0.0343354	
0.998778	0	0	0	0.103227	0	0	0	0.0339124	
0.998773	0	0	0	0.102372	0	0	0	0.0334947	
0.998769	0	0	0	0.101524	0	0	0	0.0330821	
0.998764	0	0	0	0.100683	0	0	0	0.0326745	
0.99876	0	0	0	0.0998489	0	0	0	0.032272	
0.998755	0	0	0	0.0990218	0	0	0	0.0318745	
0.998751	0	0	0	0.0982016	0	0	0	0.0314819	
0.998747	0	0	0	0.0973881	0	0	0	0.031094	
0.998742	0	0	0	0.0965814	0	0	0	0.030711	
0.998738	0	0	0	0.0957814	0	0	0	0.0303327	
0.998733	0	0	0	0.094988	0	0	0	0.029959	
0.998729	0	0	0	0.0942012	0	0	0	0.02959	
0.998724	0	0	0	0.0934209	0	0	0	0.0292255	
0.99872	0	0	0	0.0926471	0	0	0	0.0288655	
0.998715	0	0	0	0.0918797	0	0	0	0.0285099	
0.998711	0	0	0	0.0911186	0	0	0	0.0281587	
0.998706	0	0	0	0.0903639	0	0	0	0.0278118	
0.998702	0	0	0	0.0896154	0	0	0	0.0274692	
0.998697	0	0	0	0.088873	0	0	0	0.0271308	
0.998693	0	0	0	0.0881369	0	0	0	0.0267966	
0.998688	0	0	0	0.0874068	0	0	0	0.0264665	
0.998684	0	0	0	0.0866828	0	0	0	0.0261405	
0.998679	0	0	0	0.0859648	0	0	0	0.0258185	
0.998675	0	0	0	0.0852527	0	0	0	0.0255005	
0.99867	0	0	0	0.0845466	0	0	0	0.0251863	
0.998666	0	0	0	0.0838462	0	0	0	0.0248761	
0.998662	0	0	0	0.0831517	0	0	0	0.0245696	
0.998657	0	0	0	0.0824629	0	0	0	0.024267	
0.998653	0	0	0	0.0817799	0	0	0	0.023968	
0.998648	0	0	0	0.0811025	0	0	0	0.0236728	
0.998644	0	0	0	0.0804307	0	0	0	0.0233812	
0.998639	0	0	0	0.0797645	0	0	0	0.0230932	
0.998635	0	0	0	0.0791037	0	0	0	0.0228087	
0.99863	0	0	0	0.0784485	0	0	0	0.0225277	
0.998626	0	0	0	0.0777987	0	0	0	0.0222502	
0.998621	0	0	0	0.0771543	0	0	0	0.0219761	
0.998617	0	0	0	0.0765152	0	0	0	0.0217054	
0.998612	0	0	0	0.0758814	0	0	0	0.021438	
0.998608	0	0	0	0.0752528	0	0	0	0.0211739	
0.998603	0	0	0	0.0746295	0	0	0	0.0209131	
0.998599	0	0	0	0.0740113	0	0	0	0.0206555	
0.998594	0	0	0	0.0733983	0	0	0	0.0204011	
0.99859	0	0	0	0.0727903	0	0	0	0.0201497	
0.998585	0	0	0	0.0721874	0	0	0	0.0199015	
0.998581	0	0	0	0.0715894	0	0	0	0.0196564	
0.998577	0	0	0	0.0709964	0	0	0	0.0194142	
0.998572	0	0	0	0.0704083	0	0	0	0.0191751	
0.998568	0	0	0	0.0698251	0	0	0	0.0189389	
0.998563	0	0	0	0.0692467	0	0	0	0.0187056	
0.998559	0	0	0	0.0686731	0	0	0	0.0184752	
0.998554	0	0	0	0.0681043	0	0	0	0.0182476	
0.99855	0	0	0	0.0675402	0	0	0	0.0180228	
0.998545	0	0	0	0.0669807	0	0	0	0.0178008	
0.998541	0	0	0	0.0664259	0	0	0	0.0175815	
0.998536	0	0	0	0.0658757	0	0	0	0.0173649	
0.998532	0	0	0	0.06533	0	0	0	0.017151	
0.998527	0	0	0	0.0647889	0	0	0	0.0169397	
0.998523	0	0	0	0.0642522	0	0	0	0.0167311	
0.998518	0	0	0	0.06372	0	0	0	0.016525	
0.998514	0	0	0	0.0631922	0	0	0	0.0163214	
0.998509	0	0	0	0.0626687	0	0	0	0.0161203	
0.998505	0	0	0	0.0621496	0	0	0	0.0159218	
0.998501	0	0	0	0.0616348	0	0	0	0.0157256	
0.998496	0	0	0	0.0611243	0	0	0	0.0155319	
0.998492	0	0	0	0.060618	0	0	0	0.0153406	
0.998487	0	0	0	0.0601159	0	0	0	0.0151516	
0.998483	0	0	0	0.0596179	0	0	0	0.014965	
0.998478	0	0	0	0.0591241	0	0	0	0.0147806	
0.998474	0	0	0	0.0586344	0	0	0	0.0145985	
0.998469	0	0	0	0.0581487	0	0	0	0.0144187	
0.998465	0	0	0	0.057667	0	0	0	0.0142411	
0.99846	0	0	0	0.0571893	0	0	0	0.0140657	
0.998456	0	0	0	0.0567156	0	0	0	0.0138924	
0.998451	0	0	0	0.0562458	0	0	0	0.0137213	
0.998447	0	0	0	0.0557799	0	0	0	0.0135522	
0.998442	0	0	0	0.0553179	0	0	0	0.0133853	
0.998438	0	0	0	0.0548597	0	0	0	0.0132204	
0.998433	0	0	0	0.0544053	0	0	0	0.0130576	
0.998429	0	0	0	0.0539546	0	0	0	0.0128967	
0.998424	0	0	0	0.0535077	0	0	0	0.0127378	
0.99842	0	0	0	0.0530645	0	0	0	0.0125809	
0.998416	0	0	0	0.0526249	0	0	0	0.0124259	
0.998411	0	0	0	0.052189	0	0	0	0.0122729	
0.998407	0	0	0	0.0517567	0	0	0	0.0121217	
0.998402	0	0	0	0.051328	0	0	0	0.0119724	
0.998398	0	0	0	0.0509028	0	0	0	0.0118249	
0.998393	0	0	0	0.0504812	0	0	0	0.0116792	
0.998389	0	0	0	0.0500631	0	0	0	0.0115354	
0.998384	0	0	0	0.0496484	0	0	0	0.0113933	
0.99838	0	0	0	0.0492371	0	0	0	0.0112529	
0.998375	0	0	0	0.0488293	0	0	0	0.0111143	
0.998371	0	0	0	0.0484248	0	0	0	0.0109774	
0.998366	0	0	0	0.0480237	0	0	0	0.0108422	
0.998362	0	0	0	0.0476259	0	0	0	0.0107086	
0.998357	0	0	0	0.0472314	0	0	0	0.0105767	
0.998353	0	0	0	0.0468402	0	0	0	0.0104464	
0.998348	0	0	0	0.0464522	0	0	0	0.0103177	
0.998344	0	0	0	0.0460674	0	0	0	0.0101906	
0.99834	0	0	0	0.0456858	0	0	0	0.0100651	
0.998335	0	0	0	0.0453074	0	0	0	0.0099411	
0.998331	0	0	0	0.0449321	0	0	0	0.00981864	
0.998326	0	0	0	0.0445599	0	0	0	0.00969769	
0.998322	0	0	0	0.0441908	0	0	0	0.00957822	
0.998317	0	0	0	0.0438248	0	0	0	0.00946024	
0.998313	0	0	0	0.0434618	0	0	0	0.0093437	
0.998308	0	0	0	0.0431018	0	0	0	0.0092286	
0.998304	0	0	0	0.0427447	0	0	0	0.00911492	
0.998299	0	0	0	0.0423907	0	0	0	0.00900263	
0.998295	0	0	0	0.0420395	0	0	0	0.00889174	
0.99829	0	0	0	0.0416913	0	0	0	0.0087822	
0.998286	0	0	0	0.041346	0	0	0	0.00867402	
0.998281	0	0	0	0.0410035	0	0	0	0.00856717	
0.998277	0	0	0	0.0406638	0	0	0	0.00846163	
0.998272	0	0	0	0.040327	0	0	0	0.0083574	
0.998268	0	0	0	0.039993	0	0	0	0.00825445	
0.998263	0	0	0	0.0396617	0	0	0	0.00815277	
0.998259	0	0	0	0.0393332	0	0	0	0.00805234	
0.998255	0	0	0	0.0390074	0	0	0	0.00795314	
0.99825	0	0	0	0.0386843	0	0	0	0.00785517	
0.998246	0	0	0	0.0383638	0	0	0	0.00775841	
0.998241	0	0	0	0.038046	0	0	0	0.00766284	
0.998237	0	0	0	0.0377309	0	0	0	0.00756844	
0.998232	0	0	0	0.0374184	0	0	0	0.00747521	
0.998228	0	0	0	0.0371084	0	0	0	0.00738313	
0.998223	0	0	0	0.036801	0	0	0	0.00729218	
0.998219	0	0	0	0.0364962	0	0	0	0.00720235	
0.998214	0	0	0	0.0361939	0	0	0	0.00711363	
0.99821	0	0	0	0.0358941	0	0	0	0.007026	
0.998205	0	0	0	0.0355968	0	0	0	0.00693945	
0.998201	0	0	0	0.0353019	0	0	0	0.00685397	
0.998196	0	0	0	0.0350095	0	0	0	0.00676954	
0.998192	0	0	0	0.0347195	0	0	0	0.00668615	
0.998187	0	0	0	0.0344319	0	0	0	0.00660378	
0.998183	0	0	0	0.0341467	0	0	0	0.00652243	
0.998179	0	0	0	0.0338639	0	0	0	0.00644209	
0.998174	0	0	0	0.0335834	0	0	0	0.00636273	
0.99817	0	0	0	0.0333052	0	0	0	0.00628435	
0.998165	0	0	0	0.0330293	0	0	0	0.00620694	
0.998161	0	0	0	0.0327557	0	0	0	0.00613048	
0.998156	0	0	0	0.0324844	0	0	0	0.00605496	
0.998152	0	0	0	0.0322153	0	0	0	0.00598037	
0.998147	0	0	0	0.0319485	0	0	0	0.0059067	
0.998143	0	0	0	0.0316838	0	0	0	0.00583394	
0.998138	0	0	0	0.0314214	0	0	0	0.00576207	
0.998134	0	0	0	0.0311611	0	0	0	0.00569109	
0.998129	0	0	0	0.030903	0	0	0	0.00562099	
0.998125	0	0	0	0.030647	0	0	0	0.00555175	
0.99812	0	0	0	0.0303932	0	0	0	0.00548336	
0.998116	0	0	0	0.0301414	0	0	0	0.00541581	
0.998111	0	0	0	0.0298917	0	0	0	0.0053491	
0.998107	0	0	0	0.0296441	0	0	0	0.0052832	
0.998103	0	0	0	0.0293986	0	0	0	0.00521812	
0.998098	0	0	0	0.0291551	0	0	0	0.00515384	
0.998094	0	0	0	0.0289136	0	0	0	0.00509036	
0.998089	0	0	0	0.0286741	0	0	0	0.00502765	
0.998085	0	0	0	0.0284366	0	0	0	0.00496572	
0.99808	0	0	0	0.028201	0	0	0	0.00490455	
0.998076	0	0	0	0.0279674	0	0	0	0.00484413	
0.998071	0	0	0	0.0277358	0	0	0	0.00478446	
0.998067	0	0	0	0.027506	0	0	0	0.00472552	
0.998062	0	0	0	0.0272782	0	0	0	0.00466731	
0.998058	0	0	0	0.0270522	0	0	0	0.00460982	
0.998053	0	0	0	0.0268281	0	0	0	0.00455303	
0.998049	0	0	0	0.0266059	0	0	0	0.00449694	
0.998044	0	0	0	0.0263855	0	0	0	0.00444155	
0.99804	0	0	0	0.026167	0	0	0	0.00438683	
0.998035	0	0	0	0.0259502	0	0	0	0.0043328	
0.998031	0	0	0	0.0257353	0	0	0	0.00427942	
0.998027	0	0	0	0.0255221	0	0	0	0.00422671	
0.998022	0	0	0	0.0253107	0	0	0	0.00417464	
0.998018	0	0	0	0.025101	0	0	0	0.00412321	
0.998013	0	0	0	0.0248931	0	0	0	0.00407242	
0.998009	0	0	0	0.0246869	0	0	0	0.00402226	
0.998004	0	0	0	0.0244824	0	0	0	0.00397271	
0.998	0	0	0	0.0242796	0	0	0	0.00392377	
0.997995	0	0	0	0.0240785	0	0	0	0.00387544	
0.997991	0	0	0	0.0238791	0	0	0	0.0038277	
0.997986	0	0	0	0.0236813	0	0	0	0.00378054	
0.997982	0	0	0	0.0234851	0	0	0	0.00373397	
0.997977	0	0	0	0.0232906	0	0	0	0.00368798	
0.997973	0	0	0	0.0230977	0	0	0	0.00364255	
0.997968	0	0	0	0.0229063	0	0	0	0.00359768	
0.997964	0	0	0	0.0227166	0	0	0	0.00355336	
0.997959	0	0	0	0.0225284	0	0	0	0.00350959	
0.997955	0	0	0	0.0223418	0	0	0	0.00346635	
0.997951	0	0	0	0.0221568	0	0	0	0.00342365	
0.997946	0	0	0	0.0219732	0	0	0	0.00338148	
0.997942	0	0	0	0.0217912	0	0	0	0.00333982	
0.997937	0	0	0	0.0216107	0	0	0	0.00329868	
0.997933	0	0	0	0.0214317	0	0	0	0.00325805	
0.997928	0	0	0	0.0212542	0	0	0	0.00321791	
0.997924	0	0	0	0.0210781	0	0	0	0.00317827	
0.997919	0	0	0	0.0209035	0	0	0	0.00313912	
0.997915	0	0	0	0.0207304	0	0	0	0.00310045	
0.99791	0	0	0	0.0205587	0	0	0	0.00306226	
0.997906	0	0	0	0.0203884	0	0	0	0.00302454	
0.997901	0	0	0	0.0202195	0	0	0	0.00298728	
0.997897	0	0	0	0.020052	0	0	0	0.00295048	
0.997892	0	0	0	0.0198859	0	0	0	0.00291414	
0.997888	0	0	0	0.0197212	0	0	0	0.00287824	
0.997883	0	0	0	0.0195578	0	0	0	0.00284278	
0.997879	0	0	0	0.0193958	0	0	0	0.00280776	
0.997875	0	0	0	0.0192352	0	0	0	0.00277318	
0.99787	0	0	0	0.0190758	0	0	0	0.00273901	
0.997866	0	0	0	0.0189178	0	0	0	0.00270527	
0.997861	0	0	0	0.0187611	0	0	0	0.00267195	
0.997857	0	0	0	0.0186057	0	0	0	0.00263903	
0.997852	0	0	0	0.0184516	0	0	0	0.00260653	
0.997848	0	0	0	0.0182988	0	0	0	0.00257442	
0.997843	0	0	0	0.0181472	0	0	0	0.0025427	
0.997839	0	0	0	0.0179969	0	0	0	0.00251138	
0.997834	0	0	0	0.0178478	0	0	0	0.00248045	
0.99783	0	0	0	0.0177	0	0	0	0.00244989	
0.997825	0	0	0	0.0175534	0	0	0	0.00241971	
0.997821	0	0	0	0.017408	0	0	0	0.0023899	
0.997816	0	0	0	0.0172638	0	0	0	0.00236046	
0.997812	0	0	0	0.0171208	0	0	0	0.00233139	
0.997807	0	0	0	0.0169789	0	0	0	0.00230267	
0.997803	0	0	0	0.0168383	0	0	0	0.0022743	
0.997799	0	0	0	0.0166988	0	0	0	0.00224629	
0.997794	0	0	0	0.0165605	0	0	0	0.00221862	
0.99779	0	0	0	0.0164233	0	0	0	0.00219129	
0.997785	0	0	0	0.0162873	0	0	0	0.00216429	
0.997781	0	0	0	0.0161524	0	0	0	0.00213763	
0.997776	0	0	0	0.0160186	0	0	0	0.0021113	
0.997772	0	0	0	0.0158859	0	0	0	0.00208529	
0.997767	0	0	0	0.0157543	0	0	0	0.0020596	
0.997763	0	0	0	0.0156238	0	0	0	0.00203423	
0.997758	0	0	0	0.0154944	0	0	0	0.00200917	
0.997754	0	0	0	0.0153661	0	0	0	0.00198442	
0.997749	0	0	0	0.0152388	0	0	0	0.00195998	
0.997745	0	0	0	0.0151126	0	0	0	0.00193583	
0.99774	0	0	0	0.0149874	0	0	0	0.00191199	
0.997736	0	0	0	0.0148632	0	0	0	0.00188844	
0.997732	0	0	0	0.0147401	0	0	0	0.00186517	
0.997727	0	0	0	0.014618	0	0	0	0.0018422	
0.997723	0	0	0	0.0144969	0	0	0	0.0018195	
0.997718	0	0	0	0.0143768	0	0	0	0.00179709	
0.997714	0	0	0	0.0142578	0	0	0	0.00177495	
0.997709	0	0	0	0.0141397	0	0	0	0.00175309	
0.997705	0	0	0	0.0140225	0	0	0	0.00173149	
0.9977	0	0	0	0.0139064	0	0	0	0.00171016	
0.997696	0	0	0	0.0137912	0	0	0	0.0016891	
0.997691	0	0	0	0.013677	0	0	0	0.00166829	
0.997687	0	0	0	0.0135637	0	0	0	0.00164774	
0.997682	0	0	0	0.0134513	0	0	0	0.00162744	
0.997678	0	0	0	0.0133399	0	0	0	0.00160739	
0.997673	0	0	0	0.0132294	0	0	0	0.00158759	
0.997669	0	0	0	0.0131198	0	0	0	0.00156804	
0.997664	0	0	0	0.0130111	0	0	0	0.00154872	
0.99766	0	0	0	0.0129034	0	0	0	0.00152964	
0.997656	0	0	0	0.0127965	0	0	0	0.0015108	
0.997651	0	0	0	0.0126905	0	0	0	0.00149219	
0.997647	0	0	0	0.0125854	0	0	0	0.00147381	
0.997642	0	0	0	0.0124811	0	0	0	0.00145565	
0.997638	0	0	0	0.0123777	0	0	0	0.00143772	
0.997633	0	0	0	0.0122752	0	0	0	0.00142001	
0.997629	0	0	0	0.0121735	0	0	0	0.00140252	
0.997624	0	0	0	0.0120727	0	0	0	0.00138524	
0.99762	0	0	0	0.0119727	0	0	0	0.00136818	
0.997615	0	0	0	0.0118735	0	0	0	0.00135132	
0.997611	0	0	0	0.0117752	0	0	0	0.00133468	
0.997606	0	0	0	0.0116776	0	0	0	0.00131824	
0.997602	0	0	0	0.0115809	0	0	0	0.001302	
0.997597	0	0	0	0.011485	0	0	0	0.00128596	
0.997593	0	0	0	0.0113898	0	0	0	0.00127012	
0.997588	0	0	0	0.0112955	0	0	0	0.00125447	
0.997584	0	0	0	0.0112019	0	0	0	0.00123902	
0.99758	0	0	0	0.0111091	0	0	0	0.00122375	
0.997575	0	0	0	0.0110171	0	0	0	0.00120868	
0.997571	0	0	0	0.0109259	0	0	0	0.00119379	
0.997566	0	0	0	0.0108354	0	0	0	0.00117909	
0.997562	0	0	0	0.0107456	0	0	0	0.00116456	
0.997557	0	0	0	0.0106566	0	0	0	0.00115022	
0.997553	0	0	0	0.0105683	0	0	0	0.00113605	
0.997548	0	0	0	0.0104808	0	0	0	0.00112205	
0.997544	0	0	0	0.010394	0	0	0	0.00110823	
0.997539	0	0	0	0.0103079	0	0	0	0.00109458	
0.997535	0	0	0	0.0102225	0	0	0	0.00108109	
0.99753	0	0	0	0.0101378	0	0	0	0.00106778	
0.997526	0	0	0	0.0100538	0	0	0	0.00105462	
0.997521	0	0	0	0.00997057	0	0	0	0.00104163	
0.997517	0	0	0	0.00988798	0	0	0	0.0010288	
0.997513	0	0	0	0.00980607	0	0	0	0.00101613	
0.997508	0	0	0	0.00972485	0	0	0	0.00100361	
0.997504	0	0	0	0.00964429	0	0	0	0.000991248	
0.997499	0	0	0	0.00956441	0	0	0	0.000979037	
0.997495	0	0	0	0.00948518	0	0	0	0.000966977	
0.99749	0	0	0	0.00940661	0	0	0	0.000955065	
0.997486	0	0	0	0.0093287	0	0	0	0.0009433	
0.997481	0	0	0	0.00925143	0	0	0	0.00093168	
0.997477	0	0	0	0.00917479	0	0	0	0.000920203	
0.997472	0	0	0	0.0090988	0	0	0	0.000908868	
0.997468	0	0	0	0.00902343	0	0	0	0.000897672	
0.997463	0	0	0	0.00894868	0	0	0	0.000886614	
0.997459	0	0	0	0.00887456	0	0	0	0.000875692	
0.997454	0	0	0	0.00880105	0	0	0	0.000864905	
0.99745	0	0	0	0.00872815	0	0	0	0.00085425	
0.997446	0	0	0	0.00865585	0	0	0	0.000843727	
0.997441	0	0	0	0.00858415	0	0	0	0.000833334	
0.997437	0	0	0	0.00851305	0	0	0	0.000823069	
0.997432	0	0	0	0.00844253	0	0	0	0.00081293	
0.997428	0	0	0	0.0083726	0	0	0	0.000802916	
0.997423	0	0	0	0.00830325	0	0	0	0.000793025	
0.997419	0	0	0	0.00823447	0	0	0	0.000783256	
0.997414	0	0	0	0.00816626	0	0	0	0.000773607	
0.99741	0	0	0	0.00809862	0	0	0	0.000764078	
0.997405	0	0	0	0.00803154	0	0	0	0.000754665	
0.997401	0	0	0	0.00796501	0	0	0	0.000745369	
0.997396	0	0	0	0.00789903	0	0	0	0.000736187	
0.997392	0	0	0	0.0078336	0	0	0	0.000727119	
0.997387	0	0	0	0.00776871	0	0	0	0.000718162	
0.997383	0	0	0	0.00770436	0	0	0	0.000709315	
0.997378	0	0	0	0.00764055	0	0	0	0.000700577	
0.997374	0	0	0	0.00757726	0	0	0	0.000691947	
0.99737	0	0	0	0.00751449	0	0	0	0.000683423	
0.997365	0	0	0	0.00745225	0	0	0	0.000675005	
0.997361	0	0	0	0.00739052	0	0	0	0.00066669	
0.997356	0	0	0	0.0073293	0	0	0	0.000658477	
0.997352	0	0	0	0.00726859	0	0	0	0.000650366	
0.997347	0	0	0	0.00720838	0	0	0	0.000642354	
0.997343	0	0	0	0.00714867	0	0	0	0.000634441	
0.997338	0	0	0	0.00708946	0	0	0	0.000626626	
0.997334	0	0	0	0.00703074	0	0	0	0.000618907	
0.997329	0	0	0	0.0069725	0	0	0	0.000611283	
0.997325	0	0	0	0.00691474	0	0	0	0.000603753	
0.99732	0	0	0	0.00685747	0	0	0	0.000596315	
0.997316	0	0	0	0.00680067	0	0	0	0.00058897	
0.997311	0	0	0	0.00674433	0	0	0	0.000581714	
0.997307	0	0	0	0.00668847	0	0	0	0.000574549	
0.997303	0	0	0	0.00663307	0	0	0	0.000567471	
0.997298	0	0	0	0.00657812	0	0	0	0.000560481	
0.997294	0	0	0	0.00652363	0	0	0	0.000553576	
0.997289	0	0	0	0.0064696	0	0	0	0.000546757	
0.997285	0	0	0	0.00641601	0	0	0	0.000540022	
0.99728	0	0	0	0.00636286	0	0	0	0.00053337	
0.997276	0	0	0	0.00631016	0	0	0	0.000526799	
0.997271	0	0	0	0.00625789	0	0	0	0.00052031	
0.997267	0	0	0	0.00620605	0	0	0	0.000513901	
0.997262	0	0	0	0.00615465	0	0	0	0.00050757	
0.997258	0	0	0	0.00610367	0	0	0	0.000501318	
0.997253	0	0	0	0.00605311	0	0	0	0.000495142	
0.997249	0	0	0	0.00600297	0	0	0	0.000489043	
0.997244	0	0	0	0.00595324	0	0	0	0.000483018	
0.99724	0	0	0	0.00590393	0	0	0	0.000477068	
0.997236	0	0	0	0.00585503	0	0	0	0.000471192	
0.997231	0	0	0	0.00580653	0	0	0	0.000465387	
0.997227	0	0	0	0.00575843	0	0	0	0.000459654	
0.997222	0	0	0	0.00571073	0	0	0	0.000453992	
0.997218	0	0	0	0.00566343	0	0	0	0.0004484	
0.997213	0	0	0	0.00561652	0	0	0	0.000442876	
0.997209	0	0	0	0.00557	0	0	0	0.000437421	
0.997204	0	0	0	0.00552386	0	0	0	0.000432032	
0.9972	0	0	0	0.0054781	0	0	0	0.00042671	
0.997195	0	0	0	0.00543273	0	0	0	0.000421454	
0.997191	0	0	0	0.00538772	0	0	0	0.000416262	
0.997186	0	0	0	0.0053431	0	0	0	0.000411134	
0.997182	0	0	0	0.00529884	0	0	0	0.00040607	
0.997177	0	0	0	0.00525495	0	0	0	0.000401068	
0.997173	0	0	0	0.00521142	0	0	0	0.000396127	
0.997169	0	0	0	0.00516825	0	0	0	0.000391247	
0.997164	0	0	0	0.00512544	0	0	0	0.000386428	
0.99716	0	0	0	0.00508299	0	0	0	0.000381668	
0.997155	0	0	0	0.00504088	0	0	0	0.000376966	
0.997151	0	0	0	0.00499913	0	0	0	0.000372322	
0.997146	0	0	0	0.00495772	0	0	0	0.000367736	
0.997142	0	0	0	0.00491665	0	0	0	0.000363206	
0.997137	0	0	0	0.00487593	0	0	0	0.000358732	
0.997133	0	0	0	0.00483554	0	0	0	0.000354313	
0.997128	0	0	0	0.00479548	0	0	0	0.000349948	
0.997124	0	0	0	0.00475576	0	0	0	0.000345637	
0.997119	0	0	0	0.00471637	0	0	0	0.00034138	
0.997115	0	0	0	0.0046773	0	0	0	0.000337174	
0.99711	0	0	0	0.00463856	0	0	0	0.000333021	
0.997106	0	0	0	0.00460013	0	0	0	0.000328919	
0.997102	0	0	0	0.00456203	0	0	0	0.000324867	
0.997097	0	0	0	0.00452424	0	0	0	0.000320865	
0.997093	0	0	0	0.00448677	0	0	0	0.000316912	
0.997088	0	0	0	0.0044496	0	0	0	0.000313008	
0.997084	0	0	0	0.00441274	0	0	0	0.000309153	
0.997079	0	0	0	0.00437619	0	0	0	0.000305344	
0.997075	0	0	0	0.00433994	0	0	0	0.000301583	
0.99707	0	0	0	0.00430399	0	0	0	0.000297868	
0.997066	0	0	0	0.00426834	0	0	0	0.000294199	
0.997061	0	0	0	0.00423299	0	0	0	0.000290575	
0.997057	0	0	0	0.00419792	0	0	0	0.000286995	
0.997052	0	0	0	0.00416315	0	0	0	0.00028346	
0.997048	0	0	0	0.00412867	0	0	0	0.000279968	
0.997043	0	0	0	0.00409447	0	0	0	0.000276519	
0.997039	0	0	0	0.00406055	0	0	0	0.000273113	
0.997035	0	0	0	0.00402692	0	0	0	0.000269749	
0.99703	0	0	0	0.00399356	0	0	0	0.000266426	
0.997026	0	0	0	0.00396048	0	0	0	0.000263144	
0.997021	0	0	0	0.00392768	0	0	0	0.000259902	
0.997017	0	0	0	0.00389514	0	0	0	0.000256701	
0.997012	0	0	0	0.00386288	0	0	0	0.000253538	
0.997008	0	0	0	0.00383088	0	0	0	0.000250415	
0.997003	0	0	0	0.00379915	0	0	0	0.00024733	
0.996999	0	0	0	0.00376768	0	0	0	0.000244284	
0.996994	0	0	0	0.00373647	0	0	0	0.000241275	
0.99699	0	0	0	0.00370552	0	0	0	0.000238302	
0.996985	0	0	0	0.00367483	0	0	0	0.000235367	
0.996981	0	0	0	0.00364439	0	0	0	0.000232468	
0.996976	0	0	0	0.0036142	0	0	0	0.000229604	
0.996972	0	0	0	0.00358426	0	0	0	0.000226775	
0.996968	0	0	0	0.00355457	0	0	0	0.000223982	
0.996963	0	0	0	0.00352513	0	0	0	0.000221223	
0.996959	0	0	0	0.00349593	0	0	0	0.000218498	
0.996954	0	0	0	0.00346697	0	0	0	0.000215806	
0.99695	0	0	0	0.00343825	0	0	0	0.000213148	
0.996945	0	0	0	0.00340977	0	0	0	0.000210522	
0.996941	0	0	0	0.00338153	0	0	0	0.000207929	
0.996936	0	0	0	0.00335352	0	0	0	0.000205367	
0.996932	0	0	0	0.00332574	0	0	0	0.000202838	
0.996927	0	0	0	0.00329819	0	0	0	0.000200339	
0.996923	0	0	0	0.00327087	0	0	0	0.000197871	
0.996918	0	0	0	0.00324378	0	0	0	0.000195434	
0.996914	0	0	0	0.00321691	0	0	0	0.000193026	
0.99691	0	0	0	0.00319027	0	0	0	0.000190648	
0.996905	0	0	0	0.00316384	0	0	0	0.0001883	
0.996901	0	0	0	0.00313763	0	0	0	0.00018598	
0.996896	0	0	0	0.00311164	0	0	0	0.000183689	
0.996892	0	0	0	0.00308587	0	0	0	0.000181427	
0.996887	0	0	0	0.00306031	0	0	0	0.000179192	
0.996883	0	0	0	0.00303496	0	0	0	0.000176984	
0.996878	0	0	0	0.00300982	0	0	0	0.000174804	
0.996874	0	0	0	0.00298489	0	0	0	0.000172651	
0.996869	0	0	0	0.00296016	0	0	0	0.000170524	
