1	0	0	0	1	0	0	0	1	
0.999914	1.1856e-06	0	3.0536e-07	0.995528	0	0	0	0.979287	
0.999829	4.65531e-06	0	1.19969e-06	0.991112	0	0	0	0.959318	
0.999744	1.03022e-05	0	2.65479e-06	0.986719	0	0	0	0.93976	
0.999659	1.802e-05	0	4.64326e-06	0.982349	0	0	0	0.920604	
0.999575	2.77102e-05	0	7.13976e-06	0.978001	0	0	0	0.901843	
0.999491	3.92815e-05	0	1.01208e-05	0.973676	0	0	0	0.883467	
0.999407	5.26492e-05	0	1.35645e-05	0.969372	0	0	0	0.865469	
0.999324	6.77338e-05	0	1.74504e-05	0.96509	0	0	0	0.847841	
0.999241	8.4461e-05	0	2.17593e-05	0.96083	0	0	0	0.830576	
0.999158	0.000102761	0	2.64735e-05	0.956591	0	0	0	0.813665	
0.999076	0.000122569	0	3.15758e-05	0.952373	0	0	0	0.797101	
0.998994	0.000143821	0	3.70504e-05	0.948176	0	0	0	0.780878	
0.998912	0.000166461	0	4.28821e-05	0.943999	0	0	0	0.764988	
0.99883	0.000190431	0	4.90567e-05	0.939844	0	0	0	0.749425	
0.998749	0.00021568	0	5.55605e-05	0.935709	0	0	0	0.734181	
0.998668	0.000242157	0	6.23807e-05	0.931594	0	0	0	0.719249	
0.998587	0.000269815	0	6.95049e-05	0.927499	0	0	0	0.704625	
0.998506	0.000298607	0	7.69214e-05	0.923424	0	0	0	0.6903	
0.998425	0.000328491	0	8.4619e-05	0.919368	0	0	0	0.67627	
0.998345	0.000359424	0	9.25869e-05	0.915333	0	0	0	0.662527	
0.998265	0.000391367	0	0.000100815	0.911317	0	0	0	0.649066	
0.998185	0.000424282	0	0.000109293	0.90732	0	0	0	0.635882	
0.998105	0.000458131	0	0.000118012	0.903342	0	0	0	0.622968	
0.998026	0.000492879	0	0.000126963	0.899384	0	0	0	0.610318	
0.997946	0.000528493	0	0.000136136	0.895444	0	0	0	0.597928	
0.997867	0.00056494	0	0.000145524	0.891523	0	0	0	0.585793	
0.997788	0.000602189	0	0.000155119	0.887621	0	0	0	0.573905	
0.997709	0.000640208	0	0.000164912	0.883737	0	0	0	0.562262	
0.997631	0.00067897	0	0.000174896	0.879872	0	0	0	0.550857	
0.997552	0.000718446	0	0.000185064	0.876025	0	0	0	0.539686	
0.997474	0.000758608	0	0.000195409	0.872196	0	0	0	0.528744	
0.997395	0.000799431	0	0.000205924	0.868385	0	0	0	0.518026	
0.997317	0.000840889	0	0.000216603	0.864592	0	0	0	0.507528	
0.997239	0.000882958	0	0.000227439	0.860817	0	0	0	0.497244	
0.997161	0.000925614	0	0.000238426	0.857059	0	0	0	0.487172	
0.997084	0.000968835	0	0.000249559	0.853319	0	0	0	0.477305	
0.997006	0.0010126	0	0.000260831	0.849597	0	0	0	0.467641	
0.996929	0.00105688	0	0.000272237	0.845892	0	0	0	0.458174	
0.996851	0.00110166	0	0.000283772	0.842204	0	0	0	0.448902	
0.996774	0.00114693	0	0.000295431	0.838533	0	0	0	0.439819	
0.996697	0.00119265	0	0.000307208	0.834879	0	0	0	0.430922	
0.99662	0.00123881	0	0.000319099	0.831242	0	0	0	0.422207	
0.996543	0.0012854	0	0.000331099	0.827622	0	0	0	0.413671	
0.996467	0.0013324	0	0.000343204	0.824018	0	0	0	0.405309	
0.99639	0.00137978	0	0.000355408	0.820431	0	0	0	0.397118	
0.996314	0.00142753	0	0.000367709	0.816861	0	0	0	0.389095	
0.996237	0.00147564	0	0.0003801	0.813307	0	0	0	0.381236	
0.996161	0.00152409	0	0.00039258	0.80977	0	0	0	0.373538	
0.996085	0.00157287	0	0.000405143	0.806248	0	0	0	0.365997	
0.996008	0.00162195	0	0.000417786	0.802743	0	0	0	0.35861	
0.995932	0.00167133	0	0.000430505	0.799254	0	0	0	0.351375	
0.995856	0.00172099	0	0.000443297	0.79578	0	0	0	0.344287	
0.995781	0.00177093	0	0.000456158	0.792323	0	0	0	0.337344	
0.995705	0.00182111	0	0.000469085	0.788881	0	0	0	0.330544	
0.995629	0.00187154	0	0.000482075	0.785455	0	0	0	0.323882	
0.995554	0.0019222	0	0.000495123	0.782045	0	0	0	0.317356	
0.995478	0.00197308	0	0.000508229	0.77865	0	0	0	0.310964	
0.995403	0.00202417	0	0.000521387	0.77527	0	0	0	0.304702	
0.995327	0.00207545	0	0.000534596	0.771906	0	0	0	0.298568	
0.995252	0.00212691	0	0.000547852	0.768557	0	0	0	0.29256	
0.995177	0.00217856	0	0.000561153	0.765223	0	0	0	0.286674	
0.995102	0.00223036	0	0.000574497	0.761904	0	0	0	0.280909	
0.995026	0.00228232	0	0.00058788	0.7586	0	0	0	0.275261	
0.994951	0.00233442	0	0.0006013	0.755311	0	0	0	0.269728	
0.994877	0.00238666	0	0.000614755	0.752037	0	0	0	0.264309	
0.994802	0.00243902	0	0.000628242	0.748777	0	0	0	0.259	
0.994727	0.0024915	0	0.00064176	0.745533	0	0	0	0.253799	
0.994652	0.00254408	0	0.000655304	0.742303	0	0	0	0.248705	
0.994577	0.00259677	0	0.000668875	0.739087	0	0	0	0.243714	
0.994503	0.00264955	0	0.000682469	0.735886	0	0	0	0.238826	
0.994428	0.00270241	0	0.000696085	0.732699	0	0	0	0.234037	
0.994354	0.00275535	0	0.00070972	0.729526	0	0	0	0.229346	
0.994279	0.00280835	0	0.000723372	0.726368	0	0	0	0.22475	
0.994205	0.00286142	0	0.00073704	0.723223	0	0	0	0.220249	
0.994131	0.00291453	0	0.000750723	0.720093	0	0	0	0.215839	
0.994056	0.0029677	0	0.000764417	0.716977	0	0	0	0.211519	
0.993982	0.00302091	0	0.000778121	0.713875	0	0	0	0.207287	
0.993908	0.00307415	0	0.000791834	0.710786	0	0	0	0.203141	
0.993834	0.00312741	0	0.000805554	0.707711	0	0	0	0.19908	
0.99376	0.0031807	0	0.00081928	0.70465	0	0	0	0.195101	
0.993686	0.003234	0	0.000833009	0.701603	0	0	0	0.191204	
0.993612	0.00328732	0	0.000846741	0.698569	0	0	0	0.187386	
0.993538	0.00334063	0	0.000860474	0.695549	0	0	0	0.183646	
0.993464	0.00339395	0	0.000874207	0.692542	0	0	0	0.179982	
0.99339	0.00344726	0	0.000887938	0.689548	0	0	0	0.176392	
0.993316	0.00350055	0	0.000901666	0.686568	0	0	0	0.172876	
0.993243	0.00355383	0	0.000915389	0.683601	0	0	0	0.169431	
0.993169	0.00360709	0	0.000929107	0.680647	0	0	0	0.166057	
0.993095	0.00366032	0	0.000942817	0.677706	0	0	0	0.162751	
0.993022	0.00371352	0	0.00095652	0.674778	0	0	0	0.159512	
0.992948	0.00376669	0	0.000970214	0.671863	0	0	0	0.15634	
0.992875	0.00381981	0	0.000983897	0.668961	0	0	0	0.153232	
0.992801	0.00387289	0	0.000997569	0.666072	0	0	0	0.150187	
0.992728	0.00392592	0	0.00101123	0.663195	0	0	0	0.147204	
0.992654	0.0039789	0	0.00102488	0.660332	0	0	0	0.144281	
0.992581	0.00403183	0	0.00103851	0.657481	0	0	0	0.141419	
0.992507	0.00408469	0	0.00105212	0.654642	0	0	0	0.138614	
0.992434	0.00413749	0	0.00106572	0.651816	0	0	0	0.135866	
0.992361	0.00419023	0	0.00107931	0.649003	0	0	0	0.133174	
0.992288	0.00424289	0	0.00109287	0.646202	0	0	0	0.130537	
0.992214	0.00429548	0	0.00110642	0.643413	0	0	0	0.127954	
0.992141	0.00434799	0	0.00111994	0.640636	0	0	0	0.125423	
0.992068	0.00440043	0	0.00113345	0.637872	0	0	0	0.122943	
0.991995	0.00445278	0	0.00114693	0.63512	0	0	0	0.120514	
0.991922	0.00450505	0	0.0011604	0.63238	0	0	0	0.118134	
0.991849	0.00455722	0	0.00117383	0.629652	0	0	0	0.115803	
0.991776	0.00460931	0	0.00118725	0.626936	0	0	0	0.113518	
0.991703	0.0046613	0	0.00120064	0.624232	0	0	0	0.11128	
0.99163	0.0047132	0	0.00121401	0.621539	0	0	0	0.109088	
0.991557	0.004765	0	0.00122735	0.618859	0	0	0	0.10694	
0.991484	0.00481669	0	0.00124067	0.61619	0	0	0	0.104835	
0.991411	0.00486828	0	0.00125396	0.613533	0	0	0	0.102774	
0.991338	0.00491977	0	0.00126722	0.610888	0	0	0	0.100754	
0.991265	0.00497115	0	0.00128045	0.608254	0	0	0	0.0987749	
0.991192	0.00502242	0	0.00129366	0.605632	0	0	0	0.096836	
0.99112	0.00507357	0	0.00130683	0.603021	0	0	0	0.0949365	
0.991047	0.00512461	0	0.00131998	0.600422	0	0	0	0.0930755	
0.990974	0.00517554	0	0.0013331	0.597834	0	0	0	0.0912521	
0.990901	0.00522635	0	0.00134618	0.595258	0	0	0	0.0894657	
0.990829	0.00527704	0	0.00135924	0.592692	0	0	0	0.0877155	
0.990756	0.0053276	0	0.00137226	0.590138	0	0	0	0.0860007	
0.990684	0.00537805	0	0.00138526	0.587595	0	0	0	0.0843207	
0.990611	0.00542836	0	0.00139822	0.585063	0	0	0	0.0826746	
0.990538	0.00547856	0	0.00141114	0.582542	0	0	0	0.0810619	
0.990466	0.00552862	0	0.00142404	0.580033	0	0	0	0.0794818	
0.990393	0.00557856	0	0.0014369	0.577534	0	0	0	0.0779336	
0.990321	0.00562836	0	0.00144973	0.575046	0	0	0	0.0764168	
0.990248	0.00567803	0	0.00146252	0.572569	0	0	0	0.0749306	
0.990176	0.00572757	0	0.00147528	0.570103	0	0	0	0.0734745	
0.990103	0.00577698	0	0.00148801	0.567647	0	0	0	0.0720478	
0.990031	0.00582625	0	0.0015007	0.565202	0	0	0	0.07065	
0.989958	0.00587538	0	0.00151336	0.562768	0	0	0	0.0692804	
0.989886	0.00592437	0	0.00152597	0.560345	0	0	0	0.0679385	
0.989814	0.00597323	0	0.00153856	0.557932	0	0	0	0.0666236	
0.989741	0.00602194	0	0.00155111	0.555529	0	0	0	0.0653353	
0.989669	0.00607052	0	0.00156362	0.553137	0	0	0	0.0640731	
0.989597	0.00611895	0	0.00157609	0.550755	0	0	0	0.0628363	
0.989524	0.00616724	0	0.00158853	0.548384	0	0	0	0.0616244	
0.989452	0.00621538	0	0.00160093	0.546023	0	0	0	0.060437	
0.98938	0.00626338	0	0.00161329	0.543673	0	0	0	0.0592735	
0.989307	0.00631124	0	0.00162562	0.541332	0	0	0	0.0581336	
0.989235	0.00635894	0	0.00163791	0.539002	0	0	0	0.0570165	
0.989163	0.00640651	0	0.00165016	0.536682	0	0	0	0.055922	
0.989091	0.00645392	0	0.00166237	0.534372	0	0	0	0.0548496	
0.989019	0.00650119	0	0.00167455	0.532072	0	0	0	0.0537987	
0.988946	0.0065483	0	0.00168668	0.529782	0	0	0	0.052769	
0.988874	0.00659527	0	0.00169878	0.527502	0	0	0	0.0517601	
0.988802	0.00664209	0	0.00171084	0.525231	0	0	0	0.0507714	
0.98873	0.00668875	0	0.00172286	0.522971	0	0	0	0.0498027	
0.988658	0.00673527	0	0.00173484	0.520721	0	0	0	0.0488534	
0.988586	0.00678163	0	0.00174678	0.51848	0	0	0	0.0479232	
0.988514	0.00682785	0	0.00175868	0.516249	0	0	0	0.0470117	
0.988442	0.00687391	0	0.00177055	0.514028	0	0	0	0.0461186	
0.98837	0.00691981	0	0.00178237	0.511816	0	0	0	0.0452434	
0.988298	0.00696557	0	0.00179416	0.509614	0	0	0	0.0443857	
0.988226	0.00701117	0	0.0018059	0.507421	0	0	0	0.0435453	
0.988154	0.00705661	0	0.00181761	0.505238	0	0	0	0.0427218	
0.988082	0.0071019	0	0.00182927	0.503065	0	0	0	0.0419148	
0.98801	0.00714704	0	0.0018409	0.5009	0	0	0	0.041124	
0.987938	0.00719202	0	0.00185249	0.498746	0	0	0	0.040349	
0.987866	0.00723685	0	0.00186403	0.4966	0	0	0	0.0395896	
0.987794	0.00728152	0	0.00187554	0.494464	0	0	0	0.0388454	
0.987722	0.00732604	0	0.001887	0.492337	0	0	0	0.0381162	
0.98765	0.0073704	0	0.00189843	0.49022	0	0	0	0.0374015	
0.987578	0.0074146	0	0.00190982	0.488111	0	0	0	0.0367011	
0.987506	0.00745865	0	0.00192116	0.486012	0	0	0	0.0360148	
0.987434	0.00750255	0	0.00193247	0.483921	0	0	0	0.0353422	
0.987362	0.00754628	0	0.00194373	0.48184	0	0	0	0.0346831	
0.987291	0.00758986	0	0.00195496	0.479768	0	0	0	0.0340371	
0.987219	0.00763329	0	0.00196614	0.477705	0	0	0	0.0334041	
0.987147	0.00767656	0	0.00197729	0.47565	0	0	0	0.0327837	
0.987075	0.00771967	0	0.00198839	0.473605	0	0	0	0.0321757	
0.987003	0.00776262	0	0.00199946	0.471568	0	0	0	0.0315799	
0.986932	0.00780542	0	0.00201048	0.469541	0	0	0	0.0309959	
0.98686	0.00784806	0	0.00202146	0.467522	0	0	0	0.0304236	
0.986788	0.00789055	0	0.00203241	0.465511	0	0	0	0.0298627	
0.986716	0.00793288	0	0.00204331	0.46351	0	0	0	0.029313	
0.986645	0.00797505	0	0.00205417	0.461517	0	0	0	0.0287743	
0.986573	0.00801707	0	0.00206499	0.459533	0	0	0	0.0282463	
0.986501	0.00805893	0	0.00207578	0.457557	0	0	0	0.0277288	
0.986429	0.00810064	0	0.00208652	0.45559	0	0	0	0.0272216	
0.986358	0.00814218	0	0.00209722	0.453631	0	0	0	0.0267245	
0.986286	0.00818358	0	0.00210788	0.451681	0	0	0	0.0262373	
0.986214	0.00822481	0	0.0021185	0.449739	0	0	0	0.0257598	
0.986143	0.0082659	0	0.00212909	0.447806	0	0	0	0.0252918	
0.986071	0.00830682	0	0.00213963	0.445881	0	0	0	0.0248331	
0.985999	0.00834759	0	0.00215013	0.443964	0	0	0	0.0243835	
0.985928	0.00838821	0	0.00216059	0.442056	0	0	0	0.0239428	
0.985856	0.00842867	0	0.00217101	0.440155	0	0	0	0.0235109	
0.985785	0.00846898	0	0.00218139	0.438263	0	0	0	0.0230875	
0.985713	0.00850913	0	0.00219173	0.43638	0	0	0	0.0226726	
0.985641	0.00854912	0	0.00220204	0.434504	0	0	0	0.0222658	
0.98557	0.00858897	0	0.0022123	0.432636	0	0	0	0.0218671	
0.985498	0.00862866	0	0.00222252	0.430777	0	0	0	0.0214763	
0.985427	0.00866819	0	0.00223271	0.428925	0	0	0	0.0210933	
0.985355	0.00870757	0	0.00224285	0.427082	0	0	0	0.0207178	
0.985284	0.0087468	0	0.00225295	0.425246	0	0	0	0.0203497	
0.985212	0.00878588	0	0.00226302	0.423419	0	0	0	0.0199889	
0.985141	0.0088248	0	0.00227304	0.421599	0	0	0	0.0196353	
0.985069	0.00886357	0	0.00228303	0.419787	0	0	0	0.0192886	
0.984998	0.00890219	0	0.00229298	0.417983	0	0	0	0.0189487	
0.984926	0.00894065	0	0.00230288	0.416187	0	0	0	0.0186156	
0.984855	0.00897897	0	0.00231275	0.414398	0	0	0	0.018289	
0.984783	0.00901713	0	0.00232258	0.412618	0	0	0	0.0179689	
0.984712	0.00905514	0	0.00233237	0.410844	0	0	0	0.0176551	
0.98464	0.00909301	0	0.00234213	0.409079	0	0	0	0.0173474	
0.984569	0.00913072	0	0.00235184	0.407321	0	0	0	0.0170458	
0.984497	0.00916828	0	0.00236151	0.405571	0	0	0	0.0167501	
0.984426	0.00920569	0	0.00237115	0.403828	0	0	0	0.0164603	
0.984355	0.00924295	0	0.00238075	0.402093	0	0	0	0.0161761	
0.984283	0.00928007	0	0.00239031	0.400365	0	0	0	0.0158975	
0.984212	0.00931703	0	0.00239983	0.398645	0	0	0	0.0156243	
0.98414	0.00935385	0	0.00240931	0.396932	0	0	0	0.0153566	
0.984069	0.00939051	0	0.00241876	0.395227	0	0	0	0.015094	
0.983998	0.00942703	0	0.00242816	0.393529	0	0	0	0.0148366	
0.983926	0.00946341	0	0.00243753	0.391838	0	0	0	0.0145843	
0.983855	0.00949963	0	0.00244686	0.390154	0	0	0	0.0143368	
0.983784	0.00953571	0	0.00245615	0.388478	0	0	0	0.0140942	
0.983712	0.00957165	0	0.00246541	0.386809	0	0	0	0.0138564	
0.983641	0.00960743	0	0.00247463	0.385147	0	0	0	0.0136232	
0.98357	0.00964308	0	0.00248381	0.383492	0	0	0	0.0133945	
0.983498	0.00967857	0	0.00249295	0.381845	0	0	0	0.0131703	
0.983427	0.00971392	0	0.00250206	0.380204	0	0	0	0.0129504	
0.983356	0.00974913	0	0.00251113	0.378571	0	0	0	0.0127349	
0.983284	0.0097842	0	0.00252016	0.376945	0	0	0	0.0125235	
0.983213	0.00981912	0	0.00252915	0.375325	0	0	0	0.0123162	
0.983142	0.00985389	0	0.00253811	0.373713	0	0	0	0.012113	
0.983071	0.00988853	0	0.00254703	0.372108	0	0	0	0.0119137	
0.982999	0.00992302	0	0.00255591	0.370509	0	0	0	0.0117182	
0.982928	0.00995737	0	0.00256476	0.368918	0	0	0	0.0115266	
0.982857	0.00999158	0	0.00257357	0.367333	0	0	0	0.0113387	
0.982786	0.0100256	0	0.00258235	0.365755	0	0	0	0.0111544	
0.982714	0.0100596	0	0.00259109	0.364184	0	0	0	0.0109736	
0.982643	0.0100934	0	0.00259979	0.36262	0	0	0	0.0107964	
0.982572	0.010127	0	0.00260846	0.361062	0	0	0	0.0106226	
0.982501	0.0101605	0	0.00261709	0.359511	0	0	0	0.0104521	
0.98243	0.0101939	0	0.00262568	0.357967	0	0	0	0.0102849	
0.982358	0.0102271	0	0.00263424	0.356429	0	0	0	0.0101209	
0.982287	0.0102602	0	0.00264276	0.354898	0	0	0	0.00996012	
0.982216	0.0102932	0	0.00265125	0.353374	0	0	0	0.0098024	
0.982145	0.010326	0	0.0026597	0.351856	0	0	0	0.00964771	
0.982074	0.0103587	0	0.00266812	0.350345	0	0	0	0.00949599	
0.982003	0.0103912	0	0.0026765	0.34884	0	0	0	0.00934717	
0.981932	0.0104236	0	0.00268485	0.347342	0	0	0	0.00920121	
0.98186	0.0104559	0	0.00269316	0.34585	0	0	0	0.00905804	
0.981789	0.010488	0	0.00270144	0.344365	0	0	0	0.00891761	
0.981718	0.01052	0	0.00270968	0.342886	0	0	0	0.00877986	
0.981647	0.0105519	0	0.00271789	0.341413	0	0	0	0.00864474	
0.981576	0.0105836	0	0.00272607	0.339947	0	0	0	0.0085122	
0.981505	0.0106152	0	0.00273421	0.338487	0	0	0	0.00838218	
0.981434	0.0106467	0	0.00274231	0.337033	0	0	0	0.00825464	
0.981363	0.010678	0	0.00275038	0.335586	0	0	0	0.00812952	
0.981292	0.0107092	0	0.00275842	0.334144	0	0	0	0.00800677	
0.981221	0.0107403	0	0.00276642	0.332709	0	0	0	0.00788636	
0.98115	0.0107712	0	0.00277439	0.331281	0	0	0	0.00776823	
0.981079	0.010802	0	0.00278233	0.329858	0	0	0	0.00765234	
0.981007	0.0108327	0	0.00279023	0.328441	0	0	0	0.00753863	
0.980936	0.0108633	0	0.0027981	0.327031	0	0	0	0.00742708	
0.980865	0.0108937	0	0.00280593	0.325626	0	0	0	0.00731763	
0.980794	0.010924	0	0.00281373	0.324228	0	0	0	0.00721025	
0.980723	0.0109542	0	0.0028215	0.322836	0	0	0	0.00710489	
0.980652	0.0109842	0	0.00282924	0.321449	0	0	0	0.00700151	
0.980581	0.0110141	0	0.00283694	0.320069	0	0	0	0.00690008	
0.98051	0.0110439	0	0.00284461	0.318695	0	0	0	0.00680054	
0.980439	0.0110735	0	0.00285225	0.317326	0	0	0	0.00670288	
0.980368	0.0111031	0	0.00285986	0.315963	0	0	0	0.00660704	
0.980297	0.0111325	0	0.00286743	0.314607	0	0	0	0.006513	
0.980227	0.0111617	0	0.00287497	0.313256	0	0	0	0.00642071	
0.980156	0.0111909	0	0.00288248	0.311911	0	0	0	0.00633015	
0.980085	0.0112199	0	0.00288995	0.310571	0	0	0	0.00624127	
0.980014	0.0112488	0	0.0028974	0.309238	0	0	0	0.00615405	
0.979943	0.0112776	0	0.00290481	0.30791	0	0	0	0.00606845	
0.979872	0.0113062	0	0.00291219	0.306588	0	0	0	0.00598444	
0.979801	0.0113348	0	0.00291954	0.305271	0	0	0	0.00590198	
0.97973	0.0113632	0	0.00292686	0.303961	0	0	0	0.00582106	
0.979659	0.0113915	0	0.00293414	0.302655	0	0	0	0.00574163	
0.979588	0.0114196	0	0.0029414	0.301356	0	0	0	0.00566367	
0.979517	0.0114477	0	0.00294862	0.300062	0	0	0	0.00558714	
0.979446	0.0114756	0	0.00295581	0.298774	0	0	0	0.00551203	
0.979376	0.0115034	0	0.00296298	0.297491	0	0	0	0.0054383	
0.979305	0.0115311	0	0.00297011	0.296213	0	0	0	0.00536592	
0.979234	0.0115587	0	0.00297721	0.294942	0	0	0	0.00529487	
0.979163	0.0115861	0	0.00298428	0.293675	0	0	0	0.00522512	
0.979092	0.0116134	0	0.00299132	0.292414	0	0	0	0.00515665	
0.979021	0.0116406	0	0.00299832	0.291159	0	0	0	0.00508942	
0.97895	0.0116677	0	0.0030053	0.289909	0	0	0	0.00502343	
0.97888	0.0116947	0	0.00301225	0.288664	0	0	0	0.00495863	
0.978809	0.0117216	0	0.00301917	0.287425	0	0	0	0.00489502	
0.978738	0.0117483	0	0.00302606	0.286191	0	0	0	0.00483256	
0.978667	0.0117749	0	0.00303292	0.284962	0	0	0	0.00477123	
0.978596	0.0118015	0	0.00303975	0.283739	0	0	0	0.00471101	
0.978525	0.0118279	0	0.00304655	0.282521	0	0	0	0.00465188	
0.978455	0.0118541	0	0.00305332	0.281308	0	0	0	0.00459381	
0.978384	0.0118803	0	0.00306006	0.2801	0	0	0	0.0045368	
0.978313	0.0119064	0	0.00306677	0.278897	0	0	0	0.0044808	
0.978242	0.0119323	0	0.00307345	0.2777	0	0	0	0.00442582	
0.978172	0.0119581	0	0.0030801	0.276508	0	0	0	0.00437181	
0.978101	0.0119839	0	0.00308673	0.275321	0	0	0	0.00431878	
0.97803	0.0120095	0	0.00309332	0.274139	0	0	0	0.00426669	
0.977959	0.012035	0	0.00309989	0.272962	0	0	0	0.00421553	
0.977889	0.0120603	0	0.00310643	0.27179	0	0	0	0.00416528	
0.977818	0.0120856	0	0.00311294	0.270623	0	0	0	0.00411592	
0.977747	0.0121108	0	0.00311942	0.269462	0	0	0	0.00406744	
0.977676	0.0121358	0	0.00312587	0.268305	0	0	0	0.00401982	
0.977606	0.0121608	0	0.0031323	0.267153	0	0	0	0.00397304	
0.977535	0.0121856	0	0.00313869	0.266006	0	0	0	0.00392708	
0.977464	0.0122103	0	0.00314506	0.264864	0	0	0	0.00388193	
0.977394	0.012235	0	0.0031514	0.263727	0	0	0	0.00383758	
0.977323	0.0122595	0	0.00315772	0.262595	0	0	0	0.003794	
0.977252	0.0122839	0	0.003164	0.261468	0	0	0	0.00375119	
0.977182	0.0123082	0	0.00317026	0.260345	0	0	0	0.00370913	
0.977111	0.0123324	0	0.00317649	0.259228	0	0	0	0.00366779	
0.97704	0.0123565	0	0.0031827	0.258115	0	0	0	0.00362718	
0.97697	0.0123804	0	0.00318887	0.257007	0	0	0	0.00358727	
0.976899	0.0124043	0	0.00319502	0.255904	0	0	0	0.00354806	
0.976828	0.0124281	0	0.00320115	0.254805	0	0	0	0.00350952	
0.976758	0.0124518	0	0.00320724	0.253712	0	0	0	0.00347165	
0.976687	0.0124753	0	0.00321331	0.252623	0	0	0	0.00343443	
0.976616	0.0124988	0	0.00321935	0.251538	0	0	0	0.00339785	
0.976546	0.0125221	0	0.00322537	0.250459	0	0	0	0.00336189	
0.976475	0.0125454	0	0.00323136	0.249383	0	0	0	0.00332656	
0.976404	0.0125685	0	0.00323732	0.248313	0	0	0	0.00329182	
0.976334	0.0125916	0	0.00324326	0.247247	0	0	0	0.00325768	
0.976263	0.0126145	0	0.00324917	0.246186	0	0	0	0.00322411	
0.976193	0.0126374	0	0.00325506	0.245129	0	0	0	0.00319112	
0.976122	0.0126601	0	0.00326092	0.244077	0	0	0	0.00315869	
0.976052	0.0126828	0	0.00326675	0.243029	0	0	0	0.0031268	
0.975981	0.0127053	0	0.00327256	0.241986	0	0	0	0.00309545	
0.97591	0.0127278	0	0.00327834	0.240948	0	0	0	0.00306462	
0.97584	0.0127501	0	0.00328409	0.239913	0	0	0	0.00303432	
0.975769	0.0127724	0	0.00328983	0.238884	0	0	0	0.00300452	
0.975699	0.0127945	0	0.00329553	0.237858	0	0	0	0.00297521	
0.975628	0.0128166	0	0.00330121	0.236837	0	0	0	0.0029464	
0.975558	0.0128385	0	0.00330687	0.235821	0	0	0	0.00291806	
0.975487	0.0128604	0	0.0033125	0.234809	0	0	0	0.00289019	
0.975417	0.0128822	0	0.0033181	0.233801	0	0	0	0.00286279	
0.975346	0.0129038	0	0.00332368	0.232797	0	0	0	0.00283583	
0.975276	0.0129254	0	0.00332924	0.231798	0	0	0	0.00280932	
0.975205	0.0129469	0	0.00333477	0.230803	0	0	0	0.00278324	
0.975135	0.0129683	0	0.00334028	0.229813	0	0	0	0.00275759	
0.975064	0.0129895	0	0.00334576	0.228826	0	0	0	0.00273235	
0.974994	0.0130107	0	0.00335122	0.227844	0	0	0	0.00270753	
0.974923	0.0130318	0	0.00335665	0.226866	0	0	0	0.00268311	
0.974853	0.0130528	0	0.00336206	0.225893	0	0	0	0.00265908	
0.974782	0.0130737	0	0.00336745	0.224923	0	0	0	0.00263544	
0.974712	0.0130946	0	0.00337281	0.223958	0	0	0	0.00261219	
0.974641	0.0131153	0	0.00337815	0.222997	0	0	0	0.0025893	
0.974571	0.0131359	0	0.00338347	0.22204	0	0	0	0.00256678	
0.9745	0.0131565	0	0.00338876	0.221087	0	0	0	0.00254462	
0.97443	0.0131769	0	0.00339402	0.220138	0	0	0	0.00252282	
0.97436	0.0131973	0	0.00339927	0.219193	0	0	0	0.00250135	
0.974289	0.0132175	0	0.00340449	0.218252	0	0	0	0.00248023	
0.974219	0.0132377	0	0.00340969	0.217316	0	0	0	0.00245944	
0.974148	0.0132578	0	0.00341486	0.216383	0	0	0	0.00243898	
0.974078	0.0132778	0	0.00342001	0.215454	0	0	0	0.00241884	
0.974007	0.0132977	0	0.00342514	0.21453	0	0	0	0.00239902	
0.973937	0.0133175	0	0.00343025	0.213609	0	0	0	0.0023795	
0.973867	0.0133373	0	0.00343533	0.212692	0	0	0	0.00236028	
0.973796	0.0133569	0	0.00344039	0.21178	0	0	0	0.00234137	
0.973726	0.0133765	0	0.00344543	0.210871	0	0	0	0.00232274	
0.973656	0.013396	0	0.00345044	0.209966	0	0	0	0.00230441	
0.973585	0.0134153	0	0.00345544	0.209065	0	0	0	0.00228635	
0.973515	0.0134346	0	0.00346041	0.208168	0	0	0	0.00226857	
0.973445	0.0134539	0	0.00346536	0.207274	0	0	0	0.00225106	
0.973374	0.013473	0	0.00347028	0.206385	0	0	0	0.00223382	
0.973304	0.013492	0	0.00347519	0.205499	0	0	0	0.00221684	
0.973233	0.013511	0	0.00348007	0.204617	0	0	0	0.00220011	
0.973163	0.0135298	0	0.00348493	0.203739	0	0	0	0.00218364	
0.973093	0.0135486	0	0.00348977	0.202865	0	0	0	0.00216741	
0.973023	0.0135673	0	0.00349458	0.201994	0	0	0	0.00215143	
0.972952	0.013586	0	0.00349938	0.201128	0	0	0	0.00213568	
0.972882	0.0136045	0	0.00350415	0.200265	0	0	0	0.00212017	
0.972812	0.0136229	0	0.00350891	0.199405	0	0	0	0.00210489	
0.972741	0.0136413	0	0.00351364	0.19855	0	0	0	0.00208983	
0.972671	0.0136596	0	0.00351835	0.197698	0	0	0	0.002075	
0.972601	0.0136778	0	0.00352304	0.196849	0	0	0	0.00206038	
0.97253	0.0136959	0	0.0035277	0.196004	0	0	0	0.00204598	
0.97246	0.013714	0	0.00353235	0.195163	0	0	0	0.00203178	
0.97239	0.0137319	0	0.00353698	0.194326	0	0	0	0.00201779	
0.97232	0.0137498	0	0.00354158	0.193492	0	0	0	0.00200401	
0.972249	0.0137676	0	0.00354617	0.192662	0	0	0	0.00199042	
0.972179	0.0137853	0	0.00355073	0.191835	0	0	0	0.00197703	
0.972109	0.013803	0	0.00355528	0.191012	0	0	0	0.00196382	
0.972039	0.0138205	0	0.0035598	0.190192	0	0	0	0.00195081	
0.971968	0.013838	0	0.0035643	0.189376	0	0	0	0.00193798	
0.971898	0.0138554	0	0.00356878	0.188564	0	0	0	0.00192534	
0.971828	0.0138727	0	0.00357325	0.187755	0	0	0	0.00191287	
0.971758	0.01389	0	0.00357769	0.186949	0	0	0	0.00190057	
0.971688	0.0139071	0	0.00358211	0.186147	0	0	0	0.00188845	
0.971617	0.0139242	0	0.00358651	0.185348	0	0	0	0.0018765	
0.971547	0.0139412	0	0.00359089	0.184553	0	0	0	0.00186471	
0.971477	0.0139582	0	0.00359526	0.183761	0	0	0	0.00185308	
0.971407	0.013975	0	0.0035996	0.182973	0	0	0	0.00184162	
0.971337	0.0139918	0	0.00360392	0.182187	0	0	0	0.00183031	
0.971267	0.0140085	0	0.00360823	0.181406	0	0	0	0.00181916	
0.971196	0.0140252	0	0.00361251	0.180627	0	0	0	0.00180816	
0.971126	0.0140417	0	0.00361678	0.179852	0	0	0	0.00179731	
0.971056	0.0140582	0	0.00362102	0.179081	0	0	0	0.00178661	
0.970986	0.0140746	0	0.00362525	0.178312	0	0	0	0.00177605	
0.970916	0.014091	0	0.00362946	0.177547	0	0	0	0.00176563	
0.970846	0.0141072	0	0.00363364	0.176786	0	0	0	0.00175535	
0.970776	0.0141234	0	0.00363781	0.176027	0	0	0	0.00174521	
0.970705	0.0141395	0	0.00364196	0.175272	0	0	0	0.0017352	
0.970635	0.0141556	0	0.0036461	0.17452	0	0	0	0.00172532	
0.970565	0.0141715	0	0.00365021	0.173771	0	0	0	0.00171558	
0.970495	0.0141874	0	0.0036543	0.173026	0	0	0	0.00170596	
0.970425	0.0142033	0	0.00365838	0.172283	0	0	0	0.00169646	
0.970355	0.014219	0	0.00366244	0.171544	0	0	0	0.0016871	
0.970285	0.0142347	0	0.00366647	0.170808	0	0	0	0.00167785	
0.970215	0.0142503	0	0.0036705	0.170075	0	0	0	0.00166872	
0.970145	0.0142658	0	0.0036745	0.169346	0	0	0	0.00165971	
0.970075	0.0142813	0	0.00367848	0.168619	0	0	0	0.00165081	
0.970004	0.0142967	0	0.00368245	0.167896	0	0	0	0.00164203	
0.969934	0.014312	0	0.0036864	0.167175	0	0	0	0.00163336	
0.969864	0.0143273	0	0.00369033	0.166458	0	0	0	0.00162479	
0.969794	0.0143425	0	0.00369424	0.165744	0	0	0	0.00161634	
0.969724	0.0143576	0	0.00369813	0.165033	0	0	0	0.00160799	
0.969654	0.0143726	0	0.00370201	0.164325	0	0	0	0.00159975	
0.969584	0.0143876	0	0.00370587	0.16362	0	0	0	0.00159161	
0.969514	0.0144025	0	0.00370971	0.162918	0	0	0	0.00158357	
0.969444	0.0144174	0	0.00371353	0.162219	0	0	0	0.00157562	
0.969374	0.0144322	0	0.00371734	0.161523	0	0	0	0.00156778	
0.969304	0.0144469	0	0.00372113	0.16083	0	0	0	0.00156003	
0.969234	0.0144615	0	0.0037249	0.16014	0	0	0	0.00155238	
0.969164	0.0144761	0	0.00372865	0.159453	0	0	0	0.00154482	
0.969094	0.0144906	0	0.00373239	0.158769	0	0	0	0.00153735	
0.969024	0.014505	0	0.00373611	0.158088	0	0	0	0.00152997	
0.968954	0.0145194	0	0.00373981	0.15741	0	0	0	0.00152268	
0.968884	0.0145337	0	0.0037435	0.156735	0	0	0	0.00151548	
0.968814	0.014548	0	0.00374717	0.156062	0	0	0	0.00150836	
0.968744	0.0145622	0	0.00375082	0.155393	0	0	0	0.00150132	
0.968674	0.0145763	0	0.00375446	0.154726	0	0	0	0.00149437	
0.968604	0.0145903	0	0.00375808	0.154063	0	0	0	0.0014875	
0.968534	0.0146043	0	0.00376168	0.153402	0	0	0	0.00148071	
0.968464	0.0146182	0	0.00376527	0.152744	0	0	0	0.001474	
0.968395	0.0146321	0	0.00376884	0.152088	0	0	0	0.00146737	
0.968325	0.0146459	0	0.00377239	0.151436	0	0	0	0.00146082	
0.968255	0.0146596	0	0.00377593	0.150786	0	0	0	0.00145434	
0.968185	0.0146733	0	0.00377945	0.15014	0	0	0	0.00144793	
0.968115	0.0146869	0	0.00378295	0.149496	0	0	0	0.0014416	
0.968045	0.0147004	0	0.00378644	0.148854	0	0	0	0.00143534	
0.967975	0.0147139	0	0.00378991	0.148216	0	0	0	0.00142915	
0.967905	0.0147273	0	0.00379337	0.14758	0	0	0	0.00142303	
0.967835	0.0147407	0	0.00379681	0.146947	0	0	0	0.00141697	
0.967765	0.014754	0	0.00380024	0.146317	0	0	0	0.00141099	
0.967696	0.0147672	0	0.00380365	0.145689	0	0	0	0.00140507	
0.967626	0.0147804	0	0.00380704	0.145064	0	0	0	0.00139922	
0.967556	0.0147935	0	0.00381042	0.144442	0	0	0	0.00139344	
0.967486	0.0148066	0	0.00381378	0.143822	0	0	0	0.00138771	
0.967416	0.0148196	0	0.00381713	0.143205	0	0	0	0.00138205	
0.967346	0.0148325	0	0.00382046	0.142591	0	0	0	0.00137646	
0.967276	0.0148454	0	0.00382377	0.14198	0	0	0	0.00137092	
0.967207	0.0148582	0	0.00382707	0.141371	0	0	0	0.00136544	
0.967137	0.014871	0	0.00383036	0.140764	0	0	0	0.00136002	
0.967067	0.0148836	0	0.00383363	0.14016	0	0	0	0.00135466	
0.966997	0.0148963	0	0.00383688	0.139559	0	0	0	0.00134936	
0.966927	0.0149089	0	0.00384012	0.138961	0	0	0	0.00134411	
0.966857	0.0149214	0	0.00384335	0.138365	0	0	0	0.00133892	
0.966788	0.0149338	0	0.00384656	0.137771	0	0	0	0.00133379	
0.966718	0.0149463	0	0.00384976	0.13718	0	0	0	0.00132871	
0.966648	0.0149586	0	0.00385294	0.136592	0	0	0	0.00132368	
0.966578	0.0149709	0	0.0038561	0.136006	0	0	0	0.00131871	
0.966508	0.0149831	0	0.00385925	0.135423	0	0	0	0.00131378	
0.966439	0.0149953	0	0.00386239	0.134842	0	0	0	0.00130891	
0.966369	0.0150074	0	0.00386551	0.134264	0	0	0	0.00130409	
0.966299	0.0150195	0	0.00386862	0.133688	0	0	0	0.00129932	
0.966229	0.0150315	0	0.00387171	0.133114	0	0	0	0.0012946	
0.96616	0.0150435	0	0.00387479	0.132544	0	0	0	0.00128993	
0.96609	0.0150554	0	0.00387786	0.131975	0	0	0	0.0012853	
0.96602	0.0150672	0	0.00388091	0.131409	0	0	0	0.00128072	
0.96595	0.015079	0	0.00388394	0.130845	0	0	0	0.00127619	
0.965881	0.0150907	0	0.00388696	0.130284	0	0	0	0.0012717	
0.965811	0.0151024	0	0.00388997	0.129726	0	0	0	0.00126726	
0.965741	0.015114	0	0.00389297	0.129169	0	0	0	0.00126287	
0.965672	0.0151256	0	0.00389595	0.128615	0	0	0	0.00125851	
0.965602	0.0151371	0	0.00389891	0.128064	0	0	0	0.00125421	
0.965532	0.0151486	0	0.00390186	0.127514	0	0	0	0.00124994	
0.965462	0.01516	0	0.0039048	0.126968	0	0	0	0.00124572	
0.965393	0.0151713	0	0.00390773	0.126423	0	0	0	0.00124153	
0.965323	0.0151826	0	0.00391064	0.125881	0	0	0	0.00123739	
0.965253	0.0151939	0	0.00391354	0.125341	0	0	0	0.00123329	
0.965184	0.0152051	0	0.00391642	0.124804	0	0	0	0.00122923	
0.965114	0.0152162	0	0.00391929	0.124268	0	0	0	0.00122521	
0.965044	0.0152273	0	0.00392215	0.123735	0	0	0	0.00122123	
0.964975	0.0152384	0	0.00392499	0.123205	0	0	0	0.00121729	
0.964905	0.0152493	0	0.00392782	0.122677	0	0	0	0.00121339	
0.964835	0.0152603	0	0.00393064	0.12215	0	0	0	0.00120952	
0.964766	0.0152712	0	0.00393344	0.121627	0	0	0	0.00120569	
0.964696	0.015282	0	0.00393623	0.121105	0	0	0	0.0012019	
0.964626	0.0152928	0	0.00393901	0.120586	0	0	0	0.00119815	
0.964557	0.0153035	0	0.00394178	0.120069	0	0	0	0.00119443	
0.964487	0.0153142	0	0.00394453	0.119554	0	0	0	0.00119074	
0.964418	0.0153248	0	0.00394727	0.119041	0	0	0	0.00118709	
0.964348	0.0153354	0	0.00394999	0.118531	0	0	0	0.00118348	
0.964278	0.015346	0	0.00395271	0.118022	0	0	0	0.0011799	
0.964209	0.0153564	0	0.00395541	0.117516	0	0	0	0.00117635	
0.964139	0.0153669	0	0.0039581	0.117012	0	0	0	0.00117284	
0.96407	0.0153773	0	0.00396077	0.116511	0	0	0	0.00116936	
0.964	0.0153876	0	0.00396343	0.116011	0	0	0	0.00116591	
0.96393	0.0153979	0	0.00396608	0.115514	0	0	0	0.0011625	
0.963861	0.0154081	0	0.00396872	0.115018	0	0	0	0.00115912	
0.963791	0.0154183	0	0.00397135	0.114525	0	0	0	0.00115577	
0.963722	0.0154285	0	0.00397396	0.114034	0	0	0	0.00115245	
0.963652	0.0154386	0	0.00397656	0.113545	0	0	0	0.00114916	
0.963583	0.0154486	0	0.00397915	0.113058	0	0	0	0.0011459	
0.963513	0.0154586	0	0.00398173	0.112573	0	0	0	0.00114267	
0.963444	0.0154686	0	0.00398429	0.112091	0	0	0	0.00113947	
0.963374	0.0154785	0	0.00398684	0.11161	0	0	0	0.0011363	
0.963304	0.0154883	0	0.00398938	0.111132	0	0	0	0.00113316	
0.963235	0.0154982	0	0.00399191	0.110655	0	0	0	0.00113005	
0.963165	0.0155079	0	0.00399442	0.110181	0	0	0	0.00112697	
0.963096	0.0155176	0	0.00399693	0.109708	0	0	0	0.00112392	
0.963026	0.0155273	0	0.00399942	0.109238	0	0	0	0.00112089	
0.962957	0.0155369	0	0.0040019	0.10877	0	0	0	0.0011179	
0.962887	0.0155465	0	0.00400437	0.108303	0	0	0	0.00111493	
0.962818	0.0155561	0	0.00400683	0.107839	0	0	0	0.00111198	
0.962748	0.0155656	0	0.00400927	0.107376	0	0	0	0.00110907	
0.962679	0.015575	0	0.0040117	0.106916	0	0	0	0.00110618	
0.96261	0.0155844	0	0.00401413	0.106458	0	0	0	0.00110331	
0.96254	0.0155938	0	0.00401654	0.106001	0	0	0	0.00110048	
0.962471	0.0156031	0	0.00401894	0.105547	0	0	0	0.00109767	
0.962401	0.0156124	0	0.00402132	0.105094	0	0	0	0.00109488	
0.962332	0.0156216	0	0.0040237	0.104644	0	0	0	0.00109212	
0.962262	0.0156308	0	0.00402606	0.104195	0	0	0	0.00108939	
0.962193	0.0156399	0	0.00402842	0.103748	0	0	0	0.00108668	
0.962123	0.015649	0	0.00403076	0.103304	0	0	0	0.00108399	
0.962054	0.015658	0	0.00403309	0.102861	0	0	0	0.00108133	
0.961985	0.0156671	0	0.00403541	0.10242	0	0	0	0.0010787	
0.961915	0.015676	0	0.00403772	0.101981	0	0	0	0.00107608	
0.961846	0.0156849	0	0.00404002	0.101544	0	0	0	0.0010735	
0.961776	0.0156938	0	0.00404231	0.101108	0	0	0	0.00107093	
0.961707	0.0157027	0	0.00404458	0.100675	0	0	0	0.00106839	
0.961637	0.0157114	0	0.00404685	0.100243	0	0	0	0.00106587	
0.961568	0.0157202	0	0.0040491	0.0998135	0	0	0	0.00106338	
0.961499	0.0157289	0	0.00405134	0.0993856	0	0	0	0.00106091	
0.961429	0.0157376	0	0.00405358	0.0989595	0	0	0	0.00105846	
0.96136	0.0157462	0	0.0040558	0.0985353	0	0	0	0.00105603	
0.961291	0.0157548	0	0.00405801	0.0981129	0	0	0	0.00105362	
0.961221	0.0157633	0	0.00406021	0.0976924	0	0	0	0.00105124	
0.961152	0.0157718	0	0.0040624	0.0972736	0	0	0	0.00104888	
0.961083	0.0157803	0	0.00406458	0.0968566	0	0	0	0.00104654	
0.961013	0.0157887	0	0.00406675	0.0964414	0	0	0	0.00104423	
0.960944	0.0157971	0	0.00406891	0.096028	0	0	0	0.00104193	
0.960874	0.0158055	0	0.00407106	0.0956164	0	0	0	0.00103966	
0.960805	0.0158138	0	0.0040732	0.0952065	0	0	0	0.0010374	
0.960736	0.015822	0	0.00407533	0.0947984	0	0	0	0.00103517	
0.960667	0.0158302	0	0.00407744	0.0943921	0	0	0	0.00103296	
0.960597	0.0158384	0	0.00407955	0.0939875	0	0	0	0.00103077	
0.960528	0.0158466	0	0.00408165	0.0935846	0	0	0	0.0010286	
0.960459	0.0158547	0	0.00408373	0.0931835	0	0	0	0.00102645	
0.960389	0.0158627	0	0.00408581	0.0927841	0	0	0	0.00102432	
0.96032	0.0158708	0	0.00408788	0.0923864	0	0	0	0.00102221	
0.960251	0.0158787	0	0.00408994	0.0919904	0	0	0	0.00102012	
0.960181	0.0158867	0	0.00409198	0.0915961	0	0	0	0.00101805	
0.960112	0.0158946	0	0.00409402	0.0912035	0	0	0	0.001016	
0.960043	0.0159025	0	0.00409605	0.0908126	0	0	0	0.00101397	
0.959974	0.0159103	0	0.00409807	0.0904234	0	0	0	0.00101196	
0.959904	0.0159181	0	0.00410007	0.0900358	0	0	0	0.00100997	
0.959835	0.0159259	0	0.00410207	0.0896499	0	0	0	0.001008	
0.959766	0.0159336	0	0.00410406	0.0892657	0	0	0	0.00100604	
0.959697	0.0159413	0	0.00410604	0.0888831	0	0	0	0.00100411	
0.959627	0.0159489	0	0.00410801	0.0885021	0	0	0	0.0010022	
0.959558	0.0159565	0	0.00410997	0.0881228	0	0	0	0.0010003	
0.959489	0.0159641	0	0.00411192	0.0877452	0	0	0	0.000998422	
0.95942	0.0159716	0	0.00411386	0.0873691	0	0	0	0.000996564	
0.95935	0.0159791	0	0.00411579	0.0869947	0	0	0	0.000994724	
0.959281	0.0159866	0	0.00411771	0.0866218	0	0	0	0.000992902	
0.959212	0.015994	0	0.00411962	0.0862506	0	0	0	0.000991099	
0.959143	0.0160014	0	0.00412153	0.085881	0	0	0	0.000989314	
0.959074	0.0160087	0	0.00412342	0.0855129	0	0	0	0.000987548	
0.959004	0.016016	0	0.0041253	0.0851464	0	0	0	0.000985799	
0.958935	0.0160233	0	0.00412718	0.0847815	0	0	0	0.000984069	
0.958866	0.0160306	0	0.00412904	0.0844182	0	0	0	0.000982356	
0.958797	0.0160378	0	0.0041309	0.0840564	0	0	0	0.000980662	
0.958728	0.016045	0	0.00413275	0.0836962	0	0	0	0.000978985	
0.958659	0.0160521	0	0.00413459	0.0833376	0	0	0	0.000977326	
0.958589	0.0160592	0	0.00413642	0.0829804	0	0	0	0.000975685	
0.95852	0.0160663	0	0.00413824	0.0826248	0	0	0	0.000974061	
0.958451	0.0160733	0	0.00414005	0.0822708	0	0	0	0.000972455	
0.958382	0.0160803	0	0.00414185	0.0819182	0	0	0	0.000970866	
0.958313	0.0160873	0	0.00414365	0.0815672	0	0	0	0.000969295	
0.958244	0.0160942	0	0.00414543	0.0812177	0	0	0	0.000967741	
0.958175	0.0161011	0	0.00414721	0.0808696	0	0	0	0.000966205	
0.958106	0.016108	0	0.00414898	0.0805231	0	0	0	0.000964686	
0.958036	0.0161148	0	0.00415074	0.0801781	0	0	0	0.000963184	
0.957967	0.0161216	0	0.00415249	0.0798345	0	0	0	0.000961699	
0.957898	0.0161284	0	0.00415423	0.0794924	0	0	0	0.000960232	
0.957829	0.0161351	0	0.00415596	0.0791518	0	0	0	0.000958782	
0.95776	0.0161418	0	0.00415769	0.0788127	0	0	0	0.000957349	
0.957691	0.0161484	0	0.0041594	0.078475	0	0	0	0.000955932	
0.957622	0.0161551	0	0.00416111	0.0781387	0	0	0	0.000954533	
0.957553	0.0161617	0	0.00416281	0.0778039	0	0	0	0.000953151	
0.957484	0.0161682	0	0.0041645	0.0774705	0	0	0	0.000951786	
0.957415	0.0161748	0	0.00416618	0.0771386	0	0	0	0.000950438	
0.957346	0.0161813	0	0.00416786	0.0768081	0	0	0	0.000949107	
0.957277	0.0161877	0	0.00416952	0.076479	0	0	0	0.000947793	
0.957207	0.0161942	0	0.00417118	0.0761513	0	0	0	0.000946495	
0.957138	0.0162006	0	0.00417283	0.0758251	0	0	0	0.000945215	
0.957069	0.0162069	0	0.00417447	0.0755002	0	0	0	0.000943951	
0.957	0.0162133	0	0.0041761	0.0751767	0	0	0	0.000942705	
0.956931	0.0162196	0	0.00417773	0.0748547	0	0	0	0.000941475	
0.956862	0.0162259	0	0.00417935	0.074534	0	0	0	0.000940262	
0.956793	0.0162321	0	0.00418095	0.0742146	0	0	0	0.000939066	
0.956724	0.0162383	0	0.00418256	0.0738967	0	0	0	0.000937887	
0.956655	0.0162445	0	0.00418415	0.0735801	0	0	0	0.000936725	
0.956586	0.0162507	0	0.00418573	0.0732649	0	0	0	0.000935579	
0.956517	0.0162568	0	0.00418731	0.072951	0	0	0	0.000934451	
0.956448	0.0162629	0	0.00418888	0.0726385	0	0	0	0.000933339	
0.956379	0.0162689	0	0.00419044	0.0723273	0	0	0	0.000932245	
0.95631	0.016275	0	0.00419199	0.0720175	0	0	0	0.000931167	
0.956241	0.016281	0	0.00419354	0.0717089	0	0	0	0.000930107	
0.956172	0.0162869	0	0.00419508	0.0714018	0	0	0	0.000929064	
0.956103	0.0162929	0	0.00419661	0.0710959	0	0	0	0.000928037	
0.956034	0.0162988	0	0.00419813	0.0707913	0	0	0	0.000927028	
0.955965	0.0163047	0	0.00419964	0.0704881	0	0	0	0.000926036	
0.955897	0.0163105	0	0.00420115	0.0701861	0	0	0	0.000925061	
0.955828	0.0163163	0	0.00420265	0.0698855	0	0	0	0.000924103	
0.955759	0.0163221	0	0.00420414	0.0695861	0	0	0	0.000923163	
0.95569	0.0163279	0	0.00420563	0.0692881	0	0	0	0.00092224	
0.955621	0.0163336	0	0.00420711	0.0689913	0	0	0	0.000921334	
0.955552	0.0163393	0	0.00420857	0.0686957	0	0	0	0.000920446	
0.955483	0.016345	0	0.00421004	0.0684015	0	0	0	0.000919575	
0.955414	0.0163507	0	0.00421149	0.0681085	0	0	0	0.000918722	
0.955345	0.0163563	0	0.00421294	0.0678168	0	0	0	0.000917887	
0.955276	0.0163619	0	0.00421438	0.0675263	0	0	0	0.000917069	
0.955207	0.0163674	0	0.00421581	0.0672371	0	0	0	0.00091627	
0.955138	0.016373	0	0.00421724	0.0669491	0	0	0	0.000915488	
0.95507	0.0163785	0	0.00421866	0.0666624	0	0	0	0.000914724	
0.955001	0.016384	0	0.00422007	0.0663768	0	0	0	0.000913979	
0.954932	0.0163894	0	0.00422147	0.0660926	0	0	0	0.000913251	
0.954863	0.0163948	0	0.00422287	0.0658095	0	0	0	0.000912542	
0.954794	0.0164002	0	0.00422426	0.0655276	0	0	0	0.000911852	
0.954725	0.0164056	0	0.00422564	0.065247	0	0	0	0.00091118	
0.954656	0.016411	0	0.00422702	0.0649676	0	0	0	0.000910527	
0.954588	0.0164163	0	0.00422839	0.0646893	0	0	0	0.000909893	
0.954519	0.0164216	0	0.00422975	0.0644123	0	0	0	0.000909277	
0.95445	0.0164268	0	0.0042311	0.0641364	0	0	0	0.000908681	
0.954381	0.016432	0	0.00423245	0.0638618	0	0	0	0.000908104	
0.954312	0.0164373	0	0.00423379	0.0635883	0	0	0	0.000907547	
0.954243	0.0164424	0	0.00423513	0.063316	0	0	0	0.000907009	
0.954175	0.0164476	0	0.00423646	0.0630448	0	0	0	0.000906491	
0.954106	0.0164527	0	0.00423778	0.0627748	0	0	0	0.000905993	
0.954037	0.0164578	0	0.00423909	0.062506	0	0	0	0.000905515	
0.953968	0.0164629	0	0.0042404	0.0622384	0	0	0	0.000905058	
0.953899	0.0164679	0	0.0042417	0.0619718	0	0	0	0.000904621	
0.953831	0.016473	0	0.00424299	0.0617065	0	0	0	0.000904205	
0.953762	0.016478	0	0.00424428	0.0614422	0	0	0	0.000903811	
0.953693	0.0164829	0	0.00424556	0.0611792	0	0	0	0.000903437	
0.953624	0.0164879	0	0.00424684	0.0609172	0	0	0	0.000903085	
0.953555	0.0164928	0	0.0042481	0.0606563	0	0	0	0.000902755	
0.953487	0.0164977	0	0.00424936	0.0603966	0	0	0	0.000902447	
0.953418	0.0165026	0	0.00425062	0.060138	0	0	0	0.000902161	
0.953349	0.0165074	0	0.00425187	0.0598805	0	0	0	0.000901898	
0.95328	0.0165122	0	0.00425311	0.0596241	0	0	0	0.000901658	
0.953212	0.016517	0	0.00425434	0.0593689	0	0	0	0.000901441	
0.953143	0.0165218	0	0.00425557	0.0591147	0	0	0	0.000901248	
0.953074	0.0165266	0	0.0042568	0.0588616	0	0	0	0.00090108	
0.953006	0.0165313	0	0.00425801	0.0586096	0	0	0	0.000900935	
0.952937	0.016536	0	0.00425922	0.0583586	0	0	0	0.000900815	
0.952868	0.0165407	0	0.00426043	0.0581088	0	0	0	0.000900721	
0.952799	0.0165453	0	0.00426162	0.05786	0	0	0	0.000900653	
0.952731	0.0165499	0	0.00426282	0.0576123	0	0	0	0.00090061	
0.952662	0.0165545	0	0.004264	0.0573657	0	0	0	0.000900594	
0.952593	0.0165591	0	0.00426518	0.0571201	0	0	0	0.000900606	
0.952525	0.0165637	0	0.00426635	0.0568755	0	0	0	0.000900645	
0.952456	0.0165682	0	0.00426752	0.0566321	0	0	0	0.000900713	
0.952387	0.0165727	0	0.00426868	0.0563896	0	0	0	0.000900809	
0.952319	0.0165772	0	0.00426984	0.0561482	0	0	0	0.000900935	
0.95225	0.0165816	0	0.00427099	0.0559079	0	0	0	0.000901091	
0.952181	0.0165861	0	0.00427213	0.0556686	0	0	0	0.000901278	
0.952113	0.0165905	0	0.00427327	0.0554303	0	0	0	0.000901497	
0.952044	0.0165949	0	0.0042744	0.055193	0	0	0	0.000901749	
0.951975	0.0165993	0	0.00427552	0.0549568	0	0	0	0.000902034	
0.951907	0.0166036	0	0.00427664	0.0547215	0	0	0	0.000902353	
0.951838	0.0166079	0	0.00427775	0.0544873	0	0	0	0.000902707	
0.951769	0.0166122	0	0.00427886	0.0542541	0	0	0	0.000903098	
0.951701	0.0166165	0	0.00427996	0.0540219	0	0	0	0.000903526	
0.951632	0.0166208	0	0.00428106	0.0537906	0	0	0	0.000903992	
0.951564	0.016625	0	0.00428215	0.0535604	0	0	0	0.000904498	
0.951495	0.0166292	0	0.00428324	0.0533312	0	0	0	0.000905046	
0.951426	0.0166334	0	0.00428432	0.0531029	0	0	0	0.000905636	
0.951358	0.0166376	0	0.00428539	0.0528757	0	0	0	0.00090627	
0.951289	0.0166417	0	0.00428646	0.0526494	0	0	0	0.000906951	
0.951221	0.0166458	0	0.00428752	0.052424	0	0	0	0.000907679	
0.951152	0.0166499	0	0.00428858	0.0521997	0	0	0	0.000908456	
0.951083	0.016654	0	0.00428963	0.0519763	0	0	0	0.000909285	
0.951015	0.0166581	0	0.00429067	0.0517539	0	0	0	0.000910169	
0.950946	0.0166621	0	0.00429171	0.0515324	0	0	0	0.000911109	
0.950878	0.0166661	0	0.00429275	0.0513119	0	0	0	0.000912109	
0.950809	0.0166701	0	0.00429378	0.0510923	0	0	0	0.000913171	
0.950741	0.0166741	0	0.0042948	0.0508737	0	0	0	0.000914299	
0.950672	0.0166781	0	0.00429582	0.050656	0	0	0	0.000915496	
0.950604	0.016682	0	0.00429684	0.0504392	0	0	0	0.000916767	
0.950535	0.0166859	0	0.00429784	0.0502234	0	0	0	0.000918115	
0.950467	0.0166898	0	0.00429885	0.0500085	0	0	0	0.000919547	
0.950398	0.0166937	0	0.00429985	0.0497946	0	0	0	0.000921067	
0.95033	0.0166976	0	0.00430084	0.0495815	0	0	0	0.000922682	
0.950261	0.0167014	0	0.00430183	0.0493694	0	0	0	0.000924398	
0.950192	0.0167052	0	0.00430281	0.0491582	0	0	0	0.000926223	
0.950124	0.016709	0	0.00430379	0.0489478	0	0	0	0.000928166	
