1	0	0	0	1	0	0	0	1	
0.999998	0	0	0	0.989746	0	0	0	0.989746	
0.999995	0	0	0	0.9797	0	0	0	0.9797	
0.999993	0	0	0	0.969755	0	0	0	0.969755	
0.999991	0	0	0	0.959912	0	0	0	0.959912	
0.999989	0	0	0	0.950169	0	0	0	0.950169	
0.999986	0	0	0	0.940524	0	0	0	0.940524	
0.999984	0	0	0	0.930978	0	0	0	0.930978	
0.999982	0	0	0	0.921528	0	0	0	0.921528	
0.99998	0	0	0	0.912175	0	0	0	0.912175	
0.999977	0	0	0	0.902916	0	0	0	0.902916	
0.999975	0	0	0	0.893751	0	0	0	0.893751	
0.999973	0	0	0	0.884679	0	0	0	0.884679	
0.999971	0	0	0	0.8757	0	0	0	0.8757	
0.999968	0	0	0	0.866811	0	0	0	0.866811	
0.999966	0	0	0	0.858013	0	0	0	0.858013	
0.999964	0	0	0	0.849304	0	0	0	0.849304	
0.999962	0	0	0	0.840683	0	0	0	0.840683	
0.999959	0	0	0	0.83215	0	0	0	0.83215	
0.999957	0	0	0	0.823703	0	0	0	0.823703	
0.999955	0	0	0	0.815343	0	0	0	0.815343	
0.999952	0	0	0	0.807067	0	0	0	0.807067	
0.99995	0	0	0	0.798875	0	0	0	0.798875	
0.999948	0	0	0	0.790766	0	0	0	0.790766	
0.999946	0	0	0	0.78274	0	0	0	0.78274	
0.999943	0	0	0	0.774795	0	0	0	0.774795	
0.999941	0	0	0	0.76693	0	0	0	0.76693	
0.999939	0	0	0	0.759146	0	0	0	0.759146	
0.999937	0	0	0	0.75144	0	0	0	0.75144	
0.999934	0	0	0	0.743813	0	0	0	0.743813	
0.999932	0	0	0	0.736263	0	0	0	0.736263	
0.99993	0	0	0	0.72879	0	0	0	0.72879	
0.999928	0	0	0	0.721393	0	0	0	0.721393	
0.999925	0	0	0	0.71407	0	0	0	0.71407	
0.999923	0	0	0	0.706822	0	0	0	0.706822	
0.999921	0	0	0	0.699648	0	0	0	0.699648	
0.999919	0	0	0	0.692546	0	0	0	0.692546	
0.999916	0	0	0	0.685517	0	0	0	0.685517	
0.999914	0	0	0	0.678559	0	0	0	0.678559	
0.999912	0	0	0	0.671671	0	0	0	0.671671	
0.999909	0	0	0	0.664854	0	0	0	0.664854	
0.999907	0	0	0	0.658105	0	0	0	0.658105	
0.999905	0	0	0	0.651425	0	0	0	0.651425	
0.999903	0	0	0	0.644813	0	0	0	0.644813	
0.9999	0	0	0	0.638268	0	0	0	0.638268	
0.999898	0	0	0	0.63179	0	0	0	0.63179	
0.999896	0	0	0	0.625377	0	0	0	0.625377	
0.999894	0	0	0	0.619029	0	0	0	0.619029	
0.999891	0	0	0	0.612746	0	0	0	0.612746	
0.999889	0	0	0	0.606526	0	0	0	0.606526	
0.999887	0	0	0	0.60037	0	0	0	0.60037	
0.999885	0	0	0	0.594276	0	0	0	0.594276	
0.999882	0	0	0	0.588244	0	0	0	0.588244	
0.99988	0	0	0	0.582273	0	0	0	0.582273	
0.999878	0	0	0	0.576363	0	0	0	0.576363	
0.999876	0	0	0	0.570513	0	0	0	0.570513	
0.999873	0	0	0	0.564722	0	0	0	0.564722	
0.999871	0	0	0	0.55899	0	0	0	0.55899	
0.999869	0	0	0	0.553316	0	0	0	0.553316	
0.999866	0	0	0	0.5477	0	0	0	0.5477	
0.999864	0	0	0	0.54214	0	0	0	0.54214	
0.999862	0	0	0	0.536638	0	0	0	0.536638	
0.99986	0	0	0	0.531191	0	0	0	0.531191	
0.999857	0	0	0	0.525799	0	0	0	0.525799	
0.999855	0	0	0	0.520462	0	0	0	0.520462	
0.999853	0	0	0	0.515179	0	0	0	0.515179	
0.999851	0	0	0	0.50995	0	0	0	0.50995	
0.999848	0	0	0	0.504774	0	0	0	0.504774	
0.999846	0	0	0	0.49965	0	0	0	0.49965	
0.999844	0	0	0	0.494579	0	0	0	0.494579	
0.999842	0	0	0	0.489559	0	0	0	0.489559	
0.999839	0	0	0	0.484589	0	0	0	0.484589	
0.999837	0	0	0	0.479671	0	0	0	0.479671	
0.999835	0	0	0	0.474802	0	0	0	0.474802	
0.999833	0	0	0	0.469983	0	0	0	0.469983	
0.99983	0	0	0	0.465212	0	0	0	0.465212	
0.999828	0	0	0	0.46049	0	0	0	0.46049	
0.999826	0	0	0	0.455816	0	0	0	0.455816	
0.999823	0	0	0	0.45119	0	0	0	0.45119	
0.999821	0	0	0	0.44661	0	0	0	0.44661	
0.999819	0	0	0	0.442077	0	0	0	0.442077	
0.999817	0	0	0	0.437589	0	0	0	0.437589	
0.999814	0	0	0	0.433148	0	0	0	0.433148	
0.999812	0	0	0	0.428751	0	0	0	0.428751	
0.99981	0	0	0	0.424399	0	0	0	0.424399	
0.999808	0	0	0	0.420092	0	0	0	0.420092	
0.999805	0	0	0	0.415828	0	0	0	0.415828	
0.999803	0	0	0	0.411607	0	0	0	0.411607	
0.999801	0	0	0	0.407429	0	0	0	0.407429	
0.999799	0	0	0	0.403293	0	0	0	0.403293	
0.999796	0	0	0	0.3992	0	0	0	0.3992	
0.999794	0	0	0	0.395148	0	0	0	0.395148	
0.999792	0	0	0	0.391137	0	0	0	0.391137	
0.99979	0	0	0	0.387167	0	0	0	0.387167	
0.999787	0	0	0	0.383237	0	0	0	0.383237	
0.999785	0	0	0	0.379347	0	0	0	0.379347	
0.999783	0	0	0	0.375497	0	0	0	0.375497	
0.99978	0	0	0	0.371685	0	0	0	0.371685	
0.999778	0	0	0	0.367913	0	0	0	0.367913	
0.999776	0	0	0	0.364178	0	0	0	0.364178	
0.999774	0	0	0	0.360482	0	0	0	0.360482	
0.999771	0	0	0	0.356823	0	0	0	0.356823	
0.999769	0	0	0	0.353201	0	0	0	0.353201	
0.999767	0	0	0	0.349616	0	0	0	0.349616	
0.999765	0	0	0	0.346067	0	0	0	0.346067	
0.999762	0	0	0	0.342555	0	0	0	0.342555	
0.99976	0	0	0	0.339078	0	0	0	0.339078	
0.999758	0	0	0	0.335636	0	0	0	0.335636	
0.999756	0	0	0	0.332229	0	0	0	0.332229	
0.999753	0	0	0	0.328857	0	0	0	0.328857	
0.999751	0	0	0	0.325519	0	0	0	0.325519	
0.999749	0	0	0	0.322215	0	0	0	0.322215	
0.999747	0	0	0	0.318944	0	0	0	0.318944	
0.999744	0	0	0	0.315707	0	0	0	0.315707	
0.999742	0	0	0	0.312502	0	0	0	0.312502	
0.99974	0	0	0	0.309331	0	0	0	0.309331	
0.999737	0	0	0	0.306191	0	0	0	0.306191	
0.999735	0	0	0	0.303083	0	0	0	0.303083	
0.999733	0	0	0	0.300006	0	0	0	0.300006	
0.999731	0	0	0	0.296961	0	0	0	0.296961	
0.999728	0	0	0	0.293947	0	0	0	0.293947	
0.999726	0	0	0	0.290964	0	0	0	0.290964	
0.999724	0	0	0	0.28801	0	0	0	0.28801	
0.999722	0	0	0	0.285087	0	0	0	0.285087	
0.999719	0	0	0	0.282193	0	0	0	0.282193	
0.999717	0	0	0	0.279329	0	0	0	0.279329	
0.999715	0	0	0	0.276494	0	0	0	0.276494	
0.999713	0	0	0	0.273687	0	0	0	0.273687	
0.99971	0	0	0	0.270909	0	0	0	0.270909	
0.999708	0	0	0	0.268159	0	0	0	0.268159	
0.999706	0	0	0	0.265437	0	0	0	0.265437	
0.999704	0	0	0	0.262743	0	0	0	0.262743	
0.999701	0	0	0	0.260076	0	0	0	0.260076	
0.999699	0	0	0	0.257436	0	0	0	0.257436	
0.999697	0	0	0	0.254823	0	0	0	0.254823	
0.999694	0	0	0	0.252237	0	0	0	0.252237	
0.999692	0	0	0	0.249677	0	0	0	0.249677	
0.99969	0	0	0	0.247142	0	0	0	0.247142	
0.999688	0	0	0	0.244634	0	0	0	0.244634	
0.999685	0	0	0	0.242151	0	0	0	0.242151	
0.999683	0	0	0	0.239693	0	0	0	0.239693	
0.999681	0	0	0	0.23726	0	0	0	0.23726	
0.999679	0	0	0	0.234852	0	0	0	0.234852	
0.999676	0	0	0	0.232468	0	0	0	0.232468	
0.999674	0	0	0	0.230108	0	0	0	0.230108	
0.999672	0	0	0	0.227773	0	0	0	0.227773	
0.99967	0	0	0	0.225461	0	0	0	0.225461	
0.999667	0	0	0	0.223172	0	0	0	0.223172	
0.999665	0	0	0	0.220907	0	0	0	0.220907	
0.999663	0	0	0	0.218665	0	0	0	0.218665	
0.999661	0	0	0	0.216445	0	0	0	0.216445	
0.999658	0	0	0	0.214248	0	0	0	0.214248	
0.999656	0	0	0	0.212074	0	0	0	0.212074	
0.999654	0	0	0	0.209921	0	0	0	0.209921	
0.999652	0	0	0	0.20779	0	0	0	0.20779	
0.999649	0	0	0	0.205681	0	0	0	0.205681	
0.999647	0	0	0	0.203593	0	0	0	0.203593	
0.999645	0	0	0	0.201527	0	0	0	0.201527	
0.999642	0	0	0	0.199481	0	0	0	0.199481	
0.99964	0	0	0	0.197457	0	0	0	0.197457	
0.999638	0	0	0	0.195452	0	0	0	0.195452	
0.999636	0	0	0	0.193468	0	0	0	0.193468	
0.999633	0	0	0	0.191505	0	0	0	0.191505	
0.999631	0	0	0	0.189561	0	0	0	0.189561	
0.999629	0	0	0	0.187637	0	0	0	0.187637	
0.999627	0	0	0	0.185732	0	0	0	0.185732	
0.999624	0	0	0	0.183847	0	0	0	0.183847	
0.999622	0	0	0	0.181981	0	0	0	0.181981	
0.99962	0	0	0	0.180134	0	0	0	0.180134	
0.999618	0	0	0	0.178305	0	0	0	0.178305	
0.999615	0	0	0	0.176496	0	0	0	0.176496	
0.999613	0	0	0	0.174704	0	0	0	0.174704	
0.999611	0	0	0	0.172931	0	0	0	0.172931	
0.999609	0	0	0	0.171176	0	0	0	0.171176	
0.999606	0	0	0	0.169438	0	0	0	0.169438	
0.999604	0	0	0	0.167718	0	0	0	0.167718	
0.999602	0	0	0	0.166016	0	0	0	0.166016	
0.999599	0	0	0	0.164331	0	0	0	0.164331	
0.999597	0	0	0	0.162663	0	0	0	0.162663	
0.999595	0	0	0	0.161012	0	0	0	0.161012	
0.999593	0	0	0	0.159377	0	0	0	0.159377	
0.99959	0	0	0	0.15776	0	0	0	0.15776	
0.999588	0	0	0	0.156158	0	0	0	0.156158	
0.999586	0	0	0	0.154573	0	0	0	0.154573	
0.999584	0	0	0	0.153004	0	0	0	0.153004	
0.999581	0	0	0	0.151451	0	0	0	0.151451	
0.999579	0	0	0	0.149914	0	0	0	0.149914	
0.999577	0	0	0	0.148392	0	0	0	0.148392	
0.999575	0	0	0	0.146886	0	0	0	0.146886	
0.999572	0	0	0	0.145395	0	0	0	0.145395	
0.99957	0	0	0	0.143919	0	0	0	0.143919	
0.999568	0	0	0	0.142459	0	0	0	0.142459	
0.999566	0	0	0	0.141013	0	0	0	0.141013	
0.999563	0	0	0	0.139581	0	0	0	0.139581	
0.999561	0	0	0	0.138165	0	0	0	0.138165	
0.999559	0	0	0	0.136762	0	0	0	0.136762	
0.999556	0	0	0	0.135374	0	0	0	0.135374	
0.999554	0	0	0	0.134	0	0	0	0.134	
0.999552	0	0	0	0.13264	0	0	0	0.13264	
0.99955	0	0	0	0.131293	0	0	0	0.131293	
0.999547	0	0	0	0.129961	0	0	0	0.129961	
0.999545	0	0	0	0.128642	0	0	0	0.128642	
0.999543	0	0	0	0.127336	0	0	0	0.127336	
0.999541	0	0	0	0.126043	0	0	0	0.126043	
0.999538	0	0	0	0.124764	0	0	0	0.124764	
0.999536	0	0	0	0.123498	0	0	0	0.123498	
0.999534	0	0	0	0.122244	0	0	0	0.122244	
0.999532	0	0	0	0.121003	0	0	0	0.121003	
0.999529	0	0	0	0.119775	0	0	0	0.119775	
0.999527	0	0	0	0.118559	0	0	0	0.118559	
0.999525	0	0	0	0.117356	0	0	0	0.117356	
0.999523	0	0	0	0.116165	0	0	0	0.116165	
0.99952	0	0	0	0.114986	0	0	0	0.114986	
0.999518	0	0	0	0.113819	0	0	0	0.113819	
0.999516	0	0	0	0.112663	0	0	0	0.112663	
0.999514	0	0	0	0.11152	0	0	0	0.11152	
0.999511	0	0	0	0.110388	0	0	0	0.110388	
0.999509	0	0	0	0.109267	0	0	0	0.109267	
0.999507	0	0	0	0.108158	0	0	0	0.108158	
0.999504	0	0	0	0.10706	0	0	0	0.10706	
0.999502	0	0	0	0.105974	0	0	0	0.105974	
0.9995	0	0	0	0.104898	0	0	0	0.104898	
0.999498	0	0	0	0.103833	0	0	0	0.103833	
0.999495	0	0	0	0.102779	0	0	0	0.102779	
0.999493	0	0	0	0.101736	0	0	0	0.101736	
0.999491	0	0	0	0.100704	0	0	0	0.100704	
0.999489	0	0	0	0.0996814	0	0	0	0.0996814	
0.999486	0	0	0	0.0986696	0	0	0	0.0986696	
0.999484	0	0	0	0.0976681	0	0	0	0.0976681	
0.999482	0	0	0	0.0966767	0	0	0	0.0966767	
0.99948	0	0	0	0.0956954	0	0	0	0.0956954	
0.999477	0	0	0	0.0947241	0	0	0	0.0947241	
0.999475	0	0	0	0.0937626	0	0	0	0.0937626	
0.999473	0	0	0	0.0928109	0	0	0	0.0928109	
0.999471	0	0	0	0.0918689	0	0	0	0.0918689	
0.999468	0	0	0	0.0909364	0	0	0	0.0909364	
0.999466	0	0	0	0.0900134	0	0	0	0.0900134	
0.999464	0	0	0	0.0890997	0	0	0	0.0890997	
0.999461	0	0	0	0.0881953	0	0	0	0.0881953	
0.999459	0	0	0	0.0873001	0	0	0	0.0873001	
0.999457	0	0	0	0.086414	0	0	0	0.086414	
0.999455	0	0	0	0.0855369	0	0	0	0.0855369	
0.999452	0	0	0	0.0846687	0	0	0	0.0846687	
0.99945	0	0	0	0.0838093	0	0	0	0.0838093	
0.999448	0	0	0	0.0829586	0	0	0	0.0829586	
0.999446	0	0	0	0.0821165	0	0	0	0.0821165	
0.999443	0	0	0	0.081283	0	0	0	0.081283	
0.999441	0	0	0	0.080458	0	0	0	0.080458	
0.999439	0	0	0	0.0796413	0	0	0	0.0796413	
0.999437	0	0	0	0.0788329	0	0	0	0.0788329	
0.999434	0	0	0	0.0780328	0	0	0	0.0780328	
0.999432	0	0	0	0.0772407	0	0	0	0.0772407	
0.99943	0	0	0	0.0764567	0	0	0	0.0764567	
0.999428	0	0	0	0.0756807	0	0	0	0.0756807	
0.999425	0	0	0	0.0749125	0	0	0	0.0749125	
0.999423	0	0	0	0.0741521	0	0	0	0.0741521	
0.999421	0	0	0	0.0733994	0	0	0	0.0733994	
0.999419	0	0	0	0.0726544	0	0	0	0.0726544	
0.999416	0	0	0	0.071917	0	0	0	0.071917	
0.999414	0	0	0	0.071187	0	0	0	0.071187	
0.999412	0	0	0	0.0704644	0	0	0	0.0704644	
0.999409	0	0	0	0.0697492	0	0	0	0.0697492	
0.999407	0	0	0	0.0690412	0	0	0	0.0690412	
0.999405	0	0	0	0.0683404	0	0	0	0.0683404	
0.999403	0	0	0	0.0676468	0	0	0	0.0676468	
0.9994	0	0	0	0.0669601	0	0	0	0.0669601	
0.999398	0	0	0	0.0662805	0	0	0	0.0662805	
0.999396	0	0	0	0.0656077	0	0	0	0.0656077	
0.999394	0	0	0	0.0649418	0	0	0	0.0649418	
0.999391	0	0	0	0.0642826	0	0	0	0.0642826	
0.999389	0	0	0	0.0636301	0	0	0	0.0636301	
0.999387	0	0	0	0.0629843	0	0	0	0.0629843	
0.999385	0	0	0	0.062345	0	0	0	0.062345	
0.999382	0	0	0	0.0617122	0	0	0	0.0617122	
0.99938	0	0	0	0.0610858	0	0	0	0.0610858	
0.999378	0	0	0	0.0604657	0	0	0	0.0604657	
0.999376	0	0	0	0.059852	0	0	0	0.059852	
0.999373	0	0	0	0.0592445	0	0	0	0.0592445	
0.999371	0	0	0	0.0586431	0	0	0	0.0586431	
0.999369	0	0	0	0.0580479	0	0	0	0.0580479	
0.999366	0	0	0	0.0574587	0	0	0	0.0574587	
0.999364	0	0	0	0.0568755	0	0	0	0.0568755	
0.999362	0	0	0	0.0562982	0	0	0	0.0562982	
0.99936	0	0	0	0.0557267	0	0	0	0.0557267	
0.999357	0	0	0	0.0551611	0	0	0	0.0551611	
0.999355	0	0	0	0.0546012	0	0	0	0.0546012	
0.999353	0	0	0	0.054047	0	0	0	0.054047	
0.999351	0	0	0	0.0534984	0	0	0	0.0534984	
0.999348	0	0	0	0.0529554	0	0	0	0.0529554	
0.999346	0	0	0	0.0524179	0	0	0	0.0524179	
0.999344	0	0	0	0.0518858	0	0	0	0.0518858	
0.999342	0	0	0	0.0513592	0	0	0	0.0513592	
0.999339	0	0	0	0.0508379	0	0	0	0.0508379	
0.999337	0	0	0	0.0503218	0	0	0	0.0503218	
0.999335	0	0	0	0.0498111	0	0	0	0.0498111	
0.999333	0	0	0	0.0493055	0	0	0	0.0493055	
0.99933	0	0	0	0.048805	0	0	0	0.048805	
0.999328	0	0	0	0.0483096	0	0	0	0.0483096	
0.999326	0	0	0	0.0478193	0	0	0	0.0478193	
0.999324	0	0	0	0.0473339	0	0	0	0.0473339	
0.999321	0	0	0	0.0468535	0	0	0	0.0468535	
0.999319	0	0	0	0.0463779	0	0	0	0.0463779	
0.999317	0	0	0	0.0459071	0	0	0	0.0459071	
0.999314	0	0	0	0.0454412	0	0	0	0.0454412	
0.999312	0	0	0	0.0449799	0	0	0	0.0449799	
0.99931	0	0	0	0.0445234	0	0	0	0.0445234	
0.999308	0	0	0	0.0440714	0	0	0	0.0440714	
0.999305	0	0	0	0.0436241	0	0	0	0.0436241	
0.999303	0	0	0	0.0431813	0	0	0	0.0431813	
0.999301	0	0	0	0.042743	0	0	0	0.042743	
0.999299	0	0	0	0.0423092	0	0	0	0.0423092	
0.999296	0	0	0	0.0418797	0	0	0	0.0418797	
0.999294	0	0	0	0.0414546	0	0	0	0.0414546	
0.999292	0	0	0	0.0410339	0	0	0	0.0410339	
0.99929	0	0	0	0.0406174	0	0	0	0.0406174	
0.999287	0	0	0	0.0402051	0	0	0	0.0402051	
0.999285	0	0	0	0.039797	0	0	0	0.039797	
0.999283	0	0	0	0.039393	0	0	0	0.039393	
0.999281	0	0	0	0.0389932	0	0	0	0.0389932	
0.999278	0	0	0	0.0385974	0	0	0	0.0385974	
0.999276	0	0	0	0.0382056	0	0	0	0.0382056	
0.999274	0	0	0	0.0378178	0	0	0	0.0378178	
0.999271	0	0	0	0.037434	0	0	0	0.037434	
0.999269	0	0	0	0.037054	0	0	0	0.037054	
0.999267	0	0	0	0.0366779	0	0	0	0.0366779	
0.999265	0	0	0	0.0363056	0	0	0	0.0363056	
0.999262	0	0	0	0.0359371	0	0	0	0.0359371	
0.99926	0	0	0	0.0355723	0	0	0	0.0355723	
0.999258	0	0	0	0.0352113	0	0	0	0.0352113	
0.999256	0	0	0	0.0348539	0	0	0	0.0348539	
0.999253	0	0	0	0.0345001	0	0	0	0.0345001	
0.999251	0	0	0	0.0341499	0	0	0	0.0341499	
0.999249	0	0	0	0.0338033	0	0	0	0.0338033	
0.999247	0	0	0	0.0334602	0	0	0	0.0334602	
0.999244	0	0	0	0.0331205	0	0	0	0.0331205	
0.999242	0	0	0	0.0327844	0	0	0	0.0327844	
0.99924	0	0	0	0.0324516	0	0	0	0.0324516	
0.999238	0	0	0	0.0321222	0	0	0	0.0321222	
0.999235	0	0	0	0.0317962	0	0	0	0.0317962	
0.999233	0	0	0	0.0314734	0	0	0	0.0314734	
0.999231	0	0	0	0.031154	0	0	0	0.031154	
0.999229	0	0	0	0.0308377	0	0	0	0.0308377	
0.999226	0	0	0	0.0305247	0	0	0	0.0305247	
0.999224	0	0	0	0.0302149	0	0	0	0.0302149	
0.999222	0	0	0	0.0299082	0	0	0	0.0299082	
0.999219	0	0	0	0.0296046	0	0	0	0.0296046	
0.999217	0	0	0	0.0293041	0	0	0	0.0293041	
0.999215	0	0	0	0.0290067	0	0	0	0.0290067	
0.999213	0	0	0	0.0287123	0	0	0	0.0287123	
0.99921	0	0	0	0.0284208	0	0	0	0.0284208	
0.999208	0	0	0	0.0281324	0	0	0	0.0281324	
0.999206	0	0	0	0.0278468	0	0	0	0.0278468	
0.999204	0	0	0	0.0275642	0	0	0	0.0275642	
0.999201	0	0	0	0.0272844	0	0	0	0.0272844	
0.999199	0	0	0	0.0270074	0	0	0	0.0270074	
0.999197	0	0	0	0.0267333	0	0	0	0.0267333	
0.999195	0	0	0	0.026462	0	0	0	0.026462	
0.999192	0	0	0	0.0261934	0	0	0	0.0261934	
0.99919	0	0	0	0.0259275	0	0	0	0.0259275	
0.999188	0	0	0	0.0256643	0	0	0	0.0256643	
0.999186	0	0	0	0.0254038	0	0	0	0.0254038	
0.999183	0	0	0	0.025146	0	0	0	0.025146	
0.999181	0	0	0	0.0248907	0	0	0	0.0248907	
0.999179	0	0	0	0.0246381	0	0	0	0.0246381	
0.999177	0	0	0	0.024388	0	0	0	0.024388	
0.999174	0	0	0	0.0241405	0	0	0	0.0241405	
0.999172	0	0	0	0.0238954	0	0	0	0.0238954	
0.99917	0	0	0	0.0236529	0	0	0	0.0236529	
0.999167	0	0	0	0.0234128	0	0	0	0.0234128	
0.999165	0	0	0	0.0231752	0	0	0	0.0231752	
0.999163	0	0	0	0.0229399	0	0	0	0.0229399	
0.999161	0	0	0	0.0227071	0	0	0	0.0227071	
0.999158	0	0	0	0.0224766	0	0	0	0.0224766	
0.999156	0	0	0	0.0222485	0	0	0	0.0222485	
0.999154	0	0	0	0.0220226	0	0	0	0.0220226	
0.999152	0	0	0	0.0217991	0	0	0	0.0217991	
0.999149	0	0	0	0.0215778	0	0	0	0.0215778	
0.999147	0	0	0	0.0213588	0	0	0	0.0213588	
0.999145	0	0	0	0.021142	0	0	0	0.021142	
0.999143	0	0	0	0.0209274	0	0	0	0.0209274	
0.99914	0	0	0	0.020715	0	0	0	0.020715	
0.999138	0	0	0	0.0205047	0	0	0	0.0205047	
0.999136	0	0	0	0.0202966	0	0	0	0.0202966	
0.999134	0	0	0	0.0200906	0	0	0	0.0200906	
0.999131	0	0	0	0.0198867	0	0	0	0.0198867	
0.999129	0	0	0	0.0196848	0	0	0	0.0196848	
0.999127	0	0	0	0.019485	0	0	0	0.019485	
0.999124	0	0	0	0.0192872	0	0	0	0.0192872	
0.999122	0	0	0	0.0190915	0	0	0	0.0190915	
0.99912	0	0	0	0.0188977	0	0	0	0.0188977	
0.999118	0	0	0	0.0187059	0	0	0	0.0187059	
0.999115	0	0	0	0.018516	0	0	0	0.018516	
0.999113	0	0	0	0.0183281	0	0	0	0.0183281	
0.999111	0	0	0	0.018142	0	0	0	0.018142	
0.999109	0	0	0	0.0179579	0	0	0	0.0179579	
0.999106	0	0	0	0.0177756	0	0	0	0.0177756	
0.999104	0	0	0	0.0175952	0	0	0	0.0175952	
0.999102	0	0	0	0.0174166	0	0	0	0.0174166	
0.9991	0	0	0	0.0172398	0	0	0	0.0172398	
0.999097	0	0	0	0.0170648	0	0	0	0.0170648	
0.999095	0	0	0	0.0168916	0	0	0	0.0168916	
0.999093	0	0	0	0.0167201	0	0	0	0.0167201	
0.999091	0	0	0	0.0165504	0	0	0	0.0165504	
0.999088	0	0	0	0.0163824	0	0	0	0.0163824	
0.999086	0	0	0	0.0162162	0	0	0	0.0162162	
0.999084	0	0	0	0.0160516	0	0	0	0.0160516	
0.999082	0	0	0	0.0158886	0	0	0	0.0158886	
0.999079	0	0	0	0.0157274	0	0	0	0.0157274	
0.999077	0	0	0	0.0155677	0	0	0	0.0155677	
0.999075	0	0	0	0.0154097	0	0	0	0.0154097	
0.999072	0	0	0	0.0152533	0	0	0	0.0152533	
0.99907	0	0	0	0.0150985	0	0	0	0.0150985	
0.999068	0	0	0	0.0149452	0	0	0	0.0149452	
0.999066	0	0	0	0.0147935	0	0	0	0.0147935	
0.999063	0	0	0	0.0146434	0	0	0	0.0146434	
0.999061	0	0	0	0.0144947	0	0	0	0.0144947	
0.999059	0	0	0	0.0143476	0	0	0	0.0143476	
0.999057	0	0	0	0.014202	0	0	0	0.014202	
0.999054	0	0	0	0.0140578	0	0	0	0.0140578	
0.999052	0	0	0	0.0139151	0	0	0	0.0139151	
0.99905	0	0	0	0.0137739	0	0	0	0.0137739	
0.999048	0	0	0	0.0136341	0	0	0	0.0136341	
0.999045	0	0	0	0.0134957	0	0	0	0.0134957	
0.999043	0	0	0	0.0133587	0	0	0	0.0133587	
0.999041	0	0	0	0.0132231	0	0	0	0.0132231	
0.999039	0	0	0	0.0130889	0	0	0	0.0130889	
0.999036	0	0	0	0.012956	0	0	0	0.012956	
0.999034	0	0	0	0.0128245	0	0	0	0.0128245	
0.999032	0	0	0	0.0126944	0	0	0	0.0126944	
0.99903	0	0	0	0.0125655	0	0	0	0.0125655	
0.999027	0	0	0	0.012438	0	0	0	0.012438	
0.999025	0	0	0	0.0123117	0	0	0	0.0123117	
0.999023	0	0	0	0.0121868	0	0	0	0.0121868	
0.99902	0	0	0	0.0120631	0	0	0	0.0120631	
0.999018	0	0	0	0.0119406	0	0	0	0.0119406	
0.999016	0	0	0	0.0118194	0	0	0	0.0118194	
0.999014	0	0	0	0.0116994	0	0	0	0.0116994	
0.999011	0	0	0	0.0115807	0	0	0	0.0115807	
0.999009	0	0	0	0.0114631	0	0	0	0.0114631	
0.999007	0	0	0	0.0113468	0	0	0	0.0113468	
0.999005	0	0	0	0.0112316	0	0	0	0.0112316	
0.999002	0	0	0	0.0111176	0	0	0	0.0111176	
0.999	0	0	0	0.0110048	0	0	0	0.0110048	
0.998998	0	0	0	0.0108931	0	0	0	0.0108931	
0.998996	0	0	0	0.0107825	0	0	0	0.0107825	
0.998993	0	0	0	0.0106731	0	0	0	0.0106731	
0.998991	0	0	0	0.0105647	0	0	0	0.0105647	
0.998989	0	0	0	0.0104575	0	0	0	0.0104575	
0.998987	0	0	0	0.0103513	0	0	0	0.0103513	
0.998984	0	0	0	0.0102463	0	0	0	0.0102463	
0.998982	0	0	0	0.0101423	0	0	0	0.0101423	
0.99898	0	0	0	0.0100393	0	0	0	0.0100393	
0.998978	0	0	0	0.00993742	0	0	0	0.00993742	
0.998975	0	0	0	0.00983656	0	0	0	0.00983656	
0.998973	0	0	0	0.00973671	0	0	0	0.00973671	
0.998971	0	0	0	0.00963788	0	0	0	0.00963788	
0.998968	0	0	0	0.00954006	0	0	0	0.00954006	
0.998966	0	0	0	0.00944322	0	0	0	0.00944322	
0.998964	0	0	0	0.00934737	0	0	0	0.00934737	
0.998962	0	0	0	0.00925249	0	0	0	0.00925249	
0.998959	0	0	0	0.00915858	0	0	0	0.00915858	
0.998957	0	0	0	0.00906562	0	0	0	0.00906562	
0.998955	0	0	0	0.0089736	0	0	0	0.0089736	
0.998953	0	0	0	0.00888252	0	0	0	0.00888252	
0.99895	0	0	0	0.00879236	0	0	0	0.00879236	
0.998948	0	0	0	0.00870311	0	0	0	0.00870311	
0.998946	0	0	0	0.00861477	0	0	0	0.00861477	
0.998944	0	0	0	0.00852733	0	0	0	0.00852733	
0.998941	0	0	0	0.00844078	0	0	0	0.00844078	
0.998939	0	0	0	0.0083551	0	0	0	0.0083551	
0.998937	0	0	0	0.0082703	0	0	0	0.0082703	
0.998935	0	0	0	0.00818635	0	0	0	0.00818635	
0.998932	0	0	0	0.00810326	0	0	0	0.00810326	
0.99893	0	0	0	0.00802101	0	0	0	0.00802101	
0.998928	0	0	0	0.00793959	0	0	0	0.00793959	
0.998926	0	0	0	0.007859	0	0	0	0.007859	
0.998923	0	0	0	0.00777923	0	0	0	0.00777923	
0.998921	0	0	0	0.00770027	0	0	0	0.00770027	
0.998919	0	0	0	0.00762211	0	0	0	0.00762211	
0.998916	0	0	0	0.00754475	0	0	0	0.00754475	
0.998914	0	0	0	0.00746817	0	0	0	0.00746817	
0.998912	0	0	0	0.00739236	0	0	0	0.00739236	
0.99891	0	0	0	0.00731733	0	0	0	0.00731733	
0.998907	0	0	0	0.00724306	0	0	0	0.00724306	
0.998905	0	0	0	0.00716954	0	0	0	0.00716954	
0.998903	0	0	0	0.00709676	0	0	0	0.00709676	
0.998901	0	0	0	0.00702473	0	0	0	0.00702473	
0.998898	0	0	0	0.00695343	0	0	0	0.00695343	
0.998896	0	0	0	0.00688285	0	0	0	0.00688285	
0.998894	0	0	0	0.00681299	0	0	0	0.00681299	
0.998892	0	0	0	0.00674383	0	0	0	0.00674383	
0.998889	0	0	0	0.00667538	0	0	0	0.00667538	
0.998887	0	0	0	0.00660763	0	0	0	0.00660763	
0.998885	0	0	0	0.00654056	0	0	0	0.00654056	
0.998883	0	0	0	0.00647417	0	0	0	0.00647417	
0.99888	0	0	0	0.00640845	0	0	0	0.00640845	
0.998878	0	0	0	0.00634341	0	0	0	0.00634341	
0.998876	0	0	0	0.00627902	0	0	0	0.00627902	
0.998874	0	0	0	0.00621529	0	0	0	0.00621529	
0.998871	0	0	0	0.0061522	0	0	0	0.0061522	
0.998869	0	0	0	0.00608975	0	0	0	0.00608975	
0.998867	0	0	0	0.00602794	0	0	0	0.00602794	
0.998864	0	0	0	0.00596676	0	0	0	0.00596676	
0.998862	0	0	0	0.00590619	0	0	0	0.00590619	
0.99886	0	0	0	0.00584624	0	0	0	0.00584624	
0.998858	0	0	0	0.0057869	0	0	0	0.0057869	
0.998855	0	0	0	0.00572816	0	0	0	0.00572816	
0.998853	0	0	0	0.00567002	0	0	0	0.00567002	
0.998851	0	0	0	0.00561247	0	0	0	0.00561247	
0.998849	0	0	0	0.0055555	0	0	0	0.0055555	
0.998846	0	0	0	0.00549911	0	0	0	0.00549911	
0.998844	0	0	0	0.0054433	0	0	0	0.0054433	
0.998842	0	0	0	0.00538805	0	0	0	0.00538805	
0.99884	0	0	0	0.00533336	0	0	0	0.00533336	
0.998837	0	0	0	0.00527922	0	0	0	0.00527922	
0.998835	0	0	0	0.00522564	0	0	0	0.00522564	
0.998833	0	0	0	0.00517259	0	0	0	0.00517259	
0.998831	0	0	0	0.00512009	0	0	0	0.00512009	
0.998828	0	0	0	0.00506812	0	0	0	0.00506812	
0.998826	0	0	0	0.00501668	0	0	0	0.00501668	
0.998824	0	0	0	0.00496576	0	0	0	0.00496576	
0.998822	0	0	0	0.00491535	0	0	0	0.00491535	
0.998819	0	0	0	0.00486546	0	0	0	0.00486546	
0.998817	0	0	0	0.00481608	0	0	0	0.00481608	
0.998815	0	0	0	0.00476719	0	0	0	0.00476719	
0.998812	0	0	0	0.0047188	0	0	0	0.0047188	
0.99881	0	0	0	0.00467091	0	0	0	0.00467091	
0.998808	0	0	0	0.0046235	0	0	0	0.0046235	
0.998806	0	0	0	0.00457657	0	0	0	0.00457657	
0.998803	0	0	0	0.00453011	0	0	0	0.00453011	
0.998801	0	0	0	0.00448413	0	0	0	0.00448413	
0.998799	0	0	0	0.00443862	0	0	0	0.00443862	
0.998797	0	0	0	0.00439356	0	0	0	0.00439356	
0.998794	0	0	0	0.00434897	0	0	0	0.00434897	
0.998792	0	0	0	0.00430483	0	0	0	0.00430483	
0.99879	0	0	0	0.00426113	0	0	0	0.00426113	
0.998788	0	0	0	0.00421788	0	0	0	0.00421788	
0.998785	0	0	0	0.00417507	0	0	0	0.00417507	
0.998783	0	0	0	0.00413269	0	0	0	0.00413269	
0.998781	0	0	0	0.00409074	0	0	0	0.00409074	
0.998779	0	0	0	0.00404922	0	0	0	0.00404922	
0.998776	0	0	0	0.00400812	0	0	0	0.00400812	
0.998774	0	0	0	0.00396744	0	0	0	0.00396744	
0.998772	0	0	0	0.00392717	0	0	0	0.00392717	
0.99877	0	0	0	0.0038873	0	0	0	0.0038873	
0.998767	0	0	0	0.00384785	0	0	0	0.00384785	
0.998765	0	0	0	0.00380879	0	0	0	0.00380879	
0.998763	0	0	0	0.00377013	0	0	0	0.00377013	
0.998761	0	0	0	0.00373186	0	0	0	0.00373186	
0.998758	0	0	0	0.00369398	0	0	0	0.00369398	
0.998756	0	0	0	0.00365649	0	0	0	0.00365649	
0.998754	0	0	0	0.00361937	0	0	0	0.00361937	
0.998751	0	0	0	0.00358264	0	0	0	0.00358264	
0.998749	0	0	0	0.00354627	0	0	0	0.00354627	
0.998747	0	0	0	0.00351028	0	0	0	0.00351028	
0.998745	0	0	0	0.00347465	0	0	0	0.00347465	
0.998742	0	0	0	0.00343938	0	0	0	0.00343938	
0.99874	0	0	0	0.00340447	0	0	0	0.00340447	
0.998738	0	0	0	0.00336991	0	0	0	0.00336991	
0.998736	0	0	0	0.00333571	0	0	0	0.00333571	
0.998733	0	0	0	0.00330185	0	0	0	0.00330185	
0.998731	0	0	0	0.00326833	0	0	0	0.00326833	
0.998729	0	0	0	0.00323516	0	0	0	0.00323516	
0.998727	0	0	0	0.00320232	0	0	0	0.00320232	
0.998724	0	0	0	0.00316982	0	0	0	0.00316982	
0.998722	0	0	0	0.00313764	0	0	0	0.00313764	
0.99872	0	0	0	0.0031058	0	0	0	0.0031058	
0.998718	0	0	0	0.00307427	0	0	0	0.00307427	
0.998715	0	0	0	0.00304307	0	0	0	0.00304307	
0.998713	0	0	0	0.00301218	0	0	0	0.00301218	
0.998711	0	0	0	0.0029816	0	0	0	0.0029816	
0.998709	0	0	0	0.00295134	0	0	0	0.00295134	
0.998706	0	0	0	0.00292138	0	0	0	0.00292138	
0.998704	0	0	0	0.00289173	0	0	0	0.00289173	
0.998702	0	0	0	0.00286238	0	0	0	0.00286238	
0.998699	0	0	0	0.00283333	0	0	0	0.00283333	
0.998697	0	0	0	0.00280457	0	0	0	0.00280457	
0.998695	0	0	0	0.0027761	0	0	0	0.0027761	
0.998693	0	0	0	0.00274792	0	0	0	0.00274792	
0.99869	0	0	0	0.00272003	0	0	0	0.00272003	
0.998688	0	0	0	0.00269242	0	0	0	0.00269242	
0.998686	0	0	0	0.00266509	0	0	0	0.00266509	
0.998684	0	0	0	0.00263804	0	0	0	0.00263804	
0.998681	0	0	0	0.00261126	0	0	0	0.00261126	
0.998679	0	0	0	0.00258476	0	0	0	0.00258476	
0.998677	0	0	0	0.00255852	0	0	0	0.00255852	
0.998675	0	0	0	0.00253255	0	0	0	0.00253255	
0.998672	0	0	0	0.00250685	0	0	0	0.00250685	
0.99867	0	0	0	0.0024814	0	0	0	0.0024814	
0.998668	0	0	0	0.00245622	0	0	0	0.00245622	
0.998666	0	0	0	0.00243129	0	0	0	0.00243129	
0.998663	0	0	0	0.00240661	0	0	0	0.00240661	
0.998661	0	0	0	0.00238218	0	0	0	0.00238218	
0.998659	0	0	0	0.002358	0	0	0	0.002358	
0.998657	0	0	0	0.00233407	0	0	0	0.00233407	
0.998654	0	0	0	0.00231037	0	0	0	0.00231037	
0.998652	0	0	0	0.00228692	0	0	0	0.00228692	
0.99865	0	0	0	0.00226371	0	0	0	0.00226371	
0.998647	0	0	0	0.00224073	0	0	0	0.00224073	
0.998645	0	0	0	0.00221799	0	0	0	0.00221799	
0.998643	0	0	0	0.00219548	0	0	0	0.00219548	
0.998641	0	0	0	0.00217319	0	0	0	0.00217319	
0.998638	0	0	0	0.00215113	0	0	0	0.00215113	
0.998636	0	0	0	0.0021293	0	0	0	0.0021293	
0.998634	0	0	0	0.00210769	0	0	0	0.00210769	
0.998632	0	0	0	0.00208629	0	0	0	0.00208629	
0.998629	0	0	0	0.00206512	0	0	0	0.00206512	
0.998627	0	0	0	0.00204416	0	0	0	0.00204416	
0.998625	0	0	0	0.00202341	0	0	0	0.00202341	
0.998623	0	0	0	0.00200287	0	0	0	0.00200287	
0.99862	0	0	0	0.00198254	0	0	0	0.00198254	
0.998618	0	0	0	0.00196242	0	0	0	0.00196242	
0.998616	0	0	0	0.0019425	0	0	0	0.0019425	
0.998614	0	0	0	0.00192278	0	0	0	0.00192278	
0.998611	0	0	0	0.00190326	0	0	0	0.00190326	
0.998609	0	0	0	0.00188394	0	0	0	0.00188394	
0.998607	0	0	0	0.00186482	0	0	0	0.00186482	
0.998605	0	0	0	0.00184589	0	0	0	0.00184589	
0.998602	0	0	0	0.00182716	0	0	0	0.00182716	
0.9986	0	0	0	0.00180861	0	0	0	0.00180861	
0.998598	0	0	0	0.00179025	0	0	0	0.00179025	
0.998596	0	0	0	0.00177208	0	0	0	0.00177208	
0.998593	0	0	0	0.0017541	0	0	0	0.0017541	
0.998591	0	0	0	0.00173629	0	0	0	0.00173629	
0.998589	0	0	0	0.00171867	0	0	0	0.00171867	
0.998586	0	0	0	0.00170122	0	0	0	0.00170122	
0.998584	0	0	0	0.00168395	0	0	0	0.00168395	
0.998582	0	0	0	0.00166686	0	0	0	0.00166686	
0.99858	0	0	0	0.00164994	0	0	0	0.00164994	
0.998577	0	0	0	0.0016332	0	0	0	0.0016332	
0.998575	0	0	0	0.00161662	0	0	0	0.00161662	
0.998573	0	0	0	0.00160021	0	0	0	0.00160021	
0.998571	0	0	0	0.00158397	0	0	0	0.00158397	
0.998568	0	0	0	0.00156789	0	0	0	0.00156789	
0.998566	0	0	0	0.00155197	0	0	0	0.00155197	
0.998564	0	0	0	0.00153622	0	0	0	0.00153622	
0.998562	0	0	0	0.00152063	0	0	0	0.00152063	
0.998559	0	0	0	0.00150519	0	0	0	0.00150519	
0.998557	0	0	0	0.00148992	0	0	0	0.00148992	
0.998555	0	0	0	0.00147479	0	0	0	0.00147479	
0.998553	0	0	0	0.00145982	0	0	0	0.00145982	
0.99855	0	0	0	0.00144501	0	0	0	0.00144501	
0.998548	0	0	0	0.00143034	0	0	0	0.00143034	
0.998546	0	0	0	0.00141582	0	0	0	0.00141582	
0.998544	0	0	0	0.00140145	0	0	0	0.00140145	
0.998541	0	0	0	0.00138723	0	0	0	0.00138723	
0.998539	0	0	0	0.00137314	0	0	0	0.00137314	
0.998537	0	0	0	0.00135921	0	0	0	0.00135921	
0.998534	0	0	0	0.00134541	0	0	0	0.00134541	
0.998532	0	0	0	0.00133175	0	0	0	0.00133175	
0.99853	0	0	0	0.00131824	0	0	0	0.00131824	
0.998528	0	0	0	0.00130486	0	0	0	0.00130486	
0.998525	0	0	0	0.00129161	0	0	0	0.00129161	
0.998523	0	0	0	0.0012785	0	0	0	0.0012785	
0.998521	0	0	0	0.00126552	0	0	0	0.00126552	
0.998519	0	0	0	0.00125268	0	0	0	0.00125268	
0.998516	0	0	0	0.00123996	0	0	0	0.00123996	
0.998514	0	0	0	0.00122738	0	0	0	0.00122738	
0.998512	0	0	0	0.00121492	0	0	0	0.00121492	
0.99851	0	0	0	0.00120259	0	0	0	0.00120259	
0.998507	0	0	0	0.00119038	0	0	0	0.00119038	
0.998505	0	0	0	0.0011783	0	0	0	0.0011783	
0.998503	0	0	0	0.00116634	0	0	0	0.00116634	
0.998501	0	0	0	0.0011545	0	0	0	0.0011545	
0.998498	0	0	0	0.00114278	0	0	0	0.00114278	
0.998496	0	0	0	0.00113118	0	0	0	0.00113118	
0.998494	0	0	0	0.0011197	0	0	0	0.0011197	
0.998492	0	0	0	0.00110834	0	0	0	0.00110834	
0.998489	0	0	0	0.00109709	0	0	0	0.00109709	
0.998487	0	0	0	0.00108595	0	0	0	0.00108595	
0.998485	0	0	0	0.00107493	0	0	0	0.00107493	
0.998483	0	0	0	0.00106402	0	0	0	0.00106402	
0.99848	0	0	0	0.00105322	0	0	0	0.00105322	
0.998478	0	0	0	0.00104253	0	0	0	0.00104253	
0.998476	0	0	0	0.00103194	0	0	0	0.00103194	
0.998473	0	0	0	0.00102147	0	0	0	0.00102147	
0.998471	0	0	0	0.0010111	0	0	0	0.0010111	
0.998469	0	0	0	0.00100084	0	0	0	0.00100084	
0.998467	0	0	0	0.00099068	0	0	0	0.00099068	
0.998464	0	0	0	0.000980625	0	0	0	0.000980625	
0.998462	0	0	0	0.000970671	0	0	0	0.000970671	
0.99846	0	0	0	0.000960819	0	0	0	0.000960819	
0.998458	0	0	0	0.000951066	0	0	0	0.000951066	
0.998455	0	0	0	0.000941413	0	0	0	0.000941413	
0.998453	0	0	0	0.000931857	0	0	0	0.000931857	
0.998451	0	0	0	0.000922398	0	0	0	0.000922398	
0.998449	0	0	0	0.000913036	0	0	0	0.000913036	
0.998446	0	0	0	0.000903768	0	0	0	0.000903768	
0.998444	0	0	0	0.000894595	0	0	0	0.000894595	
0.998442	0	0	0	0.000885515	0	0	0	0.000885515	
0.99844	0	0	0	0.000876526	0	0	0	0.000876526	
0.998437	0	0	0	0.000867629	0	0	0	0.000867629	
0.998435	0	0	0	0.000858823	0	0	0	0.000858823	
0.998433	0	0	0	0.000850106	0	0	0	0.000850106	
0.998431	0	0	0	0.000841477	0	0	0	0.000841477	
0.998428	0	0	0	0.000832936	0	0	0	0.000832936	
0.998426	0	0	0	0.000824481	0	0	0	0.000824481	
0.998424	0	0	0	0.000816113	0	0	0	0.000816113	
0.998421	0	0	0	0.000807829	0	0	0	0.000807829	
0.998419	0	0	0	0.000799629	0	0	0	0.000799629	
0.998417	0	0	0	0.000791513	0	0	0	0.000791513	
