1	0	0	0	1	0	0	0	1	
0.996961	1.05601e-06	0	2.71982e-07	0.994818	0	0	0	0.986877	
0.993944	4.18034e-06	0	1.07697e-06	0.989691	0	0	0	0.974047	
0.990937	9.33054e-06	0	2.40373e-06	0.984595	0	0	0	0.961386	
0.987938	1.64598e-05	0	4.24022e-06	0.979527	0	0	0	0.948894	
0.98495	2.55222e-05	0	6.57462e-06	0.974489	0	0	0	0.936568	
0.98197	3.6473e-05	0	9.39538e-06	0.96948	0	0	0	0.924405	
0.979	4.92682e-05	0	1.26912e-05	0.964499	0	0	0	0.912404	
0.976039	6.38646e-05	0	1.64509e-05	0.959547	0	0	0	0.900562	
0.973088	8.02199e-05	0	2.06636e-05	0.954623	0	0	0	0.888877	
0.970146	9.82929e-05	0	2.53188e-05	0.949728	0	0	0	0.877347	
0.967213	0.000118043	0	3.04058e-05	0.94486	0	0	0	0.86597	
0.964289	0.00013943	0	3.59146e-05	0.94002	0	0	0	0.854743	
0.961374	0.000162415	0	4.18349e-05	0.935208	0	0	0	0.843666	
0.958469	0.000186961	0	4.8157e-05	0.930422	0	0	0	0.832735	
0.955572	0.000213028	0	5.48712e-05	0.925664	0	0	0	0.82195	
0.952684	0.000240581	0	6.1968e-05	0.920933	0	0	0	0.811307	
0.949806	0.000269583	0	6.9438e-05	0.916229	0	0	0	0.800805	
0.946936	0.000299999	0	7.72721e-05	0.911551	0	0	0	0.790442	
0.944076	0.000331794	0	8.54615e-05	0.906899	0	0	0	0.780217	
0.941224	0.000364933	0	9.39971e-05	0.902274	0	0	0	0.770127	
0.938381	0.000399384	0	0.000102871	0.897675	0	0	0	0.760171	
0.935547	0.000435113	0	0.000112073	0.893101	0	0	0	0.750346	
0.932722	0.000472088	0	0.000121597	0.888554	0	0	0	0.740652	
0.929906	0.000510277	0	0.000131433	0.884031	0	0	0	0.731086	
0.927098	0.000549649	0	0.000141574	0.879534	0	0	0	0.721646	
0.9243	0.000590174	0	0.000152012	0.875063	0	0	0	0.712332	
0.921509	0.000631821	0	0.000162738	0.870616	0	0	0	0.703141	
0.918728	0.000674562	0	0.000173747	0.866194	0	0	0	0.694071	
0.915955	0.000718366	0	0.000185029	0.861796	0	0	0	0.685121	
0.913191	0.000763205	0	0.000196578	0.857423	0	0	0	0.67629	
0.910435	0.000809052	0	0.000208387	0.853075	0	0	0	0.667576	
0.907688	0.00085588	0	0.000220448	0.84875	0	0	0	0.658977	
0.904949	0.00090366	0	0.000232755	0.84445	0	0	0	0.650491	
0.902219	0.000952368	0	0.0002453	0.840173	0	0	0	0.642118	
0.899498	0.00100198	0	0.000258077	0.83592	0	0	0	0.633855	
0.896784	0.00105246	0	0.00027108	0.831691	0	0	0	0.625702	
0.89408	0.00110379	0	0.000284302	0.827485	0	0	0	0.617656	
0.891383	0.00115595	0	0.000297736	0.823302	0	0	0	0.609717	
0.888695	0.00120891	0	0.000311377	0.819142	0	0	0	0.601883	
0.886015	0.00126265	0	0.000325218	0.815005	0	0	0	0.594152	
0.883344	0.00131715	0	0.000339254	0.81089	0	0	0	0.586523	
0.88068	0.00137237	0	0.000353478	0.806799	0	0	0	0.578995	
0.878025	0.0014283	0	0.000367884	0.802729	0	0	0	0.571566	
0.875378	0.00148493	0	0.000382468	0.798683	0	0	0	0.564235	
0.87274	0.00154221	0	0.000397222	0.794658	0	0	0	0.557002	
0.870109	0.00160014	0	0.000412143	0.790655	0	0	0	0.549863	
0.867487	0.0016587	0	0.000427224	0.786674	0	0	0	0.542819	
0.864873	0.00171785	0	0.000442461	0.782715	0	0	0	0.535868	
0.862266	0.00177759	0	0.000457847	0.778777	0	0	0	0.529009	
0.859668	0.00183789	0	0.000473378	0.774861	0	0	0	0.52224	
0.857078	0.00189873	0	0.00048905	0.770966	0	0	0	0.51556	
0.854496	0.0019601	0	0.000504856	0.767093	0	0	0	0.508968	
0.851921	0.00202198	0	0.000520792	0.76324	0	0	0	0.502464	
0.849355	0.00208434	0	0.000536854	0.759408	0	0	0	0.496045	
0.846797	0.00214717	0	0.000553036	0.755597	0	0	0	0.48971	
0.844246	0.00221045	0	0.000569335	0.751807	0	0	0	0.48346	
0.841703	0.00227416	0	0.000585745	0.748037	0	0	0	0.477291	
0.839168	0.00233829	0	0.000602263	0.744288	0	0	0	0.471204	
0.836641	0.00240282	0	0.000618884	0.740559	0	0	0	0.465197	
0.834122	0.00246774	0	0.000635603	0.73685	0	0	0	0.459269	
0.83161	0.00253302	0	0.000652417	0.733161	0	0	0	0.453419	
0.829106	0.00259865	0	0.000669321	0.729491	0	0	0	0.447646	
0.82661	0.00266462	0	0.000686312	0.725842	0	0	0	0.44195	
0.824122	0.0027309	0	0.000703385	0.722212	0	0	0	0.436328	
0.821641	0.0027975	0	0.000720537	0.718602	0	0	0	0.43078	
0.819167	0.00286438	0	0.000737764	0.715011	0	0	0	0.425305	
0.816702	0.00293154	0	0.000755062	0.711439	0	0	0	0.419902	
0.814244	0.00299896	0	0.000772427	0.707886	0	0	0	0.414571	
0.811793	0.00306663	0	0.000789856	0.704353	0	0	0	0.409309	
0.80935	0.00313453	0	0.000807345	0.700838	0	0	0	0.404117	
0.806915	0.00320266	0	0.000824891	0.697342	0	0	0	0.398992	
0.804486	0.00327099	0	0.000842491	0.693865	0	0	0	0.393936	
0.802066	0.00333952	0	0.000860141	0.690406	0	0	0	0.388945	
0.799653	0.00340822	0	0.000877837	0.686966	0	0	0	0.384021	
0.797247	0.0034771	0	0.000895578	0.683544	0	0	0	0.379161	
0.794848	0.00354614	0	0.000913358	0.680141	0	0	0	0.374364	
0.792457	0.00361532	0	0.000931177	0.676755	0	0	0	0.369631	
0.790073	0.00368463	0	0.000949029	0.673387	0	0	0	0.36496	
0.787697	0.00375407	0	0.000966913	0.670038	0	0	0	0.360351	
0.785327	0.00382361	0	0.000984826	0.666706	0	0	0	0.355801	
0.782965	0.00389326	0	0.00100276	0.663391	0	0	0	0.351312	
0.780611	0.00396299	0	0.00102073	0.660095	0	0	0	0.346881	
0.778263	0.00403281	0	0.00103871	0.656815	0	0	0	0.342509	
0.775923	0.00410269	0	0.0010567	0.653553	0	0	0	0.338194	
0.773589	0.00417263	0	0.00107472	0.650309	0	0	0	0.333935	
0.771263	0.00424261	0	0.00109274	0.647081	0	0	0	0.329733	
0.768944	0.00431264	0	0.00111078	0.64387	0	0	0	0.325585	
0.766632	0.00438269	0	0.00112882	0.640677	0	0	0	0.321492	
0.764328	0.00445276	0	0.00114687	0.6375	0	0	0	0.317452	
0.76203	0.00452283	0	0.00116492	0.63434	0	0	0	0.313466	
0.759739	0.00459291	0	0.00118297	0.631196	0	0	0	0.309531	
0.757455	0.00466298	0	0.00120102	0.628069	0	0	0	0.305649	
0.755178	0.00473303	0	0.00121906	0.624959	0	0	0	0.301817	
0.752908	0.00480306	0	0.00123709	0.621865	0	0	0	0.298035	
0.750645	0.00487305	0	0.00125512	0.618787	0	0	0	0.294302	
0.748389	0.004943	0	0.00127314	0.615725	0	0	0	0.290619	
0.74614	0.0050129	0	0.00129114	0.612679	0	0	0	0.286984	
0.743898	0.00508274	0	0.00130913	0.609649	0	0	0	0.283396	
0.741662	0.00515251	0	0.0013271	0.606635	0	0	0	0.279855	
0.739434	0.00522221	0	0.00134505	0.603637	0	0	0	0.276361	
0.737212	0.00529183	0	0.00136298	0.600654	0	0	0	0.272912	
0.734997	0.00536136	0	0.00138089	0.597687	0	0	0	0.269508	
0.732788	0.00543079	0	0.00139877	0.594736	0	0	0	0.266149	
0.730587	0.00550012	0	0.00141663	0.5918	0	0	0	0.262834	
0.728392	0.00556934	0	0.00143446	0.588879	0	0	0	0.259562	
0.726204	0.00563845	0	0.00145226	0.585973	0	0	0	0.256332	
0.724022	0.00570743	0	0.00147003	0.583083	0	0	0	0.253145	
0.721847	0.00577629	0	0.00148776	0.580207	0	0	0	0.25	
0.719679	0.00584501	0	0.00150546	0.577347	0	0	0	0.246895	
0.717517	0.00591359	0	0.00152312	0.574501	0	0	0	0.243831	
0.715362	0.00598202	0	0.00154075	0.57167	0	0	0	0.240807	
0.713213	0.0060503	0	0.00155833	0.568854	0	0	0	0.237823	
0.711071	0.00611842	0	0.00157588	0.566052	0	0	0	0.234877	
0.708936	0.00618637	0	0.00159338	0.563265	0	0	0	0.23197	
0.706807	0.00625416	0	0.00161084	0.560492	0	0	0	0.2291	
0.704684	0.00632177	0	0.00162825	0.557734	0	0	0	0.226269	
0.702568	0.0063892	0	0.00164562	0.55499	0	0	0	0.223474	
0.700458	0.00645645	0	0.00166294	0.55226	0	0	0	0.220715	
0.698355	0.0065235	0	0.00168021	0.549544	0	0	0	0.217992	
0.696258	0.00659036	0	0.00169743	0.546843	0	0	0	0.215305	
0.694168	0.00665703	0	0.0017146	0.544155	0	0	0	0.212653	
0.692083	0.00672348	0	0.00173172	0.541481	0	0	0	0.210035	
0.690006	0.00678973	0	0.00174878	0.538821	0	0	0	0.207451	
0.687934	0.00685577	0	0.00176579	0.536174	0	0	0	0.204901	
0.685869	0.00692159	0	0.00178274	0.533541	0	0	0	0.202384	
0.68381	0.00698718	0	0.00179964	0.530922	0	0	0	0.1999	
0.681757	0.00705255	0	0.00181648	0.528316	0	0	0	0.197448	
0.679711	0.0071177	0	0.00183325	0.525724	0	0	0	0.195028	
0.677671	0.0071826	0	0.00184997	0.523144	0	0	0	0.192639	
0.675636	0.00724728	0	0.00186663	0.520579	0	0	0	0.190281	
0.673609	0.00731171	0	0.00188322	0.518026	0	0	0	0.187954	
0.671587	0.00737589	0	0.00189976	0.515486	0	0	0	0.185658	
0.669571	0.00743983	0	0.00191622	0.51296	0	0	0	0.183391	
0.667562	0.00750352	0	0.00193263	0.510446	0	0	0	0.181153	
0.665558	0.00756695	0	0.00194896	0.507945	0	0	0	0.178944	
0.663561	0.00763012	0	0.00196524	0.505457	0	0	0	0.176764	
0.66157	0.00769303	0	0.00198144	0.502982	0	0	0	0.174613	
0.659585	0.00775568	0	0.00199758	0.500519	0	0	0	0.172489	
0.657605	0.00781806	0	0.00201364	0.498069	0	0	0	0.170393	
0.655632	0.00788018	0	0.00202964	0.495631	0	0	0	0.168324	
0.653665	0.00794202	0	0.00204557	0.493206	0	0	0	0.166281	
0.651704	0.00800358	0	0.00206142	0.490794	0	0	0	0.164265	
0.649748	0.00806487	0	0.00207721	0.488393	0	0	0	0.162276	
0.647799	0.00812587	0	0.00209292	0.486005	0	0	0	0.160311	
0.645855	0.00818659	0	0.00210856	0.483629	0	0	0	0.158373	
0.643918	0.00824703	0	0.00212413	0.481265	0	0	0	0.156459	
0.641986	0.00830718	0	0.00213962	0.478913	0	0	0	0.15457	
0.64006	0.00836704	0	0.00215504	0.476573	0	0	0	0.152706	
0.63814	0.0084266	0	0.00217038	0.474245	0	0	0	0.150866	
0.636226	0.00848588	0	0.00218564	0.471929	0	0	0	0.149049	
0.634317	0.00854485	0	0.00220083	0.469625	0	0	0	0.147256	
0.632415	0.00860353	0	0.00221595	0.467332	0	0	0	0.145486	
0.630518	0.00866191	0	0.00223098	0.465051	0	0	0	0.143739	
0.628627	0.00871998	0	0.00224594	0.462781	0	0	0	0.142014	
0.626741	0.00877776	0	0.00226082	0.460523	0	0	0	0.140312	
0.624861	0.00883522	0	0.00227562	0.458277	0	0	0	0.138631	
0.622987	0.00889238	0	0.00229034	0.456041	0	0	0	0.136973	
0.621119	0.00894923	0	0.00230499	0.453818	0	0	0	0.135335	
0.619256	0.00900577	0	0.00231955	0.451605	0	0	0	0.133719	
0.617399	0.009062	0	0.00233403	0.449404	0	0	0	0.132123	
0.615548	0.00911791	0	0.00234843	0.447213	0	0	0	0.130548	
0.613702	0.00917351	0	0.00236275	0.445034	0	0	0	0.128994	
0.611862	0.0092288	0	0.00237699	0.442866	0	0	0	0.127459	
0.610027	0.00928377	0	0.00239115	0.440709	0	0	0	0.125944	
0.608198	0.00933842	0	0.00240523	0.438562	0	0	0	0.124449	
0.606374	0.00939275	0	0.00241922	0.436427	0	0	0	0.122972	
0.604556	0.00944675	0	0.00243313	0.434302	0	0	0	0.121515	
0.602743	0.00950044	0	0.00244696	0.432188	0	0	0	0.120077	
0.600936	0.00955381	0	0.0024607	0.430085	0	0	0	0.118657	
0.599134	0.00960685	0	0.00247436	0.427992	0	0	0	0.117255	
0.597338	0.00965957	0	0.00248794	0.42591	0	0	0	0.115871	
0.595547	0.00971196	0	0.00250144	0.423838	0	0	0	0.114505	
0.593762	0.00976403	0	0.00251485	0.421777	0	0	0	0.113156	
0.591982	0.00981577	0	0.00252817	0.419726	0	0	0	0.111825	
0.590207	0.00986718	0	0.00254141	0.417685	0	0	0	0.11051	
0.588438	0.00991827	0	0.00255457	0.415655	0	0	0	0.109213	
0.586674	0.00996902	0	0.00256765	0.413635	0	0	0	0.107932	
0.584915	0.0100195	0	0.00258063	0.411625	0	0	0	0.106668	
0.583162	0.0100696	0	0.00259354	0.409625	0	0	0	0.10542	
0.581414	0.0101193	0	0.00260636	0.407635	0	0	0	0.104187	
0.579671	0.0101688	0	0.00261909	0.405655	0	0	0	0.102971	
0.577934	0.0102179	0	0.00263174	0.403685	0	0	0	0.10177	
0.576202	0.0102666	0	0.0026443	0.401725	0	0	0	0.100584	
0.574475	0.0103151	0	0.00265678	0.399775	0	0	0	0.0994139	
0.572753	0.0103632	0	0.00266917	0.397835	0	0	0	0.0982584	
0.571036	0.010411	0	0.00268148	0.395904	0	0	0	0.0971176	
0.569325	0.0104584	0	0.0026937	0.393983	0	0	0	0.0959914	
0.567619	0.0105056	0	0.00270583	0.392072	0	0	0	0.0948796	
0.565917	0.0105523	0	0.00271788	0.39017	0	0	0	0.093782	
0.564221	0.0105988	0	0.00272985	0.388277	0	0	0	0.0926984	
0.562531	0.0106449	0	0.00274173	0.386394	0	0	0	0.0916285	
0.560845	0.0106907	0	0.00275352	0.384521	0	0	0	0.0905723	
0.559164	0.0107362	0	0.00276523	0.382657	0	0	0	0.0895296	
0.557489	0.0107813	0	0.00277685	0.380802	0	0	0	0.0885001	
0.555818	0.0108261	0	0.00278839	0.378957	0	0	0	0.0874838	
0.554153	0.0108705	0	0.00279984	0.37712	0	0	0	0.0864804	
0.552492	0.0109147	0	0.00281121	0.375293	0	0	0	0.0854897	
0.550837	0.0109585	0	0.00282249	0.373475	0	0	0	0.0845117	
0.549186	0.0110019	0	0.00283368	0.371666	0	0	0	0.083546	
0.547541	0.0110451	0	0.0028448	0.369866	0	0	0	0.0825927	
