1	0	0	0	1	0	0	0	1	
0.999888	1.19405e-06	0	3.4306e-07	0.995955	0	0	0	0.977731	
0.999777	4.68788e-06	0	1.34756e-06	0.991958	0	0	0	0.956313	
0.999666	1.03711e-05	0	2.98112e-06	0.98798	0	0	0	0.935367	
0.999556	1.81345e-05	0	5.21232e-06	0.984022	0	0	0	0.914884	
0.999446	2.78769e-05	0	8.01214e-06	0.980082	0	0	0	0.894853	
0.999337	3.95048e-05	0	1.13537e-05	0.976161	0	0	0	0.875265	
0.999228	5.29311e-05	0	1.52119e-05	0.972259	0	0	0	0.856108	
0.999119	6.80744e-05	0	1.95635e-05	0.968375	0	0	0	0.837374	
0.999011	8.48588e-05	0	2.43866e-05	0.964509	0	0	0	0.819054	
0.998903	0.000103213	0	2.96607e-05	0.960661	0	0	0	0.801137	
0.998795	0.000123069	0	3.53665e-05	0.956831	0	0	0	0.783616	
0.998688	0.000144365	0	4.14858e-05	0.953019	0	0	0	0.766481	
0.998581	0.000167041	0	4.80014e-05	0.949224	0	0	0	0.749724	
0.998474	0.000191039	0	5.48971e-05	0.945446	0	0	0	0.733336	
0.998367	0.000216306	0	6.21574e-05	0.941685	0	0	0	0.717309	
0.998261	0.000242791	0	6.97676e-05	0.937941	0	0	0	0.701636	
0.998155	0.000270445	0	7.77138e-05	0.934214	0	0	0	0.686308	
0.998049	0.000299223	0	8.59827e-05	0.930504	0	0	0	0.671317	
0.997943	0.000329079	0	9.45616e-05	0.92681	0	0	0	0.656657	
0.997838	0.000359972	0	0.000103438	0.923133	0	0	0	0.64232	
0.997733	0.000391861	0	0.000112601	0.919472	0	0	0	0.628299	
0.997628	0.000424708	0	0.000122039	0.915827	0	0	0	0.614586	
0.997523	0.000458474	0	0.000131742	0.912198	0	0	0	0.601175	
0.997418	0.000493126	0	0.000141698	0.908585	0	0	0	0.58806	
0.997314	0.000528628	0	0.000151899	0.904988	0	0	0	0.575233	
0.99721	0.000564947	0	0.000162335	0.901407	0	0	0	0.562688	
0.997106	0.000602052	0	0.000172996	0.897841	0	0	0	0.55042	
0.997002	0.000639913	0	0.000183875	0.894291	0	0	0	0.538422	
0.996899	0.0006785	0	0.000194962	0.890756	0	0	0	0.526688	
0.996795	0.000717785	0	0.00020625	0.887237	0	0	0	0.515211	
0.996692	0.00075774	0	0.000217731	0.883733	0	0	0	0.503988	
0.996589	0.00079834	0	0.000229396	0.880243	0	0	0	0.493011	
0.996486	0.000839559	0	0.00024124	0.876769	0	0	0	0.482276	
0.996383	0.000881373	0	0.000253254	0.873309	0	0	0	0.471777	
0.996281	0.000923758	0	0.000265433	0.869865	0	0	0	0.461509	
0.996178	0.000966691	0	0.000277769	0.866435	0	0	0	0.451466	
0.996076	0.00101015	0	0.000290256	0.863019	0	0	0	0.441645	
0.995974	0.00105411	0	0.000302888	0.859618	0	0	0	0.432039	
0.995871	0.00109856	0	0.000315659	0.856232	0	0	0	0.422644	
0.99577	0.00114348	0	0.000328564	0.85286	0	0	0	0.413457	
0.995668	0.00118883	0	0.000341597	0.849502	0	0	0	0.404471	
0.995566	0.00123462	0	0.000354752	0.846158	0	0	0	0.395682	
0.995465	0.00128081	0	0.000368024	0.842828	0	0	0	0.387087	
0.995363	0.00132739	0	0.000381409	0.839513	0	0	0	0.37868	
0.995262	0.00137435	0	0.000394901	0.836211	0	0	0	0.370458	
0.995161	0.00142167	0	0.000408496	0.832923	0	0	0	0.362417	
0.99506	0.00146932	0	0.000422189	0.829649	0	0	0	0.354553	
0.994959	0.0015173	0	0.000435976	0.826388	0	0	0	0.346861	
0.994858	0.0015656	0	0.000449852	0.823141	0	0	0	0.339338	
0.994757	0.00161419	0	0.000463814	0.819907	0	0	0	0.33198	
0.994656	0.00166306	0	0.000477856	0.816687	0	0	0	0.324784	
0.994556	0.00171221	0	0.000491977	0.813481	0	0	0	0.317746	
0.994455	0.0017616	0	0.00050617	0.810287	0	0	0	0.310862	
0.994355	0.00181125	0	0.000520434	0.807107	0	0	0	0.30413	
0.994255	0.00186112	0	0.000534764	0.80394	0	0	0	0.297545	
0.994154	0.00191121	0	0.000549157	0.800786	0	0	0	0.291105	
0.994054	0.00196151	0	0.00056361	0.797645	0	0	0	0.284806	
0.993954	0.00201201	0	0.000578119	0.794517	0	0	0	0.278646	
0.993854	0.00206269	0	0.000592681	0.791402	0	0	0	0.27262	
0.993755	0.00211355	0	0.000607293	0.788299	0	0	0	0.266727	
0.993655	0.00216457	0	0.000621952	0.78521	0	0	0	0.260963	
0.993555	0.00221574	0	0.000636656	0.782133	0	0	0	0.255325	
0.993455	0.00226706	0	0.000651402	0.779068	0	0	0	0.249811	
0.993356	0.00231851	0	0.000666186	0.776016	0	0	0	0.244418	
0.993256	0.00237009	0	0.000681006	0.772977	0	0	0	0.239144	
0.993157	0.00242179	0	0.00069586	0.76995	0	0	0	0.233985	
0.993058	0.0024736	0	0.000710745	0.766935	0	0	0	0.228939	
0.992959	0.0025255	0	0.000725659	0.763933	0	0	0	0.224003	
0.992859	0.0025775	0	0.0007406	0.760942	0	0	0	0.219176	
0.99276	0.00262958	0	0.000755565	0.757964	0	0	0	0.214455	
0.992661	0.00268174	0	0.000770551	0.754998	0	0	0	0.209837	
0.992562	0.00273397	0	0.000785558	0.752044	0	0	0	0.20532	
0.992463	0.00278626	0	0.000800582	0.749103	0	0	0	0.200902	
0.992364	0.00283861	0	0.000815623	0.746172	0	0	0	0.196581	
0.992266	0.002891	0	0.000830677	0.743254	0	0	0	0.192355	
0.992167	0.00294344	0	0.000845743	0.740348	0	0	0	0.188221	
0.992068	0.00299591	0	0.00086082	0.737453	0	0	0	0.184177	
0.99197	0.00304841	0	0.000875905	0.73457	0	0	0	0.180223	
0.991871	0.00310093	0	0.000890996	0.731699	0	0	0	0.176354	
0.991772	0.00315348	0	0.000906093	0.728839	0	0	0	0.172571	
0.991674	0.00320603	0	0.000921193	0.725991	0	0	0	0.16887	
0.991576	0.00325859	0	0.000936294	0.723154	0	0	0	0.16525	
0.991477	0.00331115	0	0.000951396	0.720329	0	0	0	0.16171	
0.991379	0.00336371	0	0.000966497	0.717515	0	0	0	0.158247	
0.991281	0.00341625	0	0.000981596	0.714712	0	0	0	0.154859	
0.991182	0.00346879	0	0.00099669	0.711921	0	0	0	0.151546	
0.991084	0.0035213	0	0.00101178	0.70914	0	0	0	0.148305	
0.990986	0.00357379	0	0.00102686	0.706371	0	0	0	0.145135	
0.990888	0.00362626	0	0.00104194	0.703613	0	0	0	0.142035	
0.99079	0.00367869	0	0.001057	0.700866	0	0	0	0.139002	
0.990692	0.00373109	0	0.00107206	0.69813	0	0	0	0.136035	
0.990594	0.00378344	0	0.0010871	0.695405	0	0	0	0.133134	
0.990496	0.00383575	0	0.00110213	0.692691	0	0	0	0.130296	
0.990398	0.00388802	0	0.00111715	0.689988	0	0	0	0.127519	
0.9903	0.00394023	0	0.00113215	0.687295	0	0	0	0.124804	
0.990203	0.00399239	0	0.00114713	0.684614	0	0	0	0.122147	
0.990105	0.00404449	0	0.0011621	0.681943	0	0	0	0.119549	
0.990007	0.00409652	0	0.00117705	0.679282	0	0	0	0.117008	
0.98991	0.00414849	0	0.00119199	0.676632	0	0	0	0.114521	
0.989812	0.0042004	0	0.0012069	0.673993	0	0	0	0.11209	
0.989714	0.00425223	0	0.00122179	0.671364	0	0	0	0.109711	
0.989617	0.00430398	0	0.00123666	0.668746	0	0	0	0.107384	
0.989519	0.00435566	0	0.00125151	0.666138	0	0	0	0.105108	
0.989422	0.00440726	0	0.00126634	0.663541	0	0	0	0.102882	
0.989324	0.00445878	0	0.00128114	0.660953	0	0	0	0.100704	
0.989227	0.00451021	0	0.00129592	0.658377	0	0	0	0.0985737	
0.98913	0.00456156	0	0.00131067	0.65581	0	0	0	0.0964899	
0.989032	0.00461281	0	0.0013254	0.653253	0	0	0	0.0944515	
0.988935	0.00466397	0	0.0013401	0.650707	0	0	0	0.0924575	
0.988838	0.00471504	0	0.00135477	0.648171	0	0	0	0.090507	
0.98874	0.00476601	0	0.00136941	0.645644	0	0	0	0.0885989	
0.988643	0.00481688	0	0.00138403	0.643128	0	0	0	0.0867325	
0.988546	0.00486764	0	0.00139862	0.640622	0	0	0	0.0849067	
0.988449	0.00491831	0	0.00141317	0.638126	0	0	0	0.0831207	
0.988352	0.00496887	0	0.0014277	0.635639	0	0	0	0.0813735	
0.988254	0.00501932	0	0.0014422	0.633163	0	0	0	0.0796644	
0.988157	0.00506966	0	0.00145666	0.630696	0	0	0	0.0779925	
0.98806	0.0051199	0	0.0014711	0.628239	0	0	0	0.076357	
0.987963	0.00517002	0	0.0014855	0.625791	0	0	0	0.0747571	
0.987866	0.00522002	0	0.00149987	0.623354	0	0	0	0.073192	
0.987769	0.00526992	0	0.0015142	0.620926	0	0	0	0.0716609	
0.987672	0.00531969	0	0.0015285	0.618507	0	0	0	0.0701631	
0.987575	0.00536934	0	0.00154277	0.616098	0	0	0	0.0686979	
0.987479	0.00541888	0	0.001557	0.613699	0	0	0	0.0672646	
0.987382	0.00546829	0	0.0015712	0.611309	0	0	0	0.0658623	
0.987285	0.00551759	0	0.00158536	0.608929	0	0	0	0.0644906	
0.987188	0.00556675	0	0.00159949	0.606557	0	0	0	0.0631486	
0.987091	0.0056158	0	0.00161358	0.604196	0	0	0	0.0618358	
0.986995	0.00566471	0	0.00162763	0.601843	0	0	0	0.0605516	
0.986898	0.0057135	0	0.00164165	0.5995	0	0	0	0.0592951	
0.986801	0.00576216	0	0.00165563	0.597166	0	0	0	0.058066	
0.986704	0.00581069	0	0.00166958	0.594841	0	0	0	0.0568635	
0.986608	0.00585909	0	0.00168349	0.592526	0	0	0	0.0556871	
0.986511	0.00590736	0	0.00169735	0.590219	0	0	0	0.0545363	
0.986414	0.0059555	0	0.00171118	0.587922	0	0	0	0.0534104	
0.986318	0.0060035	0	0.00172498	0.585633	0	0	0	0.0523089	
0.986221	0.00605137	0	0.00173873	0.583354	0	0	0	0.0512312	
0.986125	0.0060991	0	0.00175245	0.581083	0	0	0	0.050177	
0.986028	0.0061467	0	0.00176612	0.578822	0	0	0	0.0491455	
0.985932	0.00619416	0	0.00177976	0.576569	0	0	0	0.0481364	
0.985835	0.00624149	0	0.00179336	0.574325	0	0	0	0.0471492	
0.985739	0.00628868	0	0.00180692	0.57209	0	0	0	0.0461833	
0.985642	0.00633573	0	0.00182043	0.569864	0	0	0	0.0452383	
0.985546	0.00638264	0	0.00183391	0.567647	0	0	0	0.0443138	
0.985449	0.00642941	0	0.00184735	0.565438	0	0	0	0.0434092	
0.985353	0.00647604	0	0.00186075	0.563238	0	0	0	0.0425243	
0.985257	0.00652253	0	0.00187411	0.561047	0	0	0	0.0416584	
0.98516	0.00656887	0	0.00188742	0.558864	0	0	0	0.0408113	
0.985064	0.00661508	0	0.0019007	0.556689	0	0	0	0.0399825	
0.984968	0.00666114	0	0.00191394	0.554524	0	0	0	0.0391715	
0.984871	0.00670707	0	0.00192713	0.552366	0	0	0	0.0383781	
0.984775	0.00675285	0	0.00194028	0.550218	0	0	0	0.0376018	
0.984679	0.00679848	0	0.0019534	0.548077	0	0	0	0.0368423	
0.984582	0.00684397	0	0.00196647	0.545945	0	0	0	0.0360991	
0.984486	0.00688932	0	0.0019795	0.543822	0	0	0	0.035372	
0.98439	0.00693453	0	0.00199248	0.541706	0	0	0	0.0346605	
0.984294	0.00697958	0	0.00200543	0.539599	0	0	0	0.0339644	
0.984198	0.0070245	0	0.00201834	0.537501	0	0	0	0.0332833	
0.984101	0.00706927	0	0.0020312	0.53541	0	0	0	0.0326168	
0.984005	0.00711389	0	0.00204402	0.533328	0	0	0	0.0319647	
0.983909	0.00715837	0	0.0020568	0.531254	0	0	0	0.0313266	
0.983813	0.0072027	0	0.00206954	0.529187	0	0	0	0.0307023	
0.983717	0.00724689	0	0.00208224	0.527129	0	0	0	0.0300914	
0.983621	0.00729093	0	0.00209489	0.52508	0	0	0	0.0294936	
0.983525	0.00733483	0	0.0021075	0.523038	0	0	0	0.0289087	
0.983429	0.00737858	0	0.00212007	0.521004	0	0	0	0.0283363	
0.983333	0.00742218	0	0.0021326	0.518978	0	0	0	0.0277763	
0.983237	0.00746564	0	0.00214509	0.51696	0	0	0	0.0272282	
0.983141	0.00750895	0	0.00215753	0.51495	0	0	0	0.0266919	
0.983045	0.00755211	0	0.00216993	0.512947	0	0	0	0.0261671	
0.982949	0.00759513	0	0.00218229	0.510953	0	0	0	0.0256536	
0.982853	0.007638	0	0.00219461	0.508966	0	0	0	0.0251511	
0.982757	0.00768072	0	0.00220689	0.506987	0	0	0	0.0246594	
0.982661	0.0077233	0	0.00221912	0.505016	0	0	0	0.0241781	
0.982565	0.00776573	0	0.00223131	0.503053	0	0	0	0.0237072	
0.982469	0.00780801	0	0.00224346	0.501097	0	0	0	0.0232464	
0.982373	0.00785015	0	0.00225557	0.499149	0	0	0	0.0227954	
0.982278	0.00789214	0	0.00226763	0.497208	0	0	0	0.0223541	
0.982182	0.00793399	0	0.00227965	0.495275	0	0	0	0.0219222	
0.982086	0.00797569	0	0.00229164	0.49335	0	0	0	0.0214995	
0.98199	0.00801724	0	0.00230357	0.491432	0	0	0	0.0210858	
0.981894	0.00805865	0	0.00231547	0.489522	0	0	0	0.020681	
0.981799	0.00809991	0	0.00232733	0.487619	0	0	0	0.0202848	
0.981703	0.00814102	0	0.00233914	0.485723	0	0	0	0.0198971	
0.981607	0.00818199	0	0.00235091	0.483835	0	0	0	0.0195176	
0.981511	0.00822281	0	0.00236264	0.481955	0	0	0	0.0191462	
0.981416	0.00826349	0	0.00237433	0.480081	0	0	0	0.0187827	
0.98132	0.00830402	0	0.00238598	0.478215	0	0	0	0.018427	
0.981224	0.00834441	0	0.00239758	0.476356	0	0	0	0.0180788	
0.981129	0.00838465	0	0.00240914	0.474505	0	0	0	0.017738	
0.981033	0.00842475	0	0.00242066	0.472661	0	0	0	0.0174045	
0.980937	0.00846471	0	0.00243214	0.470824	0	0	0	0.017078	
0.980842	0.00850452	0	0.00244358	0.468994	0	0	0	0.0167585	
0.980746	0.00854418	0	0.00245498	0.467171	0	0	0	0.0164458	
0.98065	0.0085837	0	0.00246633	0.465355	0	0	0	0.0161396	
0.980555	0.00862308	0	0.00247765	0.463547	0	0	0	0.01584	
0.980459	0.00866231	0	0.00248892	0.461745	0	0	0	0.0155467	
0.980364	0.0087014	0	0.00250015	0.459951	0	0	0	0.0152597	
0.980268	0.00874035	0	0.00251134	0.458163	0	0	0	0.0149786	
0.980172	0.00877915	0	0.00252249	0.456383	0	0	0	0.0147036	
0.980077	0.00881782	0	0.0025336	0.454609	0	0	0	0.0144343	
0.979981	0.00885634	0	0.00254467	0.452842	0	0	0	0.0141708	
0.979886	0.00889471	0	0.0025557	0.451083	0	0	0	0.0139128	
0.97979	0.00893295	0	0.00256668	0.44933	0	0	0	0.0136602	
0.979695	0.00897105	0	0.00257763	0.447584	0	0	0	0.013413	
0.979599	0.009009	0	0.00258853	0.445844	0	0	0	0.0131709	
0.979504	0.00904681	0	0.0025994	0.444112	0	0	0	0.012934	
0.979409	0.00908448	0	0.00261022	0.442386	0	0	0	0.012702	
0.979313	0.00912202	0	0.002621	0.440667	0	0	0	0.012475	
0.979218	0.00915941	0	0.00263175	0.438955	0	0	0	0.0122526	
0.979122	0.00919666	0	0.00264245	0.437249	0	0	0	0.012035	
0.979027	0.00923377	0	0.00265311	0.43555	0	0	0	0.0118219	
0.978932	0.00927075	0	0.00266374	0.433858	0	0	0	0.0116133	
0.978836	0.00930758	0	0.00267432	0.432172	0	0	0	0.0114091	
0.978741	0.00934428	0	0.00268487	0.430493	0	0	0	0.0112091	
0.978646	0.00938083	0	0.00269537	0.42882	0	0	0	0.0110133	
0.97855	0.00941726	0	0.00270583	0.427154	0	0	0	0.0108216	
0.978455	0.00945354	0	0.00271626	0.425495	0	0	0	0.0106339	
0.97836	0.00948968	0	0.00272664	0.423841	0	0	0	0.0104501	
0.978264	0.00952569	0	0.00273699	0.422195	0	0	0	0.0102702	
0.978169	0.00956157	0	0.0027473	0.420554	0	0	0	0.010094	
0.978074	0.0095973	0	0.00275757	0.418921	0	0	0	0.00992148	
0.977979	0.0096329	0	0.00276779	0.417293	0	0	0	0.00975254	
0.977883	0.00966837	0	0.00277798	0.415672	0	0	0	0.00958711	
0.977788	0.0097037	0	0.00278814	0.414057	0	0	0	0.00942511	
0.977693	0.00973889	0	0.00279825	0.412448	0	0	0	0.00926648	
0.977598	0.00977395	0	0.00280832	0.410846	0	0	0	0.00911113	
0.977502	0.00980888	0	0.00281836	0.40925	0	0	0	0.008959	
0.977407	0.00984367	0	0.00282835	0.40766	0	0	0	0.00881001	
0.977312	0.00987833	0	0.00283831	0.406076	0	0	0	0.00866411	
0.977217	0.00991286	0	0.00284823	0.404499	0	0	0	0.00852122	
0.977122	0.00994725	0	0.00285812	0.402927	0	0	0	0.00838127	
0.977027	0.00998152	0	0.00286796	0.401362	0	0	0	0.00824421	
0.976932	0.0100156	0	0.00287777	0.399803	0	0	0	0.00810997	
0.976836	0.0100496	0	0.00288754	0.39825	0	0	0	0.0079785	
0.976741	0.0100835	0	0.00289727	0.396703	0	0	0	0.00784972	
0.976646	0.0101173	0	0.00290696	0.395162	0	0	0	0.00772359	
0.976551	0.0101509	0	0.00291662	0.393627	0	0	0	0.00760005	
0.976456	0.0101843	0	0.00292623	0.392098	0	0	0	0.00747903	
0.976361	0.0102177	0	0.00293582	0.390575	0	0	0	0.00736049	
0.976266	0.0102509	0	0.00294536	0.389057	0	0	0	0.00724438	
0.976171	0.010284	0	0.00295487	0.387546	0	0	0	0.00713064	
0.976076	0.0103169	0	0.00296434	0.386041	0	0	0	0.00701921	
0.975981	0.0103498	0	0.00297377	0.384541	0	0	0	0.00691006	
0.975886	0.0103825	0	0.00298317	0.383047	0	0	0	0.00680313	
0.975791	0.0104151	0	0.00299253	0.38156	0	0	0	0.00669837	
0.975696	0.0104475	0	0.00300185	0.380078	0	0	0	0.00659574	
0.975601	0.0104798	0	0.00301114	0.378601	0	0	0	0.00649519	
0.975506	0.010512	0	0.00302039	0.377131	0	0	0	0.00639667	
0.975411	0.0105441	0	0.00302961	0.375666	0	0	0	0.00630015	
0.975316	0.0105761	0	0.00303879	0.374207	0	0	0	0.00620558	
0.975221	0.0106079	0	0.00304793	0.372753	0	0	0	0.00611292	
0.975126	0.0106396	0	0.00305704	0.371305	0	0	0	0.00602213	
0.975031	0.0106711	0	0.00306611	0.369863	0	0	0	0.00593316	
0.974937	0.0107026	0	0.00307514	0.368427	0	0	0	0.00584598	
0.974842	0.0107339	0	0.00308414	0.366996	0	0	0	0.00576055	
0.974747	0.0107651	0	0.00309311	0.36557	0	0	0	0.00567684	
0.974652	0.0107962	0	0.00310204	0.36415	0	0	0	0.0055948	
0.974557	0.0108272	0	0.00311093	0.362736	0	0	0	0.0055144	
0.974462	0.010858	0	0.00311979	0.361327	0	0	0	0.0054356	
0.974368	0.0108887	0	0.00312862	0.359924	0	0	0	0.00535838	
0.974273	0.0109193	0	0.00313741	0.358526	0	0	0	0.00528269	
0.974178	0.0109498	0	0.00314617	0.357134	0	0	0	0.00520851	
0.974083	0.0109801	0	0.00315489	0.355747	0	0	0	0.0051358	
0.973988	0.0110104	0	0.00316357	0.354365	0	0	0	0.00506453	
0.973894	0.0110405	0	0.00317223	0.352989	0	0	0	0.00499468	
0.973799	0.0110705	0	0.00318084	0.351618	0	0	0	0.0049262	
0.973704	0.0111003	0	0.00318943	0.350252	0	0	0	0.00485907	
0.973609	0.0111301	0	0.00319798	0.348892	0	0	0	0.00479327	
0.973515	0.0111597	0	0.00320649	0.347537	0	0	0	0.00472876	
0.97342	0.0111893	0	0.00321498	0.346187	0	0	0	0.00466551	
0.973325	0.0112187	0	0.00322342	0.344843	0	0	0	0.00460351	
0.973231	0.011248	0	0.00323184	0.343504	0	0	0	0.00454272	
0.973136	0.0112771	0	0.00324022	0.34217	0	0	0	0.00448312	
0.973041	0.0113062	0	0.00324857	0.340841	0	0	0	0.00442467	
0.972947	0.0113351	0	0.00325688	0.339517	0	0	0	0.00436737	
0.972852	0.0113639	0	0.00326517	0.338199	0	0	0	0.00431118	
0.972757	0.0113927	0	0.00327341	0.336885	0	0	0	0.00425608	
0.972663	0.0114212	0	0.00328163	0.335577	0	0	0	0.00420205	
0.972568	0.0114497	0	0.00328981	0.334274	0	0	0	0.00414906	
0.972474	0.0114781	0	0.00329797	0.332976	0	0	0	0.0040971	
0.972379	0.0115064	0	0.00330608	0.331683	0	0	0	0.00404613	
0.972284	0.0115345	0	0.00331417	0.330395	0	0	0	0.00399614	
0.97219	0.0115625	0	0.00332222	0.329112	0	0	0	0.00394712	
0.972095	0.0115904	0	0.00333024	0.327834	0	0	0	0.00389903	
0.972001	0.0116182	0	0.00333823	0.32656	0	0	0	0.00385186	
0.971906	0.0116459	0	0.00334619	0.325292	0	0	0	0.00380559	
0.971812	0.0116735	0	0.00335412	0.324029	0	0	0	0.0037602	
0.971717	0.011701	0	0.00336201	0.322771	0	0	0	0.00371567	
0.971623	0.0117284	0	0.00336987	0.321518	0	0	0	0.00367199	
0.971528	0.0117556	0	0.0033777	0.320269	0	0	0	0.00362913	
0.971434	0.0117828	0	0.0033855	0.319025	0	0	0	0.00358708	
0.971339	0.0118098	0	0.00339327	0.317787	0	0	0	0.00354583	
0.971245	0.0118367	0	0.003401	0.316553	0	0	0	0.00350535	
0.97115	0.0118635	0	0.00340871	0.315323	0	0	0	0.00346562	
0.971056	0.0118902	0	0.00341638	0.314099	0	0	0	0.00342664	
0.970961	0.0119168	0	0.00342403	0.312879	0	0	0	0.00338839	
0.970867	0.0119433	0	0.00343164	0.311664	0	0	0	0.00335085	
0.970773	0.0119697	0	0.00343922	0.310454	0	0	0	0.00331401	
0.970678	0.011996	0	0.00344677	0.309249	0	0	0	0.00327785	
0.970584	0.0120222	0	0.00345429	0.308048	0	0	0	0.00324236	
0.970489	0.0120483	0	0.00346179	0.306852	0	0	0	0.00320753	
0.970395	0.0120742	0	0.00346925	0.30566	0	0	0	0.00317333	
0.970301	0.0121001	0	0.00347668	0.304474	0	0	0	0.00313976	
0.970206	0.0121258	0	0.00348408	0.303291	0	0	0	0.00310681	
0.970112	0.0121515	0	0.00349145	0.302114	0	0	0	0.00307446	
0.970018	0.012177	0	0.00349879	0.300941	0	0	0	0.0030427	
0.969923	0.0122025	0	0.0035061	0.299772	0	0	0	0.00301152	
0.969829	0.0122278	0	0.00351338	0.298608	0	0	0	0.0029809	
0.969735	0.0122531	0	0.00352063	0.297449	0	0	0	0.00295083	
0.96964	0.0122782	0	0.00352785	0.296294	0	0	0	0.00292131	
0.969546	0.0123032	0	0.00353505	0.295143	0	0	0	0.00289232	
0.969452	0.0123282	0	0.00354221	0.293998	0	0	0	0.00286384	
0.969358	0.012353	0	0.00354935	0.292856	0	0	0	0.00283588	
0.969263	0.0123777	0	0.00355645	0.291719	0	0	0	0.00280842	
0.969169	0.0124024	0	0.00356353	0.290586	0	0	0	0.00278144	
0.969075	0.0124269	0	0.00357058	0.289458	0	0	0	0.00275494	
0.968981	0.0124513	0	0.0035776	0.288334	0	0	0	0.00272891	
0.968887	0.0124757	0	0.00358459	0.287215	0	0	0	0.00270334	
0.968792	0.0124999	0	0.00359155	0.2861	0	0	0	0.00267822	
0.968698	0.012524	0	0.00359849	0.284989	0	0	0	0.00265354	
0.968604	0.0125481	0	0.00360539	0.283882	0	0	0	0.00262929	
0.96851	0.012572	0	0.00361227	0.28278	0	0	0	0.00260546	
0.968416	0.0125958	0	0.00361912	0.281682	0	0	0	0.00258205	
0.968322	0.0126196	0	0.00362594	0.280589	0	0	0	0.00255904	
0.968227	0.0126432	0	0.00363274	0.279499	0	0	0	0.00253643	
0.968133	0.0126668	0	0.00363951	0.278414	0	0	0	0.00251421	
0.968039	0.0126902	0	0.00364624	0.277333	0	0	0	0.00249236	
0.967945	0.0127136	0	0.00365296	0.276257	0	0	0	0.0024709	
0.967851	0.0127369	0	0.00365964	0.275184	0	0	0	0.00244979	
0.967757	0.01276	0	0.0036663	0.274116	0	0	0	0.00242905	
0.967663	0.0127831	0	0.00367293	0.273052	0	0	0	0.00240866	
0.967569	0.0128061	0	0.00367953	0.271991	0	0	0	0.00238861	
0.967475	0.012829	0	0.00368611	0.270936	0	0	0	0.0023689	
0.967381	0.0128518	0	0.00369265	0.269884	0	0	0	0.00234952	
0.967287	0.0128745	0	0.00369918	0.268836	0	0	0	0.00233046	
0.967193	0.0128971	0	0.00370567	0.267792	0	0	0	0.00231172	
0.967099	0.0129196	0	0.00371214	0.266753	0	0	0	0.00229329	
0.967005	0.012942	0	0.00371858	0.265717	0	0	0	0.00227516	
0.966911	0.0129643	0	0.003725	0.264685	0	0	0	0.00225733	
0.966817	0.0129866	0	0.00373139	0.263658	0	0	0	0.0022398	
0.966723	0.0130087	0	0.00373775	0.262634	0	0	0	0.00222255	
0.966629	0.0130308	0	0.00374409	0.261615	0	0	0	0.00220558	
0.966535	0.0130527	0	0.0037504	0.260599	0	0	0	0.00218889	
0.966441	0.0130746	0	0.00375668	0.259587	0	0	0	0.00217247	
0.966347	0.0130964	0	0.00376294	0.25858	0	0	0	0.00215631	
0.966253	0.0131181	0	0.00376918	0.257576	0	0	0	0.00214041	
0.966159	0.0131397	0	0.00377538	0.256576	0	0	0	0.00212477	
0.966065	0.0131612	0	0.00378157	0.25558	0	0	0	0.00210937	
0.965971	0.0131826	0	0.00378772	0.254588	0	0	0	0.00209422	
0.965878	0.013204	0	0.00379386	0.2536	0	0	0	0.00207931	
0.965784	0.0132252	0	0.00379996	0.252615	0	0	0	0.00206463	
0.96569	0.0132464	0	0.00380604	0.251634	0	0	0	0.00205018	
0.965596	0.0132675	0	0.0038121	0.250658	0	0	0	0.00203596	
0.965502	0.0132885	0	0.00381813	0.249685	0	0	0	0.00202195	
0.965408	0.0133094	0	0.00382414	0.248715	0	0	0	0.00200817	
0.965315	0.0133302	0	0.00383012	0.24775	0	0	0	0.0019946	
0.965221	0.0133509	0	0.00383607	0.246788	0	0	0	0.00198123	
0.965127	0.0133716	0	0.00384201	0.24583	0	0	0	0.00196807	
0.965033	0.0133921	0	0.00384791	0.244876	0	0	0	0.00195511	
0.964939	0.0134126	0	0.0038538	0.243925	0	0	0	0.00194235	
0.964846	0.013433	0	0.00385966	0.242978	0	0	0	0.00192978	
0.964752	0.0134533	0	0.00386549	0.242035	0	0	0	0.0019174	
0.964658	0.0134735	0	0.0038713	0.241096	0	0	0	0.0019052	
0.964564	0.0134937	0	0.00387709	0.24016	0	0	0	0.00189319	
0.964471	0.0135137	0	0.00388285	0.239228	0	0	0	0.00188135	
0.964377	0.0135337	0	0.00388859	0.238299	0	0	0	0.00186969	
0.964283	0.0135536	0	0.0038943	0.237374	0	0	0	0.0018582	
0.96419	0.0135734	0	0.00389999	0.236453	0	0	0	0.00184688	
0.964096	0.0135931	0	0.00390566	0.235535	0	0	0	0.00183572	
0.964002	0.0136128	0	0.00391131	0.234621	0	0	0	0.00182472	
0.963909	0.0136323	0	0.00391693	0.23371	0	0	0	0.00181389	
0.963815	0.0136518	0	0.00392252	0.232803	0	0	0	0.00180321	
0.963721	0.0136712	0	0.0039281	0.231899	0	0	0	0.00179268	
0.963628	0.0136905	0	0.00393365	0.230999	0	0	0	0.0017823	
0.963534	0.0137098	0	0.00393918	0.230102	0	0	0	0.00177207	
0.96344	0.0137289	0	0.00394468	0.229209	0	0	0	0.00176198	
0.963347	0.013748	0	0.00395016	0.22832	0	0	0	0.00175204	
0.963253	0.013767	0	0.00395562	0.227433	0	0	0	0.00174223	
0.96316	0.0137859	0	0.00396106	0.226551	0	0	0	0.00173256	
0.963066	0.0138048	0	0.00396647	0.225671	0	0	0	0.00172303	
0.962973	0.0138235	0	0.00397186	0.224795	0	0	0	0.00171362	
0.962879	0.0138422	0	0.00397723	0.223923	0	0	0	0.00170435	
0.962785	0.0138608	0	0.00398258	0.223054	0	0	0	0.0016952	
0.962692	0.0138793	0	0.0039879	0.222188	0	0	0	0.00168617	
0.962598	0.0138978	0	0.0039932	0.221326	0	0	0	0.00167727	
0.962505	0.0139162	0	0.00399848	0.220466	0	0	0	0.00166849	
0.962411	0.0139345	0	0.00400374	0.219611	0	0	0	0.00165982	
0.962318	0.0139527	0	0.00400897	0.218758	0	0	0	0.00165127	
0.962224	0.0139708	0	0.00401419	0.217909	0	0	0	0.00164284	
0.962131	0.0139889	0	0.00401938	0.217064	0	0	0	0.00163451	
0.962037	0.0140069	0	0.00402455	0.216221	0	0	0	0.0016263	
0.961944	0.0140248	0	0.0040297	0.215382	0	0	0	0.00161819	
0.961851	0.0140426	0	0.00403482	0.214546	0	0	0	0.00161018	
0.961757	0.0140604	0	0.00403993	0.213713	0	0	0	0.00160228	
0.961664	0.0140781	0	0.00404501	0.212884	0	0	0	0.00159449	
0.96157	0.0140957	0	0.00405008	0.212058	0	0	0	0.00158679	
0.961477	0.0141133	0	0.00405512	0.211235	0	0	0	0.00157919	
0.961383	0.0141307	0	0.00406014	0.210415	0	0	0	0.00157168	
0.96129	0.0141481	0	0.00406514	0.209598	0	0	0	0.00156427	
0.961197	0.0141655	0	0.00407011	0.208785	0	0	0	0.00155696	
0.961103	0.0141827	0	0.00407507	0.207974	0	0	0	0.00154973	
0.96101	0.0141999	0	0.00408001	0.207167	0	0	0	0.0015426	
0.960917	0.014217	0	0.00408492	0.206363	0	0	0	0.00153555	
0.960823	0.0142341	0	0.00408982	0.205562	0	0	0	0.00152859	
0.96073	0.014251	0	0.00409469	0.204765	0	0	0	0.00152172	
0.960637	0.0142679	0	0.00409955	0.20397	0	0	0	0.00151492	
0.960543	0.0142847	0	0.00410438	0.203178	0	0	0	0.00150821	
0.96045	0.0143015	0	0.00410919	0.20239	0	0	0	0.00150159	
0.960357	0.0143182	0	0.00411399	0.201604	0	0	0	0.00149504	
0.960263	0.0143348	0	0.00411876	0.200822	0	0	0	0.00148857	
0.96017	0.0143513	0	0.00412351	0.200043	0	0	0	0.00148217	
0.960077	0.0143678	0	0.00412824	0.199266	0	0	0	0.00147585	
0.959984	0.0143842	0	0.00413296	0.198493	0	0	0	0.00146961	
0.95989	0.0144005	0	0.00413765	0.197723	0	0	0	0.00146344	
0.959797	0.0144168	0	0.00414232	0.196955	0	0	0	0.00145734	
0.959704	0.014433	0	0.00414697	0.196191	0	0	0	0.00145131	
0.959611	0.0144491	0	0.00415161	0.19543	0	0	0	0.00144535	
0.959518	0.0144652	0	0.00415622	0.194671	0	0	0	0.00143945	
0.959424	0.0144811	0	0.00416081	0.193916	0	0	0	0.00143363	
0.959331	0.0144971	0	0.00416539	0.193163	0	0	0	0.00142787	
0.959238	0.0145129	0	0.00416994	0.192414	0	0	0	0.00142218	
0.959145	0.0145287	0	0.00417448	0.191667	0	0	0	0.00141655	
0.959052	0.0145444	0	0.004179	0.190923	0	0	0	0.00141098	
0.958959	0.0145601	0	0.00418349	0.190182	0	0	0	0.00140547	
0.958865	0.0145757	0	0.00418797	0.189444	0	0	0	0.00140003	
0.958772	0.0145912	0	0.00419243	0.188709	0	0	0	0.00139465	
0.958679	0.0146066	0	0.00419687	0.187977	0	0	0	0.00138932	
0.958586	0.014622	0	0.00420129	0.187247	0	0	0	0.00138405	
0.958493	0.0146374	0	0.0042057	0.186521	0	0	0	0.00137884	
0.9584	0.0146526	0	0.00421008	0.185797	0	0	0	0.00137369	
0.958307	0.0146678	0	0.00421445	0.185076	0	0	0	0.00136859	
0.958214	0.0146829	0	0.00421879	0.184358	0	0	0	0.00136354	
0.958121	0.014698	0	0.00422312	0.183642	0	0	0	0.00135855	
0.958028	0.014713	0	0.00422743	0.18293	0	0	0	0.00135361	
0.957935	0.0147279	0	0.00423172	0.18222	0	0	0	0.00134873	
0.957842	0.0147428	0	0.004236	0.181513	0	0	0	0.00134389	
0.957749	0.0147576	0	0.00424025	0.180808	0	0	0	0.00133911	
0.957656	0.0147724	0	0.00424449	0.180107	0	0	0	0.00133437	
0.957563	0.0147871	0	0.00424871	0.179408	0	0	0	0.00132969	
0.95747	0.0148017	0	0.00425291	0.178712	0	0	0	0.00132505	
0.957377	0.0148162	0	0.00425709	0.178018	0	0	0	0.00132046	
0.957284	0.0148307	0	0.00426126	0.177328	0	0	0	0.00131591	
0.957191	0.0148452	0	0.0042654	0.176639	0	0	0	0.00131142	
0.957098	0.0148595	0	0.00426953	0.175954	0	0	0	0.00130696	
0.957005	0.0148738	0	0.00427365	0.175271	0	0	0	0.00130256	
0.956912	0.0148881	0	0.00427774	0.174591	0	0	0	0.00129819	
0.956819	0.0149023	0	0.00428182	0.173914	0	0	0	0.00129387	
0.956726	0.0149164	0	0.00428588	0.173239	0	0	0	0.00128959	
0.956633	0.0149305	0	0.00428992	0.172567	0	0	0	0.00128536	
0.95654	0.0149445	0	0.00429394	0.171897	0	0	0	0.00128116	
0.956447	0.0149584	0	0.00429795	0.17123	0	0	0	0.00127701	
0.956355	0.0149723	0	0.00430194	0.170566	0	0	0	0.0012729	
0.956262	0.0149861	0	0.00430591	0.169904	0	0	0	0.00126883	
0.956169	0.0149999	0	0.00430987	0.169245	0	0	0	0.00126479	
0.956076	0.0150136	0	0.00431381	0.168588	0	0	0	0.0012608	
0.955983	0.0150273	0	0.00431773	0.167934	0	0	0	0.00125684	
0.95589	0.0150409	0	0.00432163	0.167282	0	0	0	0.00125293	
0.955798	0.0150544	0	0.00432552	0.166633	0	0	0	0.00124904	
0.955705	0.0150679	0	0.00432939	0.165987	0	0	0	0.0012452	
0.955612	0.0150813	0	0.00433325	0.165343	0	0	0	0.00124139	
0.955519	0.0150946	0	0.00433709	0.164701	0	0	0	0.00123762	
0.955426	0.0151079	0	0.00434091	0.164062	0	0	0	0.00123388	
0.955334	0.0151212	0	0.00434471	0.163426	0	0	0	0.00123018	
0.955241	0.0151344	0	0.0043485	0.162792	0	0	0	0.00122651	
0.955148	0.0151475	0	0.00435227	0.16216	0	0	0	0.00122288	
0.955055	0.0151606	0	0.00435603	0.161531	0	0	0	0.00121928	
0.954963	0.0151736	0	0.00435977	0.160904	0	0	0	0.00121571	
0.95487	0.0151865	0	0.00436349	0.16028	0	0	0	0.00121218	
0.954777	0.0151994	0	0.0043672	0.159658	0	0	0	0.00120867	
0.954685	0.0152123	0	0.00437089	0.159039	0	0	0	0.0012052	
0.954592	0.0152251	0	0.00437457	0.158422	0	0	0	0.00120176	
0.954499	0.0152378	0	0.00437823	0.157807	0	0	0	0.00119835	
0.954407	0.0152505	0	0.00438187	0.157195	0	0	0	0.00119498	
0.954314	0.0152631	0	0.0043855	0.156585	0	0	0	0.00119163	
0.954221	0.0152757	0	0.00438911	0.155978	0	0	0	0.00118831	
0.954129	0.0152882	0	0.00439271	0.155372	0	0	0	0.00118502	
0.954036	0.0153007	0	0.00439629	0.15477	0	0	0	0.00118177	
0.953943	0.0153131	0	0.00439985	0.154169	0	0	0	0.00117854	
0.953851	0.0153254	0	0.0044034	0.153571	0	0	0	0.00117534	
0.953758	0.0153377	0	0.00440693	0.152975	0	0	0	0.00117216	
0.953666	0.01535	0	0.00441045	0.152382	0	0	0	0.00116902	
0.953573	0.0153622	0	0.00441396	0.151791	0	0	0	0.0011659	
0.95348	0.0153743	0	0.00441745	0.151202	0	0	0	0.00116281	
0.953388	0.0153864	0	0.00442092	0.150615	0	0	0	0.00115975	
0.953295	0.0153984	0	0.00442438	0.150031	0	0	0	0.00115671	
0.953203	0.0154104	0	0.00442782	0.149449	0	0	0	0.0011537	
0.95311	0.0154224	0	0.00443125	0.148869	0	0	0	0.00115072	
0.953018	0.0154342	0	0.00443466	0.148292	0	0	0	0.00114776	
0.952925	0.0154461	0	0.00443806	0.147716	0	0	0	0.00114483	
0.952833	0.0154578	0	0.00444144	0.147143	0	0	0	0.00114192	
0.95274	0.0154696	0	0.00444481	0.146573	0	0	0	0.00113904	
0.952648	0.0154812	0	0.00444816	0.146004	0	0	0	0.00113618	
0.952555	0.0154928	0	0.0044515	0.145438	0	0	0	0.00113335	
0.952463	0.0155044	0	0.00445482	0.144874	0	0	0	0.00113054	
0.95237	0.0155159	0	0.00445813	0.144312	0	0	0	0.00112775	
0.952278	0.0155274	0	0.00446143	0.143752	0	0	0	0.00112499	
0.952185	0.0155388	0	0.00446471	0.143194	0	0	0	0.00112225	
0.952093	0.0155502	0	0.00446798	0.142639	0	0	0	0.00111954	
0.952001	0.0155615	0	0.00447123	0.142085	0	0	0	0.00111685	
0.951908	0.0155728	0	0.00447446	0.141534	0	0	0	0.00111418	
0.951816	0.015584	0	0.00447769	0.140985	0	0	0	0.00111153	
0.951723	0.0155952	0	0.0044809	0.140438	0	0	0	0.00110891	
0.951631	0.0156063	0	0.00448409	0.139894	0	0	0	0.00110631	
0.951539	0.0156173	0	0.00448727	0.139351	0	0	0	0.00110373	
0.951446	0.0156284	0	0.00449044	0.13881	0	0	0	0.00110117	
0.951354	0.0156393	0	0.00449359	0.138272	0	0	0	0.00109863	
0.951262	0.0156503	0	0.00449673	0.137736	0	0	0	0.00109612	
0.951169	0.0156611	0	0.00449986	0.137201	0	0	0	0.00109363	
0.951077	0.015672	0	0.00450297	0.136669	0	0	0	0.00109115	
0.950985	0.0156828	0	0.00450607	0.136139	0	0	0	0.0010887	
0.950892	0.0156935	0	0.00450915	0.135611	0	0	0	0.00108627	
0.9508	0.0157042	0	0.00451222	0.135085	0	0	0	0.00108386	
0.950708	0.0157148	0	0.00451528	0.134561	0	0	0	0.00108147	
0.950615	0.0157254	0	0.00451832	0.134039	0	0	0	0.0010791	
0.950523	0.0157359	0	0.00452135	0.133519	0	0	0	0.00107675	
0.950431	0.0157464	0	0.00452436	0.133001	0	0	0	0.00107442	
0.950339	0.0157569	0	0.00452737	0.132485	0	0	0	0.00107211	
0.950246	0.0157673	0	0.00453036	0.131972	0	0	0	0.00106982	
0.950154	0.0157777	0	0.00453333	0.13146	0	0	0	0.00106754	
0.950062	0.015788	0	0.0045363	0.13095	0	0	0	0.00106529	
0.94997	0.0157982	0	0.00453925	0.130442	0	0	0	0.00106306	
0.949877	0.0158085	0	0.00454218	0.129936	0	0	0	0.00106084	
0.949785	0.0158186	0	0.00454511	0.129432	0	0	0	0.00105865	
0.949693	0.0158288	0	0.00454802	0.12893	0	0	0	0.00105647	
0.949601	0.0158388	0	0.00455091	0.12843	0	0	0	0.00105431	
0.949509	0.0158489	0	0.0045538	0.127932	0	0	0	0.00105217	
0.949417	0.0158589	0	0.00455667	0.127436	0	0	0	0.00105005	
0.949324	0.0158688	0	0.00455953	0.126942	0	0	0	0.00104794	
0.949232	0.0158787	0	0.00456237	0.126449	0	0	0	0.00104585	
0.94914	0.0158886	0	0.00456521	0.125959	0	0	0	0.00104379	
0.949048	0.0158984	0	0.00456803	0.12547	0	0	0	0.00104174	
0.948956	0.0159082	0	0.00457084	0.124984	0	0	0	0.0010397	
0.948864	0.0159179	0	0.00457363	0.124499	0	0	0	0.00103769	
0.948772	0.0159276	0	0.00457641	0.124016	0	0	0	0.00103569	
0.94868	0.0159372	0	0.00457919	0.123535	0	0	0	0.00103371	
0.948588	0.0159468	0	0.00458194	0.123056	0	0	0	0.00103174	
0.948496	0.0159564	0	0.00458469	0.122579	0	0	0	0.0010298	
0.948404	0.0159659	0	0.00458742	0.122104	0	0	0	0.00102787	
0.948312	0.0159754	0	0.00459014	0.12163	0	0	0	0.00102595	
0.948219	0.0159848	0	0.00459285	0.121158	0	0	0	0.00102406	
0.948127	0.0159942	0	0.00459555	0.120688	0	0	0	0.00102218	
0.948035	0.0160035	0	0.00459823	0.12022	0	0	0	0.00102032	
0.947943	0.0160128	0	0.00460091	0.119754	0	0	0	0.00101847	
0.947851	0.0160221	0	0.00460357	0.11929	0	0	0	0.00101664	
0.947759	0.0160313	0	0.00460621	0.118827	0	0	0	0.00101483	
0.947668	0.0160405	0	0.00460885	0.118366	0	0	0	0.00101303	
0.947576	0.0160496	0	0.00461147	0.117907	0	0	0	0.00101125	
0.947484	0.0160587	0	0.00461409	0.11745	0	0	0	0.00100948	
0.947392	0.0160678	0	0.00461669	0.116995	0	0	0	0.00100773	
0.9473	0.0160768	0	0.00461928	0.116541	0	0	0	0.001006	
0.947208	0.0160857	0	0.00462185	0.116089	0	0	0	0.00100428	
0.947116	0.0160947	0	0.00462442	0.115639	0	0	0	0.00100258	
0.947024	0.0161036	0	0.00462697	0.115191	0	0	0	0.0010009	
0.946932	0.0161124	0	0.00462952	0.114744	0	0	0	0.000999229	
0.94684	0.0161212	0	0.00463205	0.114299	0	0	0	0.000997575	
0.946748	0.01613	0	0.00463456	0.113856	0	0	0	0.000995936	
0.946656	0.0161387	0	0.00463707	0.113414	0	0	0	0.000994313	
0.946565	0.0161474	0	0.00463957	0.112974	0	0	0	0.000992706	
0.946473	0.016156	0	0.00464205	0.112536	0	0	0	0.000991114	
0.946381	0.0161647	0	0.00464453	0.1121	0	0	0	0.000989537	
0.946289	0.0161732	0	0.00464699	0.111665	0	0	0	0.000987976	
0.946197	0.0161818	0	0.00464944	0.111232	0	0	0	0.00098643	
0.946105	0.0161902	0	0.00465188	0.110801	0	0	0	0.000984899	
0.946014	0.0161987	0	0.00465431	0.110372	0	0	0	0.000983384	
0.945922	0.0162071	0	0.00465673	0.109944	0	0	0	0.000981883	
0.94583	0.0162155	0	0.00465913	0.109517	0	0	0	0.000980398	
0.945738	0.0162238	0	0.00466153	0.109093	0	0	0	0.000978927	
0.945646	0.0162321	0	0.00466391	0.10867	0	0	0	0.000977472	
0.945555	0.0162404	0	0.00466629	0.108248	0	0	0	0.000976032	
0.945463	0.0162486	0	0.00466865	0.107829	0	0	0	0.000974606	
0.945371	0.0162568	0	0.004671	0.107411	0	0	0	0.000973196	
0.945279	0.0162649	0	0.00467334	0.106994	0	0	0	0.0009718	
0.945188	0.0162731	0	0.00467567	0.106579	0	0	0	0.000970419	
0.945096	0.0162811	0	0.00467799	0.106166	0	0	0	0.000969053	
0.945004	0.0162892	0	0.0046803	0.105754	0	0	0	0.000967702	
0.944913	0.0162972	0	0.0046826	0.105344	0	0	0	0.000966366	
0.944821	0.0163051	0	0.00468489	0.104936	0	0	0	0.000965044	
0.944729	0.0163131	0	0.00468717	0.104529	0	0	0	0.000963738	
0.944638	0.0163209	0	0.00468943	0.104124	0	0	0	0.000962446	
0.944546	0.0163288	0	0.00469169	0.10372	0	0	0	0.000961168	
0.944454	0.0163366	0	0.00469394	0.103318	0	0	0	0.000959906	
0.944363	0.0163444	0	0.00469617	0.102918	0	0	0	0.000958658	
0.944271	0.0163521	0	0.0046984	0.102519	0	0	0	0.000957425	
0.944179	0.0163598	0	0.00470061	0.102121	0	0	0	0.000956206	
0.944088	0.0163675	0	0.00470281	0.101725	0	0	0	0.000955002	
0.943996	0.0163752	0	0.00470501	0.101331	0	0	0	0.000953813	
0.943905	0.0163828	0	0.00470719	0.100938	0	0	0	0.000952639	
0.943813	0.0163903	0	0.00470937	0.100547	0	0	0	0.000951479	
0.943721	0.0163979	0	0.00471153	0.100157	0	0	0	0.000950334	
0.94363	0.0164053	0	0.00471368	0.0997687	0	0	0	0.000949204	
0.943538	0.0164128	0	0.00471583	0.0993819	0	0	0	0.000948089	
0.943447	0.0164202	0	0.00471796	0.0989967	0	0	0	0.000946988	
0.943355	0.0164276	0	0.00472009	0.0986129	0	0	0	0.000945902	
0.943264	0.016435	0	0.0047222	0.0982306	0	0	0	0.000944831	
0.943172	0.0164423	0	0.0047243	0.0978499	0	0	0	0.000943774	
0.943081	0.0164496	0	0.0047264	0.0974706	0	0	0	0.000942733	
0.942989	0.0164568	0	0.00472848	0.0970927	0	0	0	0.000941706	
0.942898	0.0164641	0	0.00473056	0.0967164	0	0	0	0.000940694	
0.942806	0.0164713	0	0.00473262	0.0963415	0	0	0	0.000939697	
0.942715	0.0164784	0	0.00473468	0.095968	0	0	0	0.000938715	
0.942623	0.0164855	0	0.00473672	0.095596	0	0	0	0.000937748	
0.942532	0.0164926	0	0.00473876	0.0952255	0	0	0	0.000936796	
0.94244	0.0164997	0	0.00474078	0.0948564	0	0	0	0.000935859	
0.942349	0.0165067	0	0.0047428	0.0944887	0	0	0	0.000934937	
0.942258	0.0165137	0	0.00474481	0.0941224	0	0	0	0.00093403	
0.942166	0.0165206	0	0.00474681	0.0937576	0	0	0	0.000933138	
0.942075	0.0165275	0	0.00474879	0.0933942	0	0	0	0.000932262	
0.941983	0.0165344	0	0.00475077	0.0930322	0	0	0	0.000931401	
0.941892	0.0165413	0	0.00475274	0.0926716	0	0	0	0.000930555	
0.941801	0.0165481	0	0.0047547	0.0923124	0	0	0	0.000929725	
0.941709	0.0165549	0	0.00475666	0.0919546	0	0	0	0.00092891	
0.941618	0.0165617	0	0.0047586	0.0915982	0	0	0	0.00092811	
0.941527	0.0165684	0	0.00476053	0.0912432	0	0	0	0.000927327	
0.941435	0.0165751	0	0.00476245	0.0908896	0	0	0	0.000926558	
0.941344	0.0165817	0	0.00476437	0.0905373	0	0	0	0.000925806	
0.941253	0.0165884	0	0.00476627	0.0901864	0	0	0	0.00092507	
0.941161	0.016595	0	0.00476817	0.0898369	0	0	0	0.000924349	
0.94107	0.0166015	0	0.00477006	0.0894887	0	0	0	0.000923644	
0.940979	0.0166081	0	0.00477194	0.0891419	0	0	0	0.000922956	
0.940887	0.0166146	0	0.0047738	0.0887964	0	0	0	0.000922284	
0.940796	0.0166211	0	0.00477567	0.0884522	0	0	0	0.000921628	
0.940705	0.0166275	0	0.00477752	0.0881094	0	0	0	0.000920988	
0.940614	0.0166339	0	0.00477936	0.087768	0	0	0	0.000920365	
0.940522	0.0166403	0	0.00478119	0.0874278	0	0	0	0.000919759	
0.940431	0.0166467	0	0.00478302	0.087089	0	0	0	0.000919169	
0.94034	0.016653	0	0.00478484	0.0867515	0	0	0	0.000918596	
0.940249	0.0166593	0	0.00478664	0.0864153	0	0	0	0.000918041	
0.940157	0.0166655	0	0.00478844	0.0860805	0	0	0	0.000917502	
0.940066	0.0166718	0	0.00479023	0.0857469	0	0	0	0.000916981	
0.939975	0.016678	0	0.00479202	0.0854146	0	0	0	0.000916477	
0.939884	0.0166841	0	0.00479379	0.0850836	0	0	0	0.00091599	
0.939793	0.0166903	0	0.00479555	0.0847539	0	0	0	0.000915522	
0.939701	0.0166964	0	0.00479731	0.0844254	0	0	0	0.000915071	
0.93961	0.0167025	0	0.00479906	0.0840983	0	0	0	0.000914638	
0.939519	0.0167085	0	0.0048008	0.0837724	0	0	0	0.000914224	
0.939428	0.0167146	0	0.00480253	0.0834478	0	0	0	0.000913828	
0.939337	0.0167206	0	0.00480425	0.0831244	0	0	0	0.000913451	
0.939246	0.0167265	0	0.00480597	0.0828023	0	0	0	0.000913092	
0.939155	0.0167325	0	0.00480767	0.0824815	0	0	0	0.000912753	
0.939064	0.0167384	0	0.00480937	0.0821619	0	0	0	0.000912433	
0.938973	0.0167442	0	0.00481106	0.0818435	0	0	0	0.000912132	
0.938881	0.0167501	0	0.00481274	0.0815264	0	0	0	0.000911851	
0.93879	0.0167559	0	0.00481441	0.0812105	0	0	0	0.00091159	
0.938699	0.0167617	0	0.00481608	0.0808959	0	0	0	0.000911349	
0.938608	0.0167675	0	0.00481774	0.0805824	0	0	0	0.000911129	
0.938517	0.0167732	0	0.00481939	0.0802702	0	0	0	0.000910929	
0.938426	0.0167789	0	0.00482103	0.0799592	0	0	0	0.000910751	
0.938335	0.0167846	0	0.00482266	0.0796494	0	0	0	0.000910593	
0.938244	0.0167903	0	0.00482428	0.0793408	0	0	0	0.000910458	
0.938153	0.0167959	0	0.0048259	0.0790334	0	0	0	0.000910344	
0.938062	0.0168015	0	0.00482751	0.0787272	0	0	0	0.000910253	
0.937971	0.0168071	0	0.00482911	0.0784222	0	0	0	0.000910185	
0.93788	0.0168126	0	0.00483071	0.0781184	0	0	0	0.000910139	
0.937789	0.0168181	0	0.00483229	0.0778157	0	0	0	0.000910117	
0.937698	0.0168236	0	0.00483387	0.0775142	0	0	0	0.000910119	
0.937607	0.0168291	0	0.00483544	0.0772139	0	0	0	0.000910145	
0.937516	0.0168345	0	0.004837	0.0769148	0	0	0	0.000910196	
0.937425	0.01684	0	0.00483856	0.0766168	0	0	0	0.000910272	
0.937334	0.0168453	0	0.0048401	0.07632	0	0	0	0.000910373	
0.937244	0.0168507	0	0.00484164	0.0760244	0	0	0	0.000910501	
0.937153	0.016856	0	0.00484318	0.0757298	0	0	0	0.000910656	
0.937062	0.0168613	0	0.0048447	0.0754365	0	0	0	0.000910838	
0.936971	0.0168666	0	0.00484622	0.0751442	0	0	0	0.000911048	
0.93688	0.0168719	0	0.00484773	0.0748532	0	0	0	0.000911286	
0.936789	0.0168771	0	0.00484923	0.0745632	0	0	0	0.000911553	
0.936698	0.0168823	0	0.00485073	0.0742744	0	0	0	0.000911851	
0.936607	0.0168875	0	0.00485221	0.0739867	0	0	0	0.000912179	
0.936517	0.0168926	0	0.00485369	0.0737001	0	0	0	0.000912538	
0.936426	0.0168978	0	0.00485517	0.0734146	0	0	0	0.000912929	
0.936335	0.0169029	0	0.00485663	0.0731302	0	0	0	0.000913354	
0.936244	0.0169079	0	0.00485809	0.0728469	0	0	0	0.000913813	
0.936153	0.016913	0	0.00485954	0.0725648	0	0	0	0.000914306	
0.936063	0.016918	0	0.00486098	0.0722837	0	0	0	0.000914835	
0.935972	0.016923	0	0.00486242	0.0720037	0	0	0	0.000915402	
0.935881	0.016928	0	0.00486385	0.0717249	0	0	0	0.000916007	
0.93579	0.0169329	0	0.00486527	0.0714471	0	0	0	0.000916651	
0.935699	0.0169379	0	0.00486669	0.0711703	0	0	0	0.000917336	
0.935609	0.0169428	0	0.0048681	0.0708947	0	0	0	0.000918064	
0.935518	0.0169476	0	0.0048695	0.0706201	0	0	0	0.000918835	
0.935427	0.0169525	0	0.00487089	0.0703466	0	0	0	0.000919652	
0.935337	0.0169573	0	0.00487228	0.0700742	0	0	0	0.000920516	
0.935246	0.0169621	0	0.00487366	0.0698028	0	0	0	0.00092143	
0.935155	0.0169669	0	0.00487503	0.0695324	0	0	0	0.000922394	
0.935064	0.0169717	0	0.0048764	0.0692632	0	0	0	0.000923412	
0.934974	0.0169764	0	0.00487776	0.0689949	0	0	0	0.000924486	
0.934883	0.0169811	0	0.00487911	0.0687277	0	0	0	0.000925619	
0.934792	0.0169858	0	0.00488046	0.0684616	0	0	0	0.000926813	
0.934702	0.0169905	0	0.0048818	0.0681965	0	0	0	0.000928072	
0.934611	0.0169951	0	0.00488313	0.0679324	0	0	0	0.000929399	
0.93452	0.0169997	0	0.00488446	0.0676693	0	0	0	0.000930798	
0.93443	0.0170043	0	0.00488578	0.0674073	0	0	0	0.000932273	
0.934339	0.0170089	0	0.00488709	0.0671463	0	0	0	0.000933829	
0.934249	0.0170134	0	0.0048884	0.0668863	0	0	0	0.000935471	
0.934158	0.0170179	0	0.0048897	0.0666273	0	0	0	0.000937205	
0.934067	0.0170224	0	0.00489099	0.0663693	0	0	0	0.000939036	
0.933977	0.0170269	0	0.00489228	0.0661123	0	0	0	0.000940972	
0.933886	0.0170314	0	0.00489356	0.0658563	0	0	0	0.000943021	
0.933796	0.0170358	0	0.00489483	0.0656013	0	0	0	0.000945191	
0.933705	0.0170402	0	0.0048961	0.0653473	0	0	0	0.000947494	
