1	0	0	0	1	0	0	0	1	
0.999912	1.45644e-06	0	3.75115e-07	0.995526	0	0	0	0.979285	
0.999824	5.71051e-06	0	1.47162e-06	0.99111	0	0	0	0.959316	
0.999737	1.26158e-05	0	3.25099e-06	0.986716	0	0	0	0.939758	
0.999651	2.20286e-05	0	5.67619e-06	0.982347	0	0	0	0.920603	
0.999565	3.38168e-05	0	8.71322e-06	0.978	0	0	0	0.901843	
0.999479	4.78588e-05	0	1.23307e-05	0.973676	0	0	0	0.88347	
0.999394	6.4042e-05	0	1.64998e-05	0.969375	0	0	0	0.865474	
0.999309	8.2262e-05	0	2.11934e-05	0.965095	0	0	0	0.84785	
0.999225	0.000102421	0	2.63865e-05	0.960838	0	0	0	0.830588	
0.99914	0.00012443	0	3.20558e-05	0.956603	0	0	0	0.813681	
0.999056	0.000148201	0	3.81794e-05	0.952389	0	0	0	0.797122	
0.998973	0.000173657	0	4.47367e-05	0.948196	0	0	0	0.780904	
0.99889	0.000200723	0	5.17085e-05	0.944024	0	0	0	0.765019	
0.998807	0.000229326	0	5.90766e-05	0.939874	0	0	0	0.749461	
0.998724	0.000259402	0	6.68237e-05	0.935744	0	0	0	0.734223	
0.998641	0.000290886	0	7.49336e-05	0.931634	0	0	0	0.719297	
0.998559	0.000323719	0	8.3391e-05	0.927545	0	0	0	0.704679	
0.998477	0.000357843	0	9.2181e-05	0.923476	0	0	0	0.69036	
0.998395	0.000393206	0	0.00010129	0.919427	0	0	0	0.676336	
0.998314	0.000429755	0	0.000110704	0.915398	0	0	0	0.662599	
0.998233	0.000467441	0	0.000120412	0.911388	0	0	0	0.649145	
0.998152	0.000506218	0	0.0001304	0.907398	0	0	0	0.635967	
0.998071	0.000546041	0	0.000140658	0.903427	0	0	0	0.623059	
0.99799	0.000586867	0	0.000151174	0.899476	0	0	0	0.610416	
0.99791	0.000628655	0	0.000161938	0.895543	0	0	0	0.598033	
0.99783	0.000671365	0	0.000172939	0.891629	0	0	0	0.585904	
0.99775	0.000714961	0	0.000184169	0.887735	0	0	0	0.574023	
0.99767	0.000759405	0	0.000195617	0.883858	0	0	0	0.562386	
0.99759	0.000804664	0	0.000207274	0.88	0	0	0	0.550987	
0.99751	0.000850703	0	0.000219133	0.876161	0	0	0	0.539823	
0.997431	0.000897491	0	0.000231185	0.87234	0	0	0	0.528887	
0.997352	0.000944996	0	0.000243421	0.868536	0	0	0	0.518175	
0.997273	0.000993189	0	0.000255835	0.864751	0	0	0	0.507683	
0.997194	0.00104204	0	0.000268418	0.860984	0	0	0	0.497405	
0.997115	0.00109153	0	0.000281164	0.857234	0	0	0	0.487339	
0.997037	0.00114161	0	0.000294066	0.853502	0	0	0	0.477478	
0.996958	0.00119228	0	0.000307117	0.849787	0	0	0	0.46782	
0.99688	0.00124351	0	0.000320311	0.84609	0	0	0	0.458359	
0.996802	0.00129526	0	0.000333641	0.84241	0	0	0	0.449092	
0.996724	0.00134752	0	0.000347102	0.838747	0	0	0	0.440014	
0.996646	0.00140026	0	0.000360688	0.835101	0	0	0	0.431123	
0.996568	0.00145347	0	0.000374394	0.831473	0	0	0	0.422413	
0.996491	0.00150712	0	0.000388213	0.82786	0	0	0	0.413881	
0.996413	0.0015612	0	0.000402141	0.824265	0	0	0	0.405525	
0.996336	0.00161567	0	0.000416173	0.820686	0	0	0	0.397339	
0.996258	0.00167053	0	0.000430304	0.817124	0	0	0	0.38932	
0.996181	0.00172576	0	0.000444529	0.813578	0	0	0	0.381466	
0.996104	0.00178134	0	0.000458844	0.810048	0	0	0	0.373772	
0.996027	0.00183724	0	0.000473244	0.806535	0	0	0	0.366235	
0.99595	0.00189346	0	0.000487725	0.803038	0	0	0	0.358853	
0.995873	0.00194998	0	0.000502283	0.799556	0	0	0	0.351621	
0.995797	0.00200678	0	0.000516913	0.796091	0	0	0	0.344538	
0.99572	0.00206385	0	0.000531613	0.792641	0	0	0	0.337599	
0.995644	0.00212118	0	0.000546378	0.789207	0	0	0	0.330801	
0.995567	0.00217874	0	0.000561205	0.785789	0	0	0	0.324143	
0.995491	0.00223653	0	0.00057609	0.782386	0	0	0	0.317621	
0.995415	0.00229453	0	0.00059103	0.778999	0	0	0	0.311231	
0.995338	0.00235273	0	0.000606021	0.775627	0	0	0	0.304973	
0.995262	0.00241112	0	0.000621061	0.77227	0	0	0	0.298842	
0.995186	0.00246968	0	0.000636145	0.768929	0	0	0	0.292836	
0.99511	0.00252841	0	0.000651272	0.765603	0	0	0	0.286953	
0.995035	0.00258729	0	0.000666438	0.762291	0	0	0	0.28119	
0.994959	0.00264631	0	0.000681641	0.758995	0	0	0	0.275545	
0.994883	0.00270547	0	0.000696877	0.755714	0	0	0	0.270014	
0.994808	0.00276474	0	0.000712144	0.752447	0	0	0	0.264597	
0.994732	0.00282412	0	0.00072744	0.749195	0	0	0	0.25929	
0.994657	0.00288361	0	0.000742762	0.745957	0	0	0	0.254091	
0.994581	0.00294318	0	0.000758107	0.742734	0	0	0	0.248999	
0.994506	0.00300284	0	0.000773473	0.739526	0	0	0	0.24401	
0.99443	0.00306257	0	0.000788859	0.736332	0	0	0	0.239123	
0.994355	0.00312237	0	0.000804261	0.733152	0	0	0	0.234335	
0.99428	0.00318223	0	0.000819678	0.729986	0	0	0	0.229646	
0.994205	0.00324213	0	0.000835108	0.726835	0	0	0	0.225051	
0.99413	0.00330207	0	0.000850548	0.723698	0	0	0	0.22055	
0.994055	0.00336205	0	0.000865996	0.720574	0	0	0	0.216141	
0.99398	0.00342205	0	0.000881452	0.717465	0	0	0	0.211822	
0.993905	0.00348208	0	0.000896912	0.714369	0	0	0	0.207591	
0.99383	0.00354211	0	0.000912375	0.711288	0	0	0	0.203446	
0.993756	0.00360215	0	0.00092784	0.70822	0	0	0	0.199385	
0.993681	0.00366219	0	0.000943304	0.705165	0	0	0	0.195407	
0.993606	0.00372222	0	0.000958767	0.702124	0	0	0	0.19151	
0.993532	0.00378224	0	0.000974226	0.699097	0	0	0	0.187692	
0.993457	0.00384224	0	0.00098968	0.696083	0	0	0	0.183952	
0.993382	0.00390221	0	0.00100513	0.693082	0	0	0	0.180288	
0.993308	0.00396215	0	0.00102057	0.690095	0	0	0	0.176699	
0.993234	0.00402206	0	0.001036	0.687121	0	0	0	0.173182	
0.993159	0.00408193	0	0.00105142	0.68416	0	0	0	0.169737	
0.993085	0.00414175	0	0.00106683	0.681212	0	0	0	0.166363	
0.99301	0.00420152	0	0.00108222	0.678278	0	0	0	0.163056	
0.992936	0.00426123	0	0.0010976	0.675356	0	0	0	0.159817	
0.992862	0.00432088	0	0.00111297	0.672447	0	0	0	0.156644	
0.992788	0.00438047	0	0.00112831	0.669551	0	0	0	0.153535	
0.992714	0.00443998	0	0.00114364	0.666668	0	0	0	0.15049	
0.99264	0.00449943	0	0.00115896	0.663797	0	0	0	0.147506	
0.992566	0.0045588	0	0.00117425	0.660939	0	0	0	0.144583	
0.992491	0.00461808	0	0.00118952	0.658094	0	0	0	0.141719	
0.992417	0.00467728	0	0.00120477	0.655261	0	0	0	0.138913	
0.992344	0.00473639	0	0.00121999	0.65244	0	0	0	0.136164	
0.99227	0.00479541	0	0.00123519	0.649632	0	0	0	0.133471	
0.992196	0.00485433	0	0.00125037	0.646837	0	0	0	0.130833	
0.992122	0.00491315	0	0.00126552	0.644053	0	0	0	0.128248	
0.992048	0.00497187	0	0.00128065	0.641282	0	0	0	0.125716	
0.991974	0.00503049	0	0.00129574	0.638523	0	0	0	0.123235	
0.991901	0.005089	0	0.00131081	0.635776	0	0	0	0.120804	
0.991827	0.00514739	0	0.00132585	0.633041	0	0	0	0.118423	
0.991753	0.00520567	0	0.00134086	0.630319	0	0	0	0.11609	
0.991679	0.00526383	0	0.00135585	0.627608	0	0	0	0.113804	
0.991606	0.00532187	0	0.0013708	0.624908	0	0	0	0.111564	
0.991532	0.00537979	0	0.00138571	0.622221	0	0	0	0.10937	
0.991459	0.00543759	0	0.0014006	0.619546	0	0	0	0.10722	
0.991385	0.00549526	0	0.00141545	0.616882	0	0	0	0.105114	
0.991312	0.0055528	0	0.00143028	0.61423	0	0	0	0.103051	
0.991238	0.0056102	0	0.00144506	0.611589	0	0	0	0.101029	
0.991165	0.00566747	0	0.00145981	0.60896	0	0	0	0.0990479	
0.991091	0.00572461	0	0.00147453	0.606343	0	0	0	0.0971071	
0.991018	0.00578161	0	0.00148921	0.603736	0	0	0	0.0952056	
0.990944	0.00583847	0	0.00150386	0.601142	0	0	0	0.0933425	
0.990871	0.00589518	0	0.00151846	0.598558	0	0	0	0.091517	
0.990798	0.00595176	0	0.00153304	0.595986	0	0	0	0.0897285	
0.990724	0.00600818	0	0.00154757	0.593425	0	0	0	0.0879762	
0.990651	0.00606446	0	0.00156207	0.590875	0	0	0	0.0862592	
0.990578	0.00612059	0	0.00157652	0.588337	0	0	0	0.0845769	
0.990505	0.00617657	0	0.00159094	0.585809	0	0	0	0.0829287	
0.990431	0.0062324	0	0.00160532	0.583292	0	0	0	0.0813137	
0.990358	0.00628808	0	0.00161966	0.580787	0	0	0	0.0797313	
0.990285	0.0063436	0	0.00163397	0.578292	0	0	0	0.0781808	
0.990212	0.00639897	0	0.00164823	0.575808	0	0	0	0.0766617	
0.990139	0.00645417	0	0.00166245	0.573335	0	0	0	0.0751731	
0.990066	0.00650922	0	0.00167663	0.570873	0	0	0	0.0737147	
0.989993	0.00656411	0	0.00169076	0.568421	0	0	0	0.0722856	
0.989919	0.00661884	0	0.00170486	0.56598	0	0	0	0.0708853	
0.989846	0.00667341	0	0.00171892	0.563549	0	0	0	0.0695133	
0.989773	0.00672781	0	0.00173293	0.56113	0	0	0	0.0681689	
0.9897	0.00678206	0	0.0017469	0.55872	0	0	0	0.0668516	
0.989627	0.00683613	0	0.00176083	0.556321	0	0	0	0.0655608	
0.989554	0.00689004	0	0.00177471	0.553933	0	0	0	0.0642961	
0.989481	0.00694379	0	0.00178856	0.551555	0	0	0	0.0630567	
0.989409	0.00699736	0	0.00180236	0.549187	0	0	0	0.0618424	
0.989336	0.00705077	0	0.00181611	0.54683	0	0	0	0.0606524	
0.989263	0.00710401	0	0.00182983	0.544482	0	0	0	0.0594865	
0.98919	0.00715708	0	0.0018435	0.542145	0	0	0	0.0583439	
0.989117	0.00720998	0	0.00185712	0.539818	0	0	0	0.0572243	
0.989044	0.00726271	0	0.0018707	0.537501	0	0	0	0.0561273	
0.988971	0.00731527	0	0.00188424	0.535195	0	0	0	0.0550522	
0.988898	0.00736766	0	0.00189773	0.532898	0	0	0	0.0539988	
0.988826	0.00741987	0	0.00191118	0.530611	0	0	0	0.0529665	
0.988753	0.00747191	0	0.00192459	0.528334	0	0	0	0.051955	
0.98868	0.00752378	0	0.00193795	0.526067	0	0	0	0.0509638	
0.988607	0.00757547	0	0.00195126	0.523809	0	0	0	0.0499924	
0.988535	0.00762699	0	0.00196453	0.521562	0	0	0	0.0490405	
0.988462	0.00767834	0	0.00197776	0.519324	0	0	0	0.0481078	
0.988389	0.00772951	0	0.00199094	0.517096	0	0	0	0.0471937	
0.988317	0.0077805	0	0.00200407	0.514877	0	0	0	0.0462979	
0.988244	0.00783132	0	0.00201716	0.512668	0	0	0	0.0454201	
0.988171	0.00788196	0	0.0020302	0.510469	0	0	0	0.0445599	
0.988099	0.00793243	0	0.0020432	0.508279	0	0	0	0.0437169	
0.988026	0.00798272	0	0.00205616	0.506099	0	0	0	0.0428908	
0.987953	0.00803283	0	0.00206906	0.503928	0	0	0	0.0420812	
0.987881	0.00808277	0	0.00208193	0.501766	0	0	0	0.0412878	
0.987808	0.00813252	0	0.00209474	0.499614	0	0	0	0.0405103	
0.987736	0.00818211	0	0.00210751	0.497471	0	0	0	0.0397483	
0.987663	0.00823151	0	0.00212024	0.495337	0	0	0	0.0390016	
0.987591	0.00828074	0	0.00213292	0.493213	0	0	0	0.0382697	
0.987518	0.00832979	0	0.00214555	0.491098	0	0	0	0.0375525	
0.987445	0.00837866	0	0.00215814	0.488991	0	0	0	0.0368496	
0.987373	0.00842736	0	0.00217068	0.486894	0	0	0	0.0361607	
0.987301	0.00847587	0	0.00218318	0.484806	0	0	0	0.0354856	
0.987228	0.00852421	0	0.00219563	0.482727	0	0	0	0.034824	
0.987156	0.00857238	0	0.00220804	0.480657	0	0	0	0.0341755	
0.987083	0.00862036	0	0.0022204	0.478596	0	0	0	0.0335399	
0.987011	0.00866817	0	0.00223271	0.476544	0	0	0	0.0329171	
0.986938	0.0087158	0	0.00224498	0.474501	0	0	0	0.0323066	
0.986866	0.00876325	0	0.0022572	0.472466	0	0	0	0.0317083	
0.986793	0.00881053	0	0.00226938	0.47044	0	0	0	0.0311218	
0.986721	0.00885763	0	0.00228151	0.468423	0	0	0	0.0305471	
0.986649	0.00890455	0	0.0022936	0.466415	0	0	0	0.0299837	
0.986576	0.00895129	0	0.00230564	0.464415	0	0	0	0.0294316	
0.986504	0.00899786	0	0.00231763	0.462424	0	0	0	0.0288905	
0.986432	0.00904425	0	0.00232958	0.460442	0	0	0	0.02836	
0.986359	0.00909047	0	0.00234148	0.458468	0	0	0	0.0278402	
0.986287	0.00913651	0	0.00235334	0.456503	0	0	0	0.0273306	
0.986215	0.00918237	0	0.00236515	0.454546	0	0	0	0.0268311	
0.986142	0.00922806	0	0.00237692	0.452597	0	0	0	0.0263416	
0.98607	0.00927357	0	0.00238865	0.450657	0	0	0	0.0258617	
0.985998	0.0093189	0	0.00240032	0.448725	0	0	0	0.0253914	
0.985926	0.00936407	0	0.00241195	0.446802	0	0	0	0.0249303	
0.985853	0.00940905	0	0.00242354	0.444887	0	0	0	0.0244784	
0.985781	0.00945386	0	0.00243508	0.44298	0	0	0	0.0240355	
0.985709	0.0094985	0	0.00244658	0.441081	0	0	0	0.0236012	
0.985637	0.00954296	0	0.00245803	0.439191	0	0	0	0.0231756	
0.985564	0.00958725	0	0.00246944	0.437308	0	0	0	0.0227584	
0.985492	0.00963137	0	0.00248081	0.435434	0	0	0	0.0223494	
0.98542	0.00967531	0	0.00249212	0.433568	0	0	0	0.0219485	
0.985348	0.00971908	0	0.0025034	0.43171	0	0	0	0.0215555	
0.985276	0.00976268	0	0.00251463	0.429859	0	0	0	0.0211703	
0.985203	0.00980611	0	0.00252581	0.428017	0	0	0	0.0207926	
0.985131	0.00984936	0	0.00253695	0.426183	0	0	0	0.0204224	
0.985059	0.00989244	0	0.00254805	0.424357	0	0	0	0.0200594	
0.984987	0.00993535	0	0.0025591	0.422538	0	0	0	0.0197037	
0.984915	0.00997809	0	0.00257011	0.420727	0	0	0	0.0193549	
0.984843	0.0100207	0	0.00258108	0.418924	0	0	0	0.0190129	
0.984771	0.0100631	0	0.002592	0.417129	0	0	0	0.0186777	
0.984699	0.0101053	0	0.00260287	0.415342	0	0	0	0.0183491	
0.984626	0.0101474	0	0.00261371	0.413562	0	0	0	0.0180269	
0.984554	0.0101892	0	0.0026245	0.41179	0	0	0	0.017711	
0.984482	0.010231	0	0.00263525	0.410026	0	0	0	0.0174014	
0.98441	0.0102725	0	0.00264595	0.408269	0	0	0	0.0170978	
0.984338	0.0103139	0	0.00265661	0.406519	0	0	0	0.0168001	
0.984266	0.0103551	0	0.00266723	0.404778	0	0	0	0.0165083	
0.984194	0.0103962	0	0.0026778	0.403043	0	0	0	0.0162221	
0.984122	0.0104371	0	0.00268833	0.401316	0	0	0	0.0159416	
0.98405	0.0104778	0	0.00269882	0.399597	0	0	0	0.0156665	
0.983978	0.0105183	0	0.00270927	0.397885	0	0	0	0.0153969	
0.983906	0.0105587	0	0.00271967	0.39618	0	0	0	0.0151324	
0.983834	0.010599	0	0.00273003	0.394483	0	0	0	0.0148732	
0.983762	0.010639	0	0.00274035	0.392793	0	0	0	0.014619	
0.98369	0.0106789	0	0.00275063	0.39111	0	0	0	0.0143697	
0.983618	0.0107187	0	0.00276086	0.389435	0	0	0	0.0141253	
0.983546	0.0107582	0	0.00277105	0.387766	0	0	0	0.0138856	
0.983474	0.0107976	0	0.0027812	0.386105	0	0	0	0.0136506	
0.983402	0.0108369	0	0.00279131	0.384451	0	0	0	0.0134202	
0.98333	0.010876	0	0.00280138	0.382804	0	0	0	0.0131943	
0.983259	0.0109149	0	0.0028114	0.381164	0	0	0	0.0129727	
0.983187	0.0109537	0	0.00282139	0.379531	0	0	0	0.0127554	
0.983115	0.0109923	0	0.00283133	0.377906	0	0	0	0.0125423	
0.983043	0.0110307	0	0.00284123	0.376287	0	0	0	0.0123334	
0.982971	0.011069	0	0.00285109	0.374675	0	0	0	0.0121285	
0.982899	0.0111071	0	0.00286091	0.37307	0	0	0	0.0119275	
0.982827	0.0111451	0	0.00287069	0.371472	0	0	0	0.0117305	
0.982755	0.0111829	0	0.00288043	0.369881	0	0	0	0.0115372	
0.982684	0.0112205	0	0.00289013	0.368296	0	0	0	0.0113477	
0.982612	0.011258	0	0.00289979	0.366719	0	0	0	0.0111618	
0.98254	0.0112954	0	0.0029094	0.365148	0	0	0	0.0109795	
0.982468	0.0113325	0	0.00291898	0.363584	0	0	0	0.0108007	
0.982396	0.0113696	0	0.00292852	0.362027	0	0	0	0.0106253	
0.982324	0.0114064	0	0.00293802	0.360476	0	0	0	0.0104534	
0.982253	0.0114432	0	0.00294747	0.358932	0	0	0	0.0102847	
0.982181	0.0114797	0	0.00295689	0.357395	0	0	0	0.0101192	
0.982109	0.0115161	0	0.00296627	0.355864	0	0	0	0.00995695	
0.982037	0.0115524	0	0.00297561	0.35434	0	0	0	0.00979778	
0.981965	0.0115885	0	0.00298491	0.352822	0	0	0	0.00964165	
0.981894	0.0116245	0	0.00299417	0.351311	0	0	0	0.00948851	
0.981822	0.0116603	0	0.00300339	0.349807	0	0	0	0.00933829	
0.98175	0.0116959	0	0.00301257	0.348308	0	0	0	0.00919094	
0.981678	0.0117314	0	0.00302172	0.346817	0	0	0	0.0090464	
0.981607	0.0117668	0	0.00303082	0.345331	0	0	0	0.00890462	
0.981535	0.011802	0	0.00303989	0.343852	0	0	0	0.00876553	
0.981463	0.011837	0	0.00304892	0.34238	0	0	0	0.00862909	
0.981392	0.0118719	0	0.00305791	0.340914	0	0	0	0.00849524	
0.98132	0.0119067	0	0.00306686	0.339454	0	0	0	0.00836392	
0.981248	0.0119413	0	0.00307577	0.338	0	0	0	0.0082351	
0.981176	0.0119757	0	0.00308465	0.336552	0	0	0	0.00810872	
0.981105	0.0120101	0	0.00309349	0.335111	0	0	0	0.00798473	
0.981033	0.0120442	0	0.00310229	0.333676	0	0	0	0.00786309	
0.980961	0.0120783	0	0.00311105	0.332247	0	0	0	0.00774374	
0.98089	0.0121121	0	0.00311978	0.330824	0	0	0	0.00762664	
0.980818	0.0121459	0	0.00312847	0.329408	0	0	0	0.00751176	
0.980747	0.0121795	0	0.00313712	0.327997	0	0	0	0.00739903	
0.980675	0.0122129	0	0.00314574	0.326593	0	0	0	0.00728843	
0.980603	0.0122462	0	0.00315432	0.325194	0	0	0	0.0071799	
0.980532	0.0122794	0	0.00316286	0.323802	0	0	0	0.00707341	
0.98046	0.0123124	0	0.00317136	0.322415	0	0	0	0.00696892	
0.980388	0.0123453	0	0.00317983	0.321034	0	0	0	0.00686638	
0.980317	0.012378	0	0.00318827	0.31966	0	0	0	0.00676576	
0.980245	0.0124106	0	0.00319666	0.318291	0	0	0	0.00666703	
0.980174	0.0124431	0	0.00320502	0.316928	0	0	0	0.00657013	
0.980102	0.0124754	0	0.00321335	0.315571	0	0	0	0.00647505	
0.98003	0.0125076	0	0.00322164	0.31422	0	0	0	0.00638173	
0.979959	0.0125396	0	0.00322989	0.312874	0	0	0	0.00629015	
0.979887	0.0125715	0	0.00323811	0.311535	0	0	0	0.00620027	
0.979816	0.0126033	0	0.00324629	0.310201	0	0	0	0.00611206	
0.979744	0.0126349	0	0.00325444	0.308873	0	0	0	0.00602548	
0.979673	0.0126664	0	0.00326255	0.30755	0	0	0	0.00594051	
0.979601	0.0126978	0	0.00327063	0.306233	0	0	0	0.00585711	
0.97953	0.012729	0	0.00327867	0.304922	0	0	0	0.00577525	
0.979458	0.0127601	0	0.00328668	0.303616	0	0	0	0.0056949	
0.979387	0.012791	0	0.00329465	0.302317	0	0	0	0.00561603	
0.979315	0.0128219	0	0.00330259	0.301022	0	0	0	0.00553861	
0.979244	0.0128526	0	0.00331049	0.299733	0	0	0	0.00546261	
0.979172	0.0128831	0	0.00331836	0.29845	0	0	0	0.005388	
0.979101	0.0129135	0	0.0033262	0.297172	0	0	0	0.00531477	
0.979029	0.0129438	0	0.003334	0.2959	0	0	0	0.00524287	
0.978958	0.012974	0	0.00334177	0.294633	0	0	0	0.00517229	
0.978886	0.013004	0	0.00334951	0.293372	0	0	0	0.005103	
0.978815	0.0130339	0	0.00335721	0.292116	0	0	0	0.00503497	
0.978743	0.0130637	0	0.00336487	0.290865	0	0	0	0.00496817	
0.978672	0.0130933	0	0.00337251	0.28962	0	0	0	0.00490259	
0.978601	0.0131228	0	0.00338011	0.28838	0	0	0	0.0048382	
0.978529	0.0131522	0	0.00338768	0.287145	0	0	0	0.00477498	
0.978458	0.0131815	0	0.00339521	0.285916	0	0	0	0.0047129	
0.978386	0.0132106	0	0.00340272	0.284692	0	0	0	0.00465195	
0.978315	0.0132396	0	0.00341019	0.283473	0	0	0	0.00459209	
0.978243	0.0132685	0	0.00341762	0.282259	0	0	0	0.00453331	
0.978172	0.0132972	0	0.00342503	0.281051	0	0	0	0.00447559	
0.978101	0.0133259	0	0.0034324	0.279848	0	0	0	0.0044189	
0.978029	0.0133544	0	0.00343974	0.27865	0	0	0	0.00436323	
0.977958	0.0133827	0	0.00344705	0.277457	0	0	0	0.00430856	
0.977887	0.013411	0	0.00345433	0.276269	0	0	0	0.00425487	
0.977815	0.0134391	0	0.00346157	0.275087	0	0	0	0.00420213	
0.977744	0.0134671	0	0.00346879	0.273909	0	0	0	0.00415033	
0.977673	0.013495	0	0.00347597	0.272736	0	0	0	0.00409945	
0.977601	0.0135228	0	0.00348312	0.271569	0	0	0	0.00404948	
0.97753	0.0135504	0	0.00349024	0.270406	0	0	0	0.00400039	
0.977459	0.0135779	0	0.00349733	0.269249	0	0	0	0.00395218	
0.977387	0.0136053	0	0.00350438	0.268096	0	0	0	0.00390481	
0.977316	0.0136326	0	0.00351141	0.266949	0	0	0	0.00385828	
0.977245	0.0136597	0	0.0035184	0.265806	0	0	0	0.00381256	
0.977173	0.0136868	0	0.00352537	0.264668	0	0	0	0.00376765	
0.977102	0.0137137	0	0.0035323	0.263535	0	0	0	0.00372353	
0.977031	0.0137405	0	0.00353921	0.262407	0	0	0	0.00368018	
0.976959	0.0137672	0	0.00354608	0.261284	0	0	0	0.00363759	
0.976888	0.0137938	0	0.00355292	0.260165	0	0	0	0.00359575	
0.976817	0.0138202	0	0.00355974	0.259052	0	0	0	0.00355463	
0.976746	0.0138465	0	0.00356652	0.257943	0	0	0	0.00351422	
0.976674	0.0138728	0	0.00357327	0.256839	0	0	0	0.00347452	
0.976603	0.0138989	0	0.00357999	0.255739	0	0	0	0.0034355	
0.976532	0.0139249	0	0.00358669	0.254645	0	0	0	0.00339716	
0.976461	0.0139507	0	0.00359335	0.253555	0	0	0	0.00335948	
0.976389	0.0139765	0	0.00359999	0.252469	0	0	0	0.00332245	
0.976318	0.0140021	0	0.00360659	0.251389	0	0	0	0.00328605	
0.976247	0.0140277	0	0.00361317	0.250313	0	0	0	0.00325028	
0.976176	0.0140531	0	0.00361972	0.249241	0	0	0	0.00321512	
0.976105	0.0140784	0	0.00362624	0.248174	0	0	0	0.00318056	
0.976033	0.0141036	0	0.00363273	0.247112	0	0	0	0.00314659	
0.975962	0.0141287	0	0.00363919	0.246054	0	0	0	0.00311319	
0.975891	0.0141536	0	0.00364562	0.245001	0	0	0	0.00308037	
0.97582	0.0141785	0	0.00365202	0.243953	0	0	0	0.0030481	
0.975749	0.0142033	0	0.0036584	0.242908	0	0	0	0.00301637	
0.975677	0.0142279	0	0.00366475	0.241869	0	0	0	0.00298518	
0.975606	0.0142524	0	0.00367107	0.240834	0	0	0	0.00295452	
0.975535	0.0142769	0	0.00367736	0.239803	0	0	0	0.00292437	
0.975464	0.0143012	0	0.00368362	0.238776	0	0	0	0.00289472	
0.975393	0.0143254	0	0.00368986	0.237754	0	0	0	0.00286557	
0.975322	0.0143495	0	0.00369607	0.236737	0	0	0	0.00283691	
0.975251	0.0143735	0	0.00370225	0.235724	0	0	0	0.00280872	
0.97518	0.0143974	0	0.0037084	0.234715	0	0	0	0.002781	
0.975108	0.0144212	0	0.00371453	0.23371	0	0	0	0.00275374	
0.975037	0.0144449	0	0.00372063	0.23271	0	0	0	0.00272693	
0.974966	0.0144684	0	0.0037267	0.231714	0	0	0	0.00270056	
0.974895	0.0144919	0	0.00373274	0.230722	0	0	0	0.00267463	
0.974824	0.0145153	0	0.00373876	0.229735	0	0	0	0.00264912	
0.974753	0.0145385	0	0.00374475	0.228752	0	0	0	0.00262403	
0.974682	0.0145617	0	0.00375072	0.227773	0	0	0	0.00259934	
0.974611	0.0145847	0	0.00375665	0.226798	0	0	0	0.00257506	
0.97454	0.0146077	0	0.00376256	0.225827	0	0	0	0.00255118	
0.974469	0.0146305	0	0.00376845	0.224861	0	0	0	0.00252768	
0.974398	0.0146533	0	0.00377431	0.223898	0	0	0	0.00250456	
0.974327	0.0146759	0	0.00378014	0.22294	0	0	0	0.00248182	
0.974256	0.0146985	0	0.00378595	0.221986	0	0	0	0.00245944	
0.974185	0.0147209	0	0.00379173	0.221036	0	0	0	0.00243741	
0.974113	0.0147433	0	0.00379748	0.22009	0	0	0	0.00241575	
0.974042	0.0147655	0	0.00380321	0.219148	0	0	0	0.00239442	
0.973971	0.0147876	0	0.00380892	0.21821	0	0	0	0.00237344	
0.9739	0.0148097	0	0.0038146	0.217277	0	0	0	0.00235279	
0.973829	0.0148316	0	0.00382025	0.216347	0	0	0	0.00233247	
0.973758	0.0148535	0	0.00382588	0.215421	0	0	0	0.00231246	
0.973687	0.0148752	0	0.00383148	0.214499	0	0	0	0.00229278	
0.973616	0.0148969	0	0.00383706	0.213581	0	0	0	0.0022734	
0.973545	0.0149184	0	0.00384261	0.212667	0	0	0	0.00225432	
0.973475	0.0149399	0	0.00384814	0.211757	0	0	0	0.00223555	
0.973404	0.0149613	0	0.00385364	0.210851	0	0	0	0.00221706	
0.973333	0.0149825	0	0.00385912	0.209948	0	0	0	0.00219886	
0.973262	0.0150037	0	0.00386457	0.20905	0	0	0	0.00218095	
0.973191	0.0150248	0	0.00387	0.208155	0	0	0	0.00216331	
0.97312	0.0150458	0	0.00387541	0.207265	0	0	0	0.00214594	
0.973049	0.0150667	0	0.00388079	0.206378	0	0	0	0.00212884	
0.972978	0.0150875	0	0.00388614	0.205495	0	0	0	0.00211201	
0.972907	0.0151082	0	0.00389148	0.204615	0	0	0	0.00209542	
0.972836	0.0151288	0	0.00389679	0.20374	0	0	0	0.00207909	
0.972765	0.0151493	0	0.00390207	0.202868	0	0	0	0.00206301	
0.972694	0.0151697	0	0.00390733	0.202	0	0	0	0.00204718	
0.972623	0.0151901	0	0.00391257	0.201135	0	0	0	0.00203158	
0.972552	0.0152103	0	0.00391778	0.200275	0	0	0	0.00201621	
0.972482	0.0152304	0	0.00392297	0.199418	0	0	0	0.00200108	
0.972411	0.0152505	0	0.00392814	0.198564	0	0	0	0.00198617	
0.97234	0.0152705	0	0.00393328	0.197715	0	0	0	0.00197149	
0.972269	0.0152904	0	0.0039384	0.196869	0	0	0	0.00195702	
0.972198	0.0153101	0	0.0039435	0.196026	0	0	0	0.00194277	
0.972127	0.0153299	0	0.00394858	0.195188	0	0	0	0.00192873	
0.972056	0.0153495	0	0.00395363	0.194352	0	0	0	0.00191489	
0.971986	0.015369	0	0.00395866	0.193521	0	0	0	0.00190126	
0.971915	0.0153884	0	0.00396366	0.192693	0	0	0	0.00188783	
0.971844	0.0154078	0	0.00396865	0.191868	0	0	0	0.00187459	
0.971773	0.015427	0	0.00397361	0.191047	0	0	0	0.00186155	
0.971702	0.0154462	0	0.00397855	0.19023	0	0	0	0.00184869	
0.971631	0.0154653	0	0.00398346	0.189416	0	0	0	0.00183603	
0.971561	0.0154843	0	0.00398836	0.188605	0	0	0	0.00182354	
0.97149	0.0155032	0	0.00399323	0.187798	0	0	0	0.00181123	
0.971419	0.015522	0	0.00399808	0.186995	0	0	0	0.0017991	
0.971348	0.0155408	0	0.00400291	0.186195	0	0	0	0.00178714	
0.971277	0.0155594	0	0.00400771	0.185398	0	0	0	0.00177536	
0.971207	0.015578	0	0.0040125	0.184605	0	0	0	0.00176374	
0.971136	0.0155965	0	0.00401726	0.183815	0	0	0	0.00175228	
0.971065	0.0156149	0	0.004022	0.183029	0	0	0	0.00174098	
0.970994	0.0156332	0	0.00402672	0.182245	0	0	0	0.00172985	
0.970924	0.0156515	0	0.00403142	0.181466	0	0	0	0.00171887	
0.970853	0.0156696	0	0.0040361	0.180689	0	0	0	0.00170804	
0.970782	0.0156877	0	0.00404075	0.179916	0	0	0	0.00169736	
0.970711	0.0157057	0	0.00404539	0.179147	0	0	0	0.00168683	
0.970641	0.0157236	0	0.00405	0.17838	0	0	0	0.00167645	
0.97057	0.0157415	0	0.00405459	0.177617	0	0	0	0.00166621	
0.970499	0.0157592	0	0.00405916	0.176857	0	0	0	0.00165611	
0.970428	0.0157769	0	0.00406372	0.1761	0	0	0	0.00164614	
0.970358	0.0157945	0	0.00406825	0.175347	0	0	0	0.00163632	
0.970287	0.015812	0	0.00407276	0.174597	0	0	0	0.00162662	
0.970216	0.0158294	0	0.00407725	0.17385	0	0	0	0.00161706	
0.970146	0.0158467	0	0.00408171	0.173106	0	0	0	0.00160763	
0.970075	0.015864	0	0.00408616	0.172365	0	0	0	0.00159832	
0.970004	0.0158812	0	0.00409059	0.171628	0	0	0	0.00158914	
0.969934	0.0158983	0	0.004095	0.170894	0	0	0	0.00158008	
0.969863	0.0159154	0	0.00409939	0.170163	0	0	0	0.00157114	
0.969792	0.0159323	0	0.00410375	0.169435	0	0	0	0.00156232	
0.969722	0.0159492	0	0.0041081	0.16871	0	0	0	0.00155362	
0.969651	0.015966	0	0.00411243	0.167988	0	0	0	0.00154503	
0.96958	0.0159827	0	0.00411674	0.167269	0	0	0	0.00153655	
0.96951	0.0159994	0	0.00412103	0.166554	0	0	0	0.00152818	
0.969439	0.0160159	0	0.0041253	0.165841	0	0	0	0.00151993	
0.969369	0.0160324	0	0.00412955	0.165132	0	0	0	0.00151178	
0.969298	0.0160489	0	0.00413378	0.164425	0	0	0	0.00150373	
0.969227	0.0160652	0	0.00413799	0.163722	0	0	0	0.00149579	
0.969157	0.0160815	0	0.00414218	0.163021	0	0	0	0.00148796	
0.969086	0.0160977	0	0.00414635	0.162324	0	0	0	0.00148022	
0.969015	0.0161138	0	0.0041505	0.16163	0	0	0	0.00147258	
0.968945	0.0161299	0	0.00415464	0.160938	0	0	0	0.00146504	
0.968874	0.0161458	0	0.00415875	0.16025	0	0	0	0.00145759	
0.968804	0.0161617	0	0.00416285	0.159564	0	0	0	0.00145024	
0.968733	0.0161776	0	0.00416693	0.158882	0	0	0	0.00144298	
0.968663	0.0161933	0	0.00417099	0.158202	0	0	0	0.00143581	
0.968592	0.016209	0	0.00417503	0.157525	0	0	0	0.00142873	
0.968521	0.0162246	0	0.00417905	0.156851	0	0	0	0.00142174	
0.968451	0.0162402	0	0.00418305	0.156181	0	0	0	0.00141484	
0.96838	0.0162556	0	0.00418704	0.155512	0	0	0	0.00140802	
0.96831	0.016271	0	0.004191	0.154847	0	0	0	0.00140129	
0.968239	0.0162864	0	0.00419495	0.154185	0	0	0	0.00139464	
0.968169	0.0163016	0	0.00419888	0.153525	0	0	0	0.00138807	
0.968098	0.0163168	0	0.00420279	0.152869	0	0	0	0.00138158	
0.968028	0.0163319	0	0.00420669	0.152215	0	0	0	0.00137517	
0.967957	0.016347	0	0.00421056	0.151564	0	0	0	0.00136884	
0.967887	0.016362	0	0.00421442	0.150915	0	0	0	0.00136258	
0.967816	0.0163769	0	0.00421826	0.15027	0	0	0	0.0013564	
0.967746	0.0163917	0	0.00422208	0.149627	0	0	0	0.0013503	
0.967675	0.0164065	0	0.00422589	0.148987	0	0	0	0.00134426	
0.967605	0.0164212	0	0.00422968	0.14835	0	0	0	0.0013383	
0.967534	0.0164358	0	0.00423345	0.147715	0	0	0	0.00133241	
0.967464	0.0164504	0	0.0042372	0.147083	0	0	0	0.00132659	
0.967393	0.0164649	0	0.00424093	0.146454	0	0	0	0.00132084	
0.967323	0.0164793	0	0.00424465	0.145828	0	0	0	0.00131516	
0.967253	0.0164937	0	0.00424835	0.145204	0	0	0	0.00130955	
0.967182	0.016508	0	0.00425204	0.144583	0	0	0	0.001304	
0.967112	0.0165222	0	0.0042557	0.143965	0	0	0	0.00129851	
0.967041	0.0165364	0	0.00425935	0.143349	0	0	0	0.00129309	
0.966971	0.0165505	0	0.00426299	0.142736	0	0	0	0.00128773	
0.9669	0.0165646	0	0.0042666	0.142125	0	0	0	0.00128244	
0.96683	0.0165785	0	0.0042702	0.141517	0	0	0	0.0012772	
0.96676	0.0165924	0	0.00427378	0.140912	0	0	0	0.00127203	
0.966689	0.0166063	0	0.00427735	0.140309	0	0	0	0.00126691	
0.966619	0.0166201	0	0.0042809	0.139709	0	0	0	0.00126185	
0.966548	0.0166338	0	0.00428443	0.139112	0	0	0	0.00125686	
0.966478	0.0166474	0	0.00428795	0.138517	0	0	0	0.00125191	
0.966408	0.016661	0	0.00429145	0.137924	0	0	0	0.00124703	
0.966337	0.0166745	0	0.00429493	0.137334	0	0	0	0.0012422	
0.966267	0.016688	0	0.0042984	0.136747	0	0	0	0.00123742	
0.966196	0.0167014	0	0.00430185	0.136162	0	0	0	0.0012327	
0.966126	0.0167147	0	0.00430529	0.13558	0	0	0	0.00122803	
0.966056	0.016728	0	0.00430871	0.135	0	0	0	0.00122341	
0.965985	0.0167412	0	0.00431211	0.134423	0	0	0	0.00121885	
0.965915	0.0167544	0	0.0043155	0.133848	0	0	0	0.00121434	
0.965845	0.0167675	0	0.00431887	0.133275	0	0	0	0.00120987	
0.965774	0.0167805	0	0.00432223	0.132705	0	0	0	0.00120546	
0.965704	0.0167935	0	0.00432557	0.132138	0	0	0	0.00120109	
0.965634	0.0168064	0	0.00432889	0.131573	0	0	0	0.00119678	
0.965563	0.0168192	0	0.0043322	0.13101	0	0	0	0.00119251	
0.965493	0.016832	0	0.00433549	0.13045	0	0	0	0.00118828	
0.965423	0.0168448	0	0.00433877	0.129892	0	0	0	0.00118411	
0.965353	0.0168574	0	0.00434204	0.129336	0	0	0	0.00117998	
0.965282	0.01687	0	0.00434528	0.128783	0	0	0	0.00117589	
0.965212	0.0168826	0	0.00434852	0.128233	0	0	0	0.00117185	
0.965142	0.0168951	0	0.00435174	0.127684	0	0	0	0.00116785	
0.965071	0.0169075	0	0.00435494	0.127138	0	0	0	0.0011639	
0.965001	0.0169199	0	0.00435813	0.126594	0	0	0	0.00115999	
0.964931	0.0169322	0	0.0043613	0.126053	0	0	0	0.00115612	
0.964861	0.0169445	0	0.00436446	0.125514	0	0	0	0.0011523	
0.96479	0.0169567	0	0.0043676	0.124977	0	0	0	0.00114851	
0.96472	0.0169688	0	0.00437073	0.124443	0	0	0	0.00114477	
0.96465	0.0169809	0	0.00437384	0.123911	0	0	0	0.00114106	
0.96458	0.0169929	0	0.00437694	0.123381	0	0	0	0.0011374	
0.964509	0.0170049	0	0.00438002	0.122853	0	0	0	0.00113377	
0.964439	0.0170168	0	0.00438309	0.122328	0	0	0	0.00113019	
0.964369	0.0170287	0	0.00438615	0.121805	0	0	0	0.00112664	
0.964299	0.0170405	0	0.00438919	0.121284	0	0	0	0.00112313	
0.964229	0.0170522	0	0.00439222	0.120765	0	0	0	0.00111966	
0.964158	0.0170639	0	0.00439523	0.120249	0	0	0	0.00111622	
0.964088	0.0170756	0	0.00439823	0.119735	0	0	0	0.00111282	
0.964018	0.0170872	0	0.00440121	0.119223	0	0	0	0.00110946	
0.963948	0.0170987	0	0.00440418	0.118713	0	0	0	0.00110613	
0.963878	0.0171102	0	0.00440714	0.118205	0	0	0	0.00110284	
0.963808	0.0171216	0	0.00441008	0.1177	0	0	0	0.00109958	
0.963737	0.017133	0	0.00441301	0.117197	0	0	0	0.00109636	
0.963667	0.0171443	0	0.00441592	0.116696	0	0	0	0.00109317	
0.963597	0.0171555	0	0.00441882	0.116197	0	0	0	0.00109002	
0.963527	0.0171667	0	0.00442171	0.1157	0	0	0	0.0010869	
0.963457	0.0171779	0	0.00442458	0.115205	0	0	0	0.00108381	
0.963387	0.017189	0	0.00442744	0.114713	0	0	0	0.00108075	
0.963316	0.0172	0	0.00443029	0.114222	0	0	0	0.00107773	
0.963246	0.017211	0	0.00443312	0.113734	0	0	0	0.00107474	
0.963176	0.017222	0	0.00443594	0.113247	0	0	0	0.00107178	
0.963106	0.0172329	0	0.00443874	0.112763	0	0	0	0.00106885	
0.963036	0.0172437	0	0.00444154	0.112281	0	0	0	0.00106595	
0.962966	0.0172545	0	0.00444431	0.111801	0	0	0	0.00106309	
0.962896	0.0172652	0	0.00444708	0.111323	0	0	0	0.00106025	
0.962826	0.0172759	0	0.00444983	0.110847	0	0	0	0.00105744	
0.962756	0.0172866	0	0.00445257	0.110373	0	0	0	0.00105467	
0.962686	0.0172972	0	0.0044553	0.109901	0	0	0	0.00105192	
0.962615	0.0173077	0	0.00445801	0.109431	0	0	0	0.0010492	
0.962545	0.0173182	0	0.00446071	0.108964	0	0	0	0.00104651	
0.962475	0.0173286	0	0.0044634	0.108498	0	0	0	0.00104385	
0.962405	0.017339	0	0.00446608	0.108034	0	0	0	0.00104122	
0.962335	0.0173493	0	0.00446874	0.107572	0	0	0	0.00103861	
0.962265	0.0173596	0	0.00447139	0.107112	0	0	0	0.00103604	
0.962195	0.0173699	0	0.00447403	0.106654	0	0	0	0.00103349	
0.962125	0.01738	0	0.00447665	0.106198	0	0	0	0.00103097	
0.962055	0.0173902	0	0.00447926	0.105744	0	0	0	0.00102847	
0.961985	0.0174003	0	0.00448186	0.105292	0	0	0	0.001026	
0.961915	0.0174103	0	0.00448445	0.104842	0	0	0	0.00102356	
0.961845	0.0174203	0	0.00448702	0.104394	0	0	0	0.00102115	
0.961775	0.0174303	0	0.00448958	0.103948	0	0	0	0.00101876	
0.961705	0.0174402	0	0.00449213	0.103503	0	0	0	0.00101639	
0.961635	0.01745	0	0.00449467	0.103061	0	0	0	0.00101406	
0.961565	0.0174598	0	0.0044972	0.10262	0	0	0	0.00101174	
0.961495	0.0174696	0	0.00449971	0.102181	0	0	0	0.00100946	
0.961425	0.0174793	0	0.00450221	0.101745	0	0	0	0.0010072	
0.961355	0.017489	0	0.0045047	0.10131	0	0	0	0.00100496	
0.961285	0.0174986	0	0.00450718	0.100877	0	0	0	0.00100275	
0.961215	0.0175081	0	0.00450964	0.100445	0	0	0	0.00100056	
0.961145	0.0175177	0	0.0045121	0.100016	0	0	0	0.000998395	
0.961075	0.0175271	0	0.00451454	0.0995885	0	0	0	0.000996255	
0.961005	0.0175366	0	0.00451697	0.0991628	0	0	0	0.000994139	
0.960935	0.017546	0	0.00451939	0.098739	0	0	0	0.000992047	
0.960865	0.0175553	0	0.00452179	0.0983169	0	0	0	0.000989978	
0.960796	0.0175646	0	0.00452419	0.0978967	0	0	0	0.000987932	
0.960726	0.0175739	0	0.00452657	0.0974782	0	0	0	0.00098591	
0.960656	0.0175831	0	0.00452894	0.0970615	0	0	0	0.000983911	
0.960586	0.0175922	0	0.0045313	0.0966467	0	0	0	0.000981935	
0.960516	0.0176014	0	0.00453365	0.0962336	0	0	0	0.000979981	
0.960446	0.0176104	0	0.00453599	0.0958222	0	0	0	0.00097805	
0.960376	0.0176195	0	0.00453832	0.0954127	0	0	0	0.000976142	
0.960306	0.0176284	0	0.00454063	0.0950049	0	0	0	0.000974255	
0.960236	0.0176374	0	0.00454293	0.0945988	0	0	0	0.000972391	
0.960166	0.0176463	0	0.00454523	0.0941945	0	0	0	0.000970549	
0.960097	0.0176552	0	0.00454751	0.0937919	0	0	0	0.000968729	
0.960027	0.017664	0	0.00454978	0.093391	0	0	0	0.00096693	
0.959957	0.0176727	0	0.00455204	0.0929918	0	0	0	0.000965153	
0.959887	0.0176815	0	0.00455429	0.0925944	0	0	0	0.000963398	
0.959817	0.0176902	0	0.00455652	0.0921986	0	0	0	0.000961664	
0.959747	0.0176988	0	0.00455875	0.0918046	0	0	0	0.000959951	
0.959677	0.0177074	0	0.00456097	0.0914122	0	0	0	0.00095826	
0.959608	0.017716	0	0.00456317	0.0910216	0	0	0	0.000956589	
0.959538	0.0177245	0	0.00456537	0.0906325	0	0	0	0.000954939	
0.959468	0.017733	0	0.00456755	0.0902452	0	0	0	0.000953311	
0.959398	0.0177414	0	0.00456972	0.0898595	0	0	0	0.000951703	
0.959328	0.0177498	0	0.00457188	0.0894755	0	0	0	0.000950115	
0.959258	0.0177581	0	0.00457404	0.0890931	0	0	0	0.000948548	
0.959189	0.0177665	0	0.00457618	0.0887124	0	0	0	0.000947002	
0.959119	0.0177747	0	0.00457831	0.0883332	0	0	0	0.000945476	
0.959049	0.017783	0	0.00458043	0.0879557	0	0	0	0.00094397	
0.958979	0.0177912	0	0.00458254	0.0875799	0	0	0	0.000942485	
0.95891	0.0177993	0	0.00458464	0.0872056	0	0	0	0.00094102	
0.95884	0.0178074	0	0.00458673	0.0868329	0	0	0	0.000939574	
0.95877	0.0178155	0	0.00458881	0.0864619	0	0	0	0.000938149	
0.9587	0.0178235	0	0.00459088	0.0860924	0	0	0	0.000936744	
0.95863	0.0178315	0	0.00459293	0.0857245	0	0	0	0.000935358	
0.958561	0.0178395	0	0.00459498	0.0853582	0	0	0	0.000933993	
0.958491	0.0178474	0	0.00459702	0.0849934	0	0	0	0.000932647	
0.958421	0.0178553	0	0.00459905	0.0846302	0	0	0	0.000931321	
0.958351	0.0178631	0	0.00460107	0.0842686	0	0	0	0.000930014	
0.958282	0.0178709	0	0.00460308	0.0839085	0	0	0	0.000928727	
0.958212	0.0178786	0	0.00460507	0.08355	0	0	0	0.00092746	
0.958142	0.0178864	0	0.00460706	0.0831929	0	0	0	0.000926212	
0.958073	0.0178941	0	0.00460904	0.0828375	0	0	0	0.000924984	
0.958003	0.0179017	0	0.00461101	0.0824835	0	0	0	0.000923775	
0.957933	0.0179093	0	0.00461297	0.0821311	0	0	0	0.000922585	
0.957863	0.0179169	0	0.00461492	0.0817801	0	0	0	0.000921415	
0.957794	0.0179244	0	0.00461686	0.0814307	0	0	0	0.000920264	
0.957724	0.0179319	0	0.00461879	0.0810828	0	0	0	0.000919133	
0.957654	0.0179394	0	0.00462071	0.0807363	0	0	0	0.000918021	
0.957585	0.0179468	0	0.00462262	0.0803914	0	0	0	0.000916928	
0.957515	0.0179542	0	0.00462453	0.0800479	0	0	0	0.000915854	
0.957445	0.0179615	0	0.00462642	0.0797059	0	0	0	0.0009148	
0.957376	0.0179688	0	0.0046283	0.0793653	0	0	0	0.000913764	
0.957306	0.0179761	0	0.00463018	0.0790263	0	0	0	0.000912748	
0.957236	0.0179833	0	0.00463204	0.0786886	0	0	0	0.000911752	
0.957167	0.0179905	0	0.00463389	0.0783524	0	0	0	0.000910774	
0.957097	0.0179977	0	0.00463574	0.0780177	0	0	0	0.000909816	
0.957028	0.0180048	0	0.00463758	0.0776844	0	0	0	0.000908877	
0.956958	0.0180119	0	0.00463941	0.0773525	0	0	0	0.000907957	
0.956888	0.018019	0	0.00464122	0.077022	0	0	0	0.000907057	
0.956819	0.018026	0	0.00464303	0.076693	0	0	0	0.000906176	
0.956749	0.018033	0	0.00464483	0.0763653	0	0	0	0.000905314	
0.956679	0.01804	0	0.00464662	0.0760391	0	0	0	0.000904472	
0.95661	0.0180469	0	0.00464841	0.0757143	0	0	0	0.000903649	
0.95654	0.0180538	0	0.00465018	0.0753908	0	0	0	0.000902845	
0.956471	0.0180606	0	0.00465195	0.0750687	0	0	0	0.000902061	
0.956401	0.0180674	0	0.0046537	0.0747481	0	0	0	0.000901296	
0.956332	0.0180742	0	0.00465545	0.0744288	0	0	0	0.000900551	
0.956262	0.018081	0	0.00465719	0.0741108	0	0	0	0.000899826	
0.956192	0.0180877	0	0.00465892	0.0737942	0	0	0	0.00089912	
0.956123	0.0180944	0	0.00466064	0.073479	0	0	0	0.000898434	
0.956053	0.018101	0	0.00466235	0.0731651	0	0	0	0.000897767	
0.955984	0.0181076	0	0.00466405	0.0728526	0	0	0	0.000897121	
0.955914	0.0181142	0	0.00466575	0.0725414	0	0	0	0.000896494	
0.955845	0.0181208	0	0.00466743	0.0722315	0	0	0	0.000895887	
0.955775	0.0181273	0	0.00466911	0.071923	0	0	0	0.000895301	
0.955706	0.0181337	0	0.00467078	0.0716158	0	0	0	0.000894734	
0.955636	0.0181402	0	0.00467244	0.0713099	0	0	0	0.000894188	
0.955567	0.0181466	0	0.0046741	0.0710053	0	0	0	0.000893662	
0.955497	0.018153	0	0.00467574	0.070702	0	0	0	0.000893156	
0.955428	0.0181593	0	0.00467738	0.0704001	0	0	0	0.000892671	
0.955358	0.0181657	0	0.004679	0.0700994	0	0	0	0.000892207	
0.955289	0.018172	0	0.00468062	0.0698	0	0	0	0.000891763	
0.955219	0.0181782	0	0.00468223	0.0695019	0	0	0	0.00089134	
0.95515	0.0181844	0	0.00468384	0.069205	0	0	0	0.000890939	
0.95508	0.0181906	0	0.00468543	0.0689095	0	0	0	0.000890558	
0.955011	0.0181968	0	0.00468702	0.0686152	0	0	0	0.000890199	
0.954941	0.0182029	0	0.0046886	0.0683221	0	0	0	0.000889861	
0.954872	0.018209	0	0.00469017	0.0680303	0	0	0	0.000889544	
0.954802	0.0182151	0	0.00469173	0.0677398	0	0	0	0.000889249	
0.954733	0.0182211	0	0.00469329	0.0674505	0	0	0	0.000888977	
0.954663	0.0182271	0	0.00469483	0.0671624	0	0	0	0.000888726	
0.954594	0.0182331	0	0.00469637	0.0668756	0	0	0	0.000888497	
0.954524	0.018239	0	0.0046979	0.06659	0	0	0	0.000888291	
0.954455	0.018245	0	0.00469943	0.0663057	0	0	0	0.000888107	
0.954386	0.0182508	0	0.00470094	0.0660225	0	0	0	0.000887947	
0.954316	0.0182567	0	0.00470245	0.0657406	0	0	0	0.000887809	
0.954247	0.0182625	0	0.00470395	0.0654599	0	0	0	0.000887695	
0.954177	0.0182683	0	0.00470544	0.0651803	0	0	0	0.000887604	
0.954108	0.0182741	0	0.00470693	0.064902	0	0	0	0.000887536	
0.954039	0.0182798	0	0.00470841	0.0646249	0	0	0	0.000887493	
0.953969	0.0182855	0	0.00470988	0.0643489	0	0	0	0.000887474	
0.9539	0.0182912	0	0.00471134	0.0640742	0	0	0	0.000887479	
0.95383	0.0182969	0	0.00471279	0.0638006	0	0	0	0.00088751	
0.953761	0.0183025	0	0.00471424	0.0635281	0	0	0	0.000887565	
0.953692	0.0183081	0	0.00471568	0.0632569	0	0	0	0.000887645	
0.953622	0.0183136	0	0.00471711	0.0629868	0	0	0	0.000887752	
0.953553	0.0183192	0	0.00471854	0.0627179	0	0	0	0.000887884	
0.953484	0.0183247	0	0.00471996	0.0624501	0	0	0	0.000888043	
0.953414	0.0183301	0	0.00472137	0.0621835	0	0	0	0.000888228	
0.953345	0.0183356	0	0.00472277	0.061918	0	0	0	0.00088844	
0.953276	0.018341	0	0.00472417	0.0616536	0	0	0	0.00088868	
0.953206	0.0183464	0	0.00472555	0.0613904	0	0	0	0.000888948	
0.953137	0.0183518	0	0.00472694	0.0611283	0	0	0	0.000889244	
0.953068	0.0183571	0	0.00472831	0.0608673	0	0	0	0.000889569	
0.952998	0.0183624	0	0.00472968	0.0606075	0	0	0	0.000889923	
0.952929	0.0183677	0	0.00473104	0.0603488	0	0	0	0.000890306	
0.95286	0.0183729	0	0.00473239	0.0600911	0	0	0	0.00089072	
0.95279	0.0183782	0	0.00473374	0.0598346	0	0	0	0.000891165	
0.952721	0.0183834	0	0.00473508	0.0595792	0	0	0	0.00089164	
0.952652	0.0183885	0	0.00473641	0.0593248	0	0	0	0.000892148	
0.952583	0.0183937	0	0.00473773	0.0590716	0	0	0	0.000892688	
0.952513	0.0183988	0	0.00473905	0.0588194	0	0	0	0.000893261	
0.952444	0.0184039	0	0.00474037	0.0585684	0	0	0	0.000893868	
0.952375	0.018409	0	0.00474167	0.0583184	0	0	0	0.000894509	
0.952305	0.018414	0	0.00474297	0.0580694	0	0	0	0.000895185	
0.952236	0.018419	0	0.00474426	0.0578216	0	0	0	0.000895897	
0.952167	0.018424	0	0.00474554	0.0575748	0	0	0	0.000896646	
0.952098	0.018429	0	0.00474682	0.057329	0	0	0	0.000897433	
0.952028	0.0184339	0	0.00474809	0.0570843	0	0	0	0.000898257	
0.951959	0.0184388	0	0.00474936	0.0568407	0	0	0	0.000899121	
0.95189	0.0184437	0	0.00475062	0.0565981	0	0	0	0.000900026	
0.951821	0.0184486	0	0.00475187	0.0563565	0	0	0	0.000900972	
0.951752	0.0184534	0	0.00475311	0.056116	0	0	0	0.00090196	
0.951682	0.0184582	0	0.00475435	0.0558765	0	0	0	0.000902992	
0.951613	0.018463	0	0.00475558	0.0556381	0	0	0	0.000904069	
0.951544	0.0184677	0	0.00475681	0.0554006	0	0	0	0.000905191	
0.951475	0.0184725	0	0.00475803	0.0551642	0	0	0	0.000906362	
0.951406	0.0184772	0	0.00475924	0.0549288	0	0	0	0.000907581	
0.951336	0.0184819	0	0.00476045	0.0546944	0	0	0	0.000908851	
0.951267	0.0184865	0	0.00476165	0.054461	0	0	0	0.000910174	
0.951198	0.0184912	0	0.00476284	0.0542286	0	0	0	0.00091155	
0.951129	0.0184958	0	0.00476403	0.0539972	0	0	0	0.000912982	
0.95106	0.0185004	0	0.00476521	0.0537668	0	0	0	0.000914473	
0.950991	0.0185049	0	0.00476639	0.0535373	0	0	0	0.000916023	
0.950921	0.0185095	0	0.00476756	0.0533089	0	0	0	0.000917637	
0.950852	0.018514	0	0.00476872	0.0530815	0	0	0	0.000919315	
0.950783	0.0185185	0	0.00476988	0.052855	0	0	0	0.000921061	
0.950714	0.018523	0	0.00477103	0.0526295	0	0	0	0.000922879	
0.950645	0.0185274	0	0.00477218	0.0524049	0	0	0	0.00092477	
0.950576	0.0185318	0	0.00477331	0.0521813	0	0	0	0.000926739	
0.950507	0.0185362	0	0.00477445	0.0519587	0	0	0	0.00092879	
0.950437	0.0185406	0	0.00477558	0.051737	0	0	0	0.000930926	
0.950368	0.018545	0	0.0047767	0.0515163	0	0	0	0.000933153	
0.950299	0.0185493	0	0.00477781	0.0512965	0	0	0	0.000935475	
0.95023	0.0185536	0	0.00477892	0.0510777	0	0	0	0.000937898	
0.950161	0.0185579	0	0.00478003	0.0508598	0	0	0	0.000940428	
0.950092	0.0185622	0	0.00478113	0.0506429	0	0	0	0.000943071	
0.950023	0.0185664	0	0.00478222	0.0504268	0	0	0	0.000945836	
0.949954	0.0185706	0	0.00478331	0.0502118	0	0	0	0.00094873	
0.949885	0.0185748	0	0.00478439	0.0499976	0	0	0	0.000951764	
0.949816	0.018579	0	0.00478546	0.0497843	0	0	0	0.000954946	
0.949747	0.0185832	0	0.00478654	0.049572	0	0	0	0.000958289	
0.949678	0.0185873	0	0.0047876	0.0493606	0	0	0	0.000961806	
