1	0	0	0	1	0	0	0	1	
0.997104	1.12173e-06	0	0	0.992093	0	0	0	0.992093	
0.994227	4.43366e-06	0	0	0.984302	0	0	0	0.984302	
0.991358	9.88769e-06	0	0	0.976576	0	0	0	0.976576	
0.988498	1.74301e-05	0	0	0.968914	0	0	0	0.968914	
0.985646	2.70088e-05	0	0	0.961315	0	0	0	0.961315	
0.982803	3.8573e-05	0	0	0.953779	0	0	0	0.953779	
0.979967	5.20735e-05	0	0	0.946305	0	0	0	0.946305	
0.97714	6.74622e-05	0	0	0.938894	0	0	0	0.938894	
0.974321	8.46925e-05	0	0	0.931543	0	0	0	0.931543	
0.97151	0.000103719	0	0	0.924253	0	0	0	0.924253	
0.968707	0.000124497	0	0	0.917023	0	0	0	0.917023	
0.965912	0.000146983	0	0	0.909853	0	0	0	0.909853	
0.963126	0.000171136	0	0	0.902742	0	0	0	0.902742	
0.960347	0.000196914	0	0	0.895689	0	0	0	0.895689	
0.957576	0.000224278	0	0	0.888694	0	0	0	0.888694	
0.954814	0.000253187	0	0	0.881757	0	0	0	0.881757	
0.952059	0.000283603	0	0	0.874877	0	0	0	0.874877	
0.949312	0.00031549	0	0	0.868053	0	0	0	0.868053	
0.946573	0.00034881	0	0	0.861286	0	0	0	0.861286	
0.943842	0.000383528	0	0	0.854574	0	0	0	0.854574	
0.941119	0.000419609	0	0	0.847917	0	0	0	0.847917	
0.938404	0.000457018	0	0	0.841314	0	0	0	0.841314	
0.935697	0.000495722	0	0	0.834766	0	0	0	0.834766	
0.932997	0.000535689	0	0	0.828271	0	0	0	0.828271	
0.930306	0.000576886	0	0	0.821829	0	0	0	0.821829	
0.927622	0.000619281	0	0	0.81544	0	0	0	0.81544	
0.924945	0.000662844	0	0	0.809103	0	0	0	0.809103	
0.922277	0.000707545	0	0	0.802818	0	0	0	0.802818	
0.919616	0.000753355	0	0	0.796585	0	0	0	0.796585	
0.916963	0.000800244	0	0	0.790402	0	0	0	0.790402	
0.914317	0.000848183	0	0	0.78427	0	0	0	0.78427	
0.91168	0.000897146	0	0	0.778187	0	0	0	0.778187	
0.909049	0.000947104	0	0	0.772155	0	0	0	0.772155	
0.906427	0.000998032	0	0	0.766171	0	0	0	0.766171	
0.903812	0.0010499	0	0	0.760236	0	0	0	0.760236	
0.901204	0.00110269	0	0	0.75435	0	0	0	0.75435	
0.898604	0.00115637	0	0	0.748511	0	0	0	0.748511	
0.896011	0.00121091	0	0	0.74272	0	0	0	0.74272	
0.893426	0.0012663	0	0	0.736976	0	0	0	0.736976	
0.890849	0.00132251	0	0	0.731278	0	0	0	0.731278	
0.888279	0.00137951	0	0	0.725627	0	0	0	0.725627	
0.885716	0.00143729	0	0	0.720022	0	0	0	0.720022	
0.883161	0.00149582	0	0	0.714462	0	0	0	0.714462	
0.880613	0.00155507	0	0	0.708947	0	0	0	0.708947	
0.878072	0.00161503	0	0	0.703477	0	0	0	0.703477	
0.875539	0.00167568	0	0	0.698052	0	0	0	0.698052	
0.873013	0.00173699	0	0	0.69267	0	0	0	0.69267	
0.870494	0.00179894	0	0	0.687332	0	0	0	0.687332	
0.867983	0.00186151	0	0	0.682037	0	0	0	0.682037	
0.865478	0.00192469	0	0	0.676785	0	0	0	0.676785	
0.862981	0.00198846	0	0	0.671575	0	0	0	0.671575	
0.860492	0.00205279	0	0	0.666407	0	0	0	0.666407	
0.858009	0.00211766	0	0	0.661282	0	0	0	0.661282	
0.855534	0.00218307	0	0	0.656197	0	0	0	0.656197	
0.853065	0.00224898	0	0	0.651154	0	0	0	0.651154	
0.850604	0.00231538	0	0	0.646151	0	0	0	0.646151	
0.84815	0.00238226	0	0	0.641189	0	0	0	0.641189	
0.845703	0.0024496	0	0	0.636267	0	0	0	0.636267	
0.843263	0.00251738	0	0	0.631384	0	0	0	0.631384	
0.840831	0.00258558	0	0	0.626541	0	0	0	0.626541	
0.838405	0.00265419	0	0	0.621737	0	0	0	0.621737	
0.835986	0.00272319	0	0	0.616971	0	0	0	0.616971	
0.833574	0.00279257	0	0	0.612244	0	0	0	0.612244	
0.831169	0.00286231	0	0	0.607555	0	0	0	0.607555	
0.828771	0.00293239	0	0	0.602903	0	0	0	0.602903	
0.82638	0.00300281	0	0	0.598289	0	0	0	0.598289	
0.823996	0.00307354	0	0	0.593712	0	0	0	0.593712	
0.821619	0.00314458	0	0	0.589172	0	0	0	0.589172	
0.819248	0.0032159	0	0	0.584668	0	0	0	0.584668	
0.816885	0.0032875	0	0	0.5802	0	0	0	0.5802	
0.814528	0.00335936	0	0	0.575769	0	0	0	0.575769	
0.812178	0.00343147	0	0	0.571372	0	0	0	0.571372	
0.809835	0.00350381	0	0	0.567011	0	0	0	0.567011	
0.807498	0.00357638	0	0	0.562685	0	0	0	0.562685	
0.805169	0.00364915	0	0	0.558394	0	0	0	0.558394	
0.802846	0.00372212	0	0	0.554137	0	0	0	0.554137	
0.800529	0.00379528	0	0	0.549914	0	0	0	0.549914	
0.79822	0.00386861	0	0	0.545724	0	0	0	0.545724	
0.795917	0.0039421	0	0	0.541569	0	0	0	0.541569	
0.793621	0.00401574	0	0	0.537446	0	0	0	0.537446	
0.791331	0.00408952	0	0	0.533357	0	0	0	0.533357	
0.789048	0.00416343	0	0	0.5293	0	0	0	0.5293	
0.786772	0.00423745	0	0	0.525275	0	0	0	0.525275	
0.784502	0.00431158	0	0	0.521283	0	0	0	0.521283	
0.782238	0.00438581	0	0	0.517322	0	0	0	0.517322	
0.779981	0.00446012	0	0	0.513393	0	0	0	0.513393	
0.777731	0.0045345	0	0	0.509496	0	0	0	0.509496	
0.775487	0.00460896	0	0	0.505629	0	0	0	0.505629	
0.77325	0.00468346	0	0	0.501794	0	0	0	0.501794	
0.771019	0.00475802	0	0	0.497988	0	0	0	0.497988	
0.768795	0.00483261	0	0	0.494214	0	0	0	0.494214	
0.766577	0.00490723	0	0	0.490469	0	0	0	0.490469	
0.764365	0.00498187	0	0	0.486754	0	0	0	0.486754	
0.76216	0.00505651	0	0	0.483068	0	0	0	0.483068	
0.759961	0.00513116	0	0	0.479412	0	0	0	0.479412	
0.757768	0.00520581	0	0	0.475785	0	0	0	0.475785	
0.755582	0.00528043	0	0	0.472187	0	0	0	0.472187	
0.753402	0.00535504	0	0	0.468617	0	0	0	0.468617	
0.751229	0.00542961	0	0	0.465076	0	0	0	0.465076	
0.749061	0.00550414	0	0	0.461562	0	0	0	0.461562	
0.7469	0.00557863	0	0	0.458077	0	0	0	0.458077	
0.744745	0.00565306	0	0	0.454619	0	0	0	0.454619	
0.742597	0.00572743	0	0	0.451189	0	0	0	0.451189	
0.740454	0.00580173	0	0	0.447786	0	0	0	0.447786	
0.738318	0.00587596	0	0	0.444409	0	0	0	0.444409	
0.736188	0.0059501	0	0	0.44106	0	0	0	0.44106	
0.734064	0.00602415	0	0	0.437737	0	0	0	0.437737	
0.731946	0.0060981	0	0	0.43444	0	0	0	0.43444	
0.729835	0.00617196	0	0	0.43117	0	0	0	0.43117	
0.727729	0.0062457	0	0	0.427925	0	0	0	0.427925	
0.725629	0.00631933	0	0	0.424706	0	0	0	0.424706	
0.723536	0.00639283	0	0	0.421512	0	0	0	0.421512	
0.721449	0.00646621	0	0	0.418344	0	0	0	0.418344	
0.719367	0.00653945	0	0	0.4152	0	0	0	0.4152	
0.717292	0.00661256	0	0	0.412082	0	0	0	0.412082	
0.715222	0.00668551	0	0	0.408988	0	0	0	0.408988	
0.713159	0.00675832	0	0	0.405918	0	0	0	0.405918	
0.711101	0.00683097	0	0	0.402873	0	0	0	0.402873	
0.70905	0.00690346	0	0	0.399851	0	0	0	0.399851	
0.707004	0.00697579	0	0	0.396854	0	0	0	0.396854	
0.704964	0.00704794	0	0	0.39388	0	0	0	0.39388	
0.70293	0.00711992	0	0	0.390929	0	0	0	0.390929	
0.700902	0.00719171	0	0	0.388002	0	0	0	0.388002	
0.69888	0.00726332	0	0	0.385098	0	0	0	0.385098	
0.696864	0.00733474	0	0	0.382216	0	0	0	0.382216	
0.694854	0.00740597	0	0	0.379358	0	0	0	0.379358	
0.692849	0.00747699	0	0	0.376521	0	0	0	0.376521	
0.69085	0.00754781	0	0	0.373707	0	0	0	0.373707	
0.688857	0.00761842	0	0	0.370916	0	0	0	0.370916	
0.686869	0.00768882	0	0	0.368146	0	0	0	0.368146	
0.684888	0.00775901	0	0	0.365397	0	0	0	0.365397	
0.682912	0.00782897	0	0	0.362671	0	0	0	0.362671	
0.680942	0.00789872	0	0	0.359966	0	0	0	0.359966	
0.678977	0.00796823	0	0	0.357282	0	0	0	0.357282	
0.677018	0.00803751	0	0	0.354619	0	0	0	0.354619	
0.675065	0.00810656	0	0	0.351976	0	0	0	0.351976	
0.673117	0.00817537	0	0	0.349355	0	0	0	0.349355	
0.671175	0.00824395	0	0	0.346754	0	0	0	0.346754	
0.669239	0.00831227	0	0	0.344174	0	0	0	0.344174	
0.667308	0.00838035	0	0	0.341613	0	0	0	0.341613	
0.665383	0.00844818	0	0	0.339073	0	0	0	0.339073	
0.663463	0.00851575	0	0	0.336553	0	0	0	0.336553	
0.661549	0.00858307	0	0	0.334052	0	0	0	0.334052	
0.65964	0.00865013	0	0	0.331571	0	0	0	0.331571	
0.657737	0.00871693	0	0	0.329109	0	0	0	0.329109	
0.65584	0.00878346	0	0	0.326667	0	0	0	0.326667	
0.653948	0.00884973	0	0	0.324243	0	0	0	0.324243	
0.652061	0.00891572	0	0	0.321839	0	0	0	0.321839	
0.65018	0.00898145	0	0	0.319453	0	0	0	0.319453	
0.648304	0.0090469	0	0	0.317086	0	0	0	0.317086	
0.646434	0.00911207	0	0	0.314737	0	0	0	0.314737	
0.644569	0.00917696	0	0	0.312407	0	0	0	0.312407	
0.642709	0.00924158	0	0	0.310094	0	0	0	0.310094	
0.640855	0.00930591	0	0	0.3078	0	0	0	0.3078	
0.639006	0.00936995	0	0	0.305524	0	0	0	0.305524	
0.637162	0.00943371	0	0	0.303265	0	0	0	0.303265	
0.635324	0.00949719	0	0	0.301024	0	0	0	0.301024	
0.633491	0.00956037	0	0	0.298801	0	0	0	0.298801	
0.631663	0.00962326	0	0	0.296595	0	0	0	0.296595	
0.629841	0.00968585	0	0	0.294405	0	0	0	0.294405	
0.628024	0.00974816	0	0	0.292233	0	0	0	0.292233	
0.626212	0.00981016	0	0	0.290078	0	0	0	0.290078	
0.624405	0.00987187	0	0	0.28794	0	0	0	0.28794	
0.622604	0.00993328	0	0	0.285818	0	0	0	0.285818	
0.620808	0.00999439	0	0	0.283713	0	0	0	0.283713	
0.619016	0.0100552	0	0	0.281624	0	0	0	0.281624	
0.617231	0.0101157	0	0	0.279551	0	0	0	0.279551	
0.61545	0.0101759	0	0	0.277494	0	0	0	0.277494	
0.613674	0.0102358	0	0	0.275453	0	0	0	0.275453	
0.611904	0.0102954	0	0	0.273429	0	0	0	0.273429	
0.610138	0.0103547	0	0	0.271419	0	0	0	0.271419	
0.608378	0.0104137	0	0	0.269426	0	0	0	0.269426	
0.606623	0.0104723	0	0	0.267448	0	0	0	0.267448	
0.604873	0.0105307	0	0	0.265485	0	0	0	0.265485	
0.603128	0.0105888	0	0	0.263537	0	0	0	0.263537	
0.601388	0.0106465	0	0	0.261605	0	0	0	0.261605	
0.599653	0.0107039	0	0	0.259687	0	0	0	0.259687	
0.597923	0.0107611	0	0	0.257784	0	0	0	0.257784	
0.596197	0.0108179	0	0	0.255896	0	0	0	0.255896	
0.594477	0.0108744	0	0	0.254023	0	0	0	0.254023	
0.592762	0.0109306	0	0	0.252164	0	0	0	0.252164	
0.591052	0.0109865	0	0	0.250319	0	0	0	0.250319	
0.589347	0.0110421	0	0	0.248489	0	0	0	0.248489	
0.587647	0.0110973	0	0	0.246673	0	0	0	0.246673	
0.585951	0.0111523	0	0	0.244871	0	0	0	0.244871	
0.584261	0.0112069	0	0	0.243083	0	0	0	0.243083	
0.582575	0.0112613	0	0	0.241308	0	0	0	0.241308	
0.580894	0.0113153	0	0	0.239548	0	0	0	0.239548	
0.579218	0.011369	0	0	0.2378	0	0	0	0.2378	
0.577547	0.0114225	0	0	0.236067	0	0	0	0.236067	
0.575881	0.0114756	0	0	0.234347	0	0	0	0.234347	
0.57422	0.0115284	0	0	0.23264	0	0	0	0.23264	
0.572563	0.0115809	0	0	0.230946	0	0	0	0.230946	
0.570911	0.0116331	0	0	0.229265	0	0	0	0.229265	
0.569264	0.011685	0	0	0.227598	0	0	0	0.227598	
0.567622	0.0117366	0	0	0.225943	0	0	0	0.225943	
0.565984	0.0117879	0	0	0.224301	0	0	0	0.224301	
0.564351	0.0118389	0	0	0.222671	0	0	0	0.222671	
0.562723	0.0118896	0	0	0.221055	0	0	0	0.221055	
0.561099	0.01194	0	0	0.21945	0	0	0	0.21945	
