1	0	0	0	1	0	0	0	1	
0.999993	1.65904e-06	0	5.51784e-08	0.99073	0	0	0	0.98868	
0.999986	6.49351e-06	0	2.16231e-07	0.98164	0	0	0	0.977613	
0.999979	1.43416e-05	0	4.77519e-07	0.972638	0	0	0	0.966674	
0.999972	2.50401e-05	0	8.33619e-07	0.963723	0	0	0	0.955863	
0.999965	3.84391e-05	0	1.27954e-06	0.954894	0	0	0	0.945176	
0.999958	5.44003e-05	0	1.81068e-06	0.94615	0	0	0	0.934614	
0.999951	7.27957e-05	0	2.42279e-06	0.93749	0	0	0	0.924174	
0.999945	9.35064e-05	0	3.11191e-06	0.928913	0	0	0	0.913854	
0.999938	0.000116422	0	3.87436e-06	0.920419	0	0	0	0.903653	
0.999931	0.000141439	0	4.70671e-06	0.912006	0	0	0	0.89357	
0.999925	0.00016846	0	5.60572e-06	0.903673	0	0	0	0.883604	
0.999918	0.000197395	0	6.5684e-06	0.89542	0	0	0	0.873751	
0.999912	0.000228159	0	7.59188e-06	0.887245	0	0	0	0.864012	
0.999905	0.00026067	0	8.6735e-06	0.879148	0	0	0	0.854385	
0.999899	0.000294853	0	9.81071e-06	0.871129	0	0	0	0.844869	
0.999893	0.000330635	0	1.10011e-05	0.863185	0	0	0	0.835461	
0.999886	0.000367948	0	1.22425e-05	0.855316	0	0	0	0.826161	
0.99988	0.000406728	0	1.35326e-05	0.847523	0	0	0	0.816968	
0.999874	0.000446911	0	1.48694e-05	0.839802	0	0	0	0.80788	
0.999867	0.00048844	0	1.62509e-05	0.832155	0	0	0	0.798896	
0.999861	0.000531259	0	1.76754e-05	0.824581	0	0	0	0.790014	
0.999855	0.000575312	0	1.91409e-05	0.817077	0	0	0	0.781234	
0.999849	0.000620549	0	2.06458e-05	0.809645	0	0	0	0.772554	
0.999843	0.000666921	0	2.21884e-05	0.802282	0	0	0	0.763973	
0.999837	0.00071438	0	2.37672e-05	0.794989	0	0	0	0.75549	
0.999831	0.000762881	0	2.53807e-05	0.787764	0	0	0	0.747104	
0.999825	0.000812381	0	2.70273e-05	0.780607	0	0	0	0.738813	
0.999819	0.000862837	0	2.87058e-05	0.773518	0	0	0	0.730616	
0.999813	0.00091421	0	3.04148e-05	0.766495	0	0	0	0.722513	
0.999807	0.00096646	0	3.2153e-05	0.759537	0	0	0	0.714502	
0.999801	0.00101955	0	3.39191e-05	0.752645	0	0	0	0.706582	
0.999796	0.00107345	0	3.57119e-05	0.745818	0	0	0	0.698751	
0.99979	0.00112811	0	3.75304e-05	0.739055	0	0	0	0.69101	
0.999784	0.00118351	0	3.93733e-05	0.732354	0	0	0	0.683357	
0.999778	0.00123962	0	4.12396e-05	0.725717	0	0	0	0.67579	
0.999773	0.00129639	0	4.31283e-05	0.719141	0	0	0	0.668309	
0.999767	0.00135381	0	4.50384e-05	0.712627	0	0	0	0.660913	
0.999761	0.00141184	0	4.69689e-05	0.706173	0	0	0	0.653601	
0.999755	0.00147046	0	4.89188e-05	0.69978	0	0	0	0.646371	
0.99975	0.00152964	0	5.08872e-05	0.693446	0	0	0	0.639224	
0.999744	0.00158934	0	5.28733e-05	0.687171	0	0	0	0.632157	
0.999739	0.00164955	0	5.48763e-05	0.680955	0	0	0	0.62517	
0.999733	0.00171024	0	5.68952e-05	0.674797	0	0	0	0.618262	
0.999728	0.00177139	0	5.89293e-05	0.668695	0	0	0	0.611433	
0.999722	0.00183298	0	6.09779e-05	0.662651	0	0	0	0.60468	
0.999717	0.00189497	0	6.30401e-05	0.656663	0	0	0	0.598004	
0.999711	0.00195735	0	6.51153e-05	0.65073	0	0	0	0.591403	
0.999706	0.00202011	0	6.72027e-05	0.644852	0	0	0	0.584876	
0.9997	0.0020832	0	6.93017e-05	0.639029	0	0	0	0.578424	
0.999695	0.00214663	0	7.14115e-05	0.63326	0	0	0	0.572044	
0.999689	0.00221037	0	7.35317e-05	0.627544	0	0	0	0.565735	
0.999684	0.00227439	0	7.56614e-05	0.621881	0	0	0	0.559498	
0.999679	0.00233869	0	7.78002e-05	0.616271	0	0	0	0.553332	
0.999673	0.00240324	0	7.99475e-05	0.610712	0	0	0	0.547234	
0.999668	0.00246802	0	8.21026e-05	0.605205	0	0	0	0.541206	
0.999663	0.00253303	0	8.4265e-05	0.599749	0	0	0	0.535245	
0.999657	0.00259824	0	8.64343e-05	0.594343	0	0	0	0.529351	
0.999652	0.00266364	0	8.86098e-05	0.588988	0	0	0	0.523523	
0.999647	0.00272922	0	9.07911e-05	0.583681	0	0	0	0.517761	
0.999642	0.00279495	0	9.29776e-05	0.578424	0	0	0	0.512064	
0.999636	0.00286083	0	9.5169e-05	0.573215	0	0	0	0.506431	
0.999631	0.00292684	0	9.73647e-05	0.568054	0	0	0	0.500861	
0.999626	0.00299296	0	9.95643e-05	0.562941	0	0	0	0.495354	
0.999621	0.00305919	0	0.000101767	0.557875	0	0	0	0.489908	
0.999616	0.00312551	0	0.000103973	0.552855	0	0	0	0.484524	
0.999611	0.00319191	0	0.000106182	0.547882	0	0	0	0.4792	
0.999605	0.00325837	0	0.000108393	0.542955	0	0	0	0.473935	
0.9996	0.00332489	0	0.000110606	0.538073	0	0	0	0.46873	
0.999595	0.00339146	0	0.00011282	0.533235	0	0	0	0.463583	
0.99959	0.00345806	0	0.000115035	0.528443	0	0	0	0.458494	
0.999585	0.00352468	0	0.000117251	0.523694	0	0	0	0.453462	
0.99958	0.00359131	0	0.000119468	0.518989	0	0	0	0.448486	
0.999575	0.00365795	0	0.000121685	0.514327	0	0	0	0.443566	
0.99957	0.00372457	0	0.000123901	0.509708	0	0	0	0.438701	
0.999565	0.00379118	0	0.000126117	0.505131	0	0	0	0.43389	
0.99956	0.00385777	0	0.000128331	0.500597	0	0	0	0.429133	
0.999555	0.00392432	0	0.000130545	0.496103	0	0	0	0.424429	
0.99955	0.00399082	0	0.000132757	0.491652	0	0	0	0.419778	
0.999545	0.00405727	0	0.000134968	0.48724	0	0	0	0.415179	
0.99954	0.00412367	0	0.000137176	0.48287	0	0	0	0.410632	
0.999535	0.00418999	0	0.000139383	0.478539	0	0	0	0.406135	
0.99953	0.00425624	0	0.000141586	0.474248	0	0	0	0.401688	
0.999525	0.00432241	0	0.000143787	0.469996	0	0	0	0.397291	
0.99952	0.00438848	0	0.000145985	0.465783	0	0	0	0.392943	
0.999515	0.00445446	0	0.00014818	0.461609	0	0	0	0.388644	
0.99951	0.00452033	0	0.000150371	0.457473	0	0	0	0.384392	
0.999505	0.00458609	0	0.000152558	0.453375	0	0	0	0.380188	
0.999501	0.00465174	0	0.000154742	0.449314	0	0	0	0.376031	
0.999496	0.00471726	0	0.000156922	0.44529	0	0	0	0.371921	
0.999491	0.00478265	0	0.000159097	0.441303	0	0	0	0.367856	
0.999486	0.00484791	0	0.000161267	0.437352	0	0	0	0.363836	
0.999481	0.00491302	0	0.000163433	0.433438	0	0	0	0.359861	
0.999476	0.00497799	0	0.000165595	0.429559	0	0	0	0.355931	
0.999471	0.00504281	0	0.000167751	0.425716	0	0	0	0.352044	
0.999467	0.00510747	0	0.000169901	0.421907	0	0	0	0.3482	
0.999462	0.00517197	0	0.000172047	0.418134	0	0	0	0.344399	
0.999457	0.0052363	0	0.000174187	0.414394	0	0	0	0.340641	
0.999452	0.00530046	0	0.000176321	0.410689	0	0	0	0.336924	
0.999448	0.00536445	0	0.00017845	0.407018	0	0	0	0.333249	
0.999443	0.00542825	0	0.000180572	0.40338	0	0	0	0.329614	
0.999438	0.00549188	0	0.000182688	0.399775	0	0	0	0.32602	
0.999433	0.00555531	0	0.000184798	0.396203	0	0	0	0.322466	
0.999429	0.00561855	0	0.000186902	0.392663	0	0	0	0.318951	
0.999424	0.0056816	0	0.000188999	0.389156	0	0	0	0.315476	
0.999419	0.00574444	0	0.00019109	0.38568	0	0	0	0.312039	
0.999414	0.00580709	0	0.000193173	0.382236	0	0	0	0.30864	
0.99941	0.00586952	0	0.00019525	0.378824	0	0	0	0.305279	
0.999405	0.00593175	0	0.00019732	0.375442	0	0	0	0.301955	
0.9994	0.00599376	0	0.000199383	0.372091	0	0	0	0.298668	
0.999396	0.00605556	0	0.000201439	0.368771	0	0	0	0.295417	
0.999391	0.00611714	0	0.000203487	0.36548	0	0	0	0.292203	
0.999386	0.0061785	0	0.000205528	0.36222	0	0	0	0.289024	
0.999382	0.00623963	0	0.000207561	0.358989	0	0	0	0.28588	
0.999377	0.00630054	0	0.000209587	0.355788	0	0	0	0.282772	
0.999372	0.00636121	0	0.000211606	0.352615	0	0	0	0.279697	
0.999368	0.00642166	0	0.000213616	0.349472	0	0	0	0.276657	
0.999363	0.00648187	0	0.000215619	0.346356	0	0	0	0.27365	
0.999358	0.00654184	0	0.000217614	0.343269	0	0	0	0.270677	
0.999354	0.00660157	0	0.000219601	0.34021	0	0	0	0.267737	
0.999349	0.00666107	0	0.00022158	0.337179	0	0	0	0.264829	
0.999345	0.00672032	0	0.000223551	0.334175	0	0	0	0.261953	
0.99934	0.00677932	0	0.000225514	0.331199	0	0	0	0.259109	
0.999335	0.00683808	0	0.000227468	0.328249	0	0	0	0.256297	
0.999331	0.00689659	0	0.000229414	0.325326	0	0	0	0.253516	
0.999326	0.00695485	0	0.000231352	0.32243	0	0	0	0.250765	
0.999322	0.00701286	0	0.000233282	0.319559	0	0	0	0.248045	
0.999317	0.00707062	0	0.000235203	0.316715	0	0	0	0.245355	
0.999312	0.00712812	0	0.000237116	0.313897	0	0	0	0.242694	
0.999308	0.00718537	0	0.00023902	0.311103	0	0	0	0.240063	
0.999303	0.00724236	0	0.000240916	0.308336	0	0	0	0.237461	
0.999299	0.00729909	0	0.000242803	0.305593	0	0	0	0.234888	
0.999294	0.00735557	0	0.000244682	0.302875	0	0	0	0.232343	
0.99929	0.00741178	0	0.000246551	0.300181	0	0	0	0.229827	
0.999285	0.00746773	0	0.000248413	0.297512	0	0	0	0.227338	
0.999281	0.00752342	0	0.000250265	0.294867	0	0	0	0.224876	
0.999276	0.00757885	0	0.000252109	0.292246	0	0	0	0.222442	
0.999272	0.00763401	0	0.000253944	0.289648	0	0	0	0.220034	
0.999267	0.00768891	0	0.00025577	0.287074	0	0	0	0.217653	
0.999263	0.00774354	0	0.000257587	0.284523	0	0	0	0.215298	
0.999258	0.00779791	0	0.000259395	0.281995	0	0	0	0.21297	
0.999254	0.00785201	0	0.000261195	0.27949	0	0	0	0.210667	
0.999249	0.00790584	0	0.000262985	0.277008	0	0	0	0.208389	
0.999245	0.0079594	0	0.000264767	0.274548	0	0	0	0.206136	
0.99924	0.0080127	0	0.00026654	0.27211	0	0	0	0.203908	
0.999236	0.00806573	0	0.000268304	0.269694	0	0	0	0.201705	
0.999231	0.00811849	0	0.000270059	0.2673	0	0	0	0.199526	
0.999227	0.00817098	0	0.000271805	0.264927	0	0	0	0.197371	
0.999222	0.0082232	0	0.000273542	0.262576	0	0	0	0.195239	
0.999218	0.00827515	0	0.00027527	0.260246	0	0	0	0.193131	
0.999213	0.00832683	0	0.000276989	0.257936	0	0	0	0.191046	
0.999209	0.00837824	0	0.000278699	0.255648	0	0	0	0.188985	
0.999205	0.00842938	0	0.0002804	0.25338	0	0	0	0.186945	
0.9992	0.00848025	0	0.000282092	0.251133	0	0	0	0.184929	
0.999196	0.00853084	0	0.000283775	0.248906	0	0	0	0.182934	
0.999191	0.00858117	0	0.000285449	0.246699	0	0	0	0.180961	
0.999187	0.00863123	0	0.000287115	0.244512	0	0	0	0.17901	
0.999182	0.00868102	0	0.000288771	0.242344	0	0	0	0.177081	
0.999178	0.00873054	0	0.000290418	0.240196	0	0	0	0.175172	
0.999174	0.00877979	0	0.000292056	0.238067	0	0	0	0.173285	
0.999169	0.00882877	0	0.000293685	0.235958	0	0	0	0.171418	
0.999165	0.00887748	0	0.000295305	0.233867	0	0	0	0.169571	
0.99916	0.00892592	0	0.000296917	0.231795	0	0	0	0.167745	
0.999156	0.00897409	0	0.000298519	0.229742	0	0	0	0.165939	
0.999152	0.00902199	0	0.000300112	0.227707	0	0	0	0.164153	
0.999147	0.00906962	0	0.000301697	0.22569	0	0	0	0.162387	
0.999143	0.00911699	0	0.000303272	0.223692	0	0	0	0.160639	
0.999138	0.00916409	0	0.000304839	0.221711	0	0	0	0.158911	
0.999134	0.00921092	0	0.000306397	0.219748	0	0	0	0.157202	
0.99913	0.00925748	0	0.000307946	0.217803	0	0	0	0.155512	
0.999125	0.00930378	0	0.000309486	0.215875	0	0	0	0.15384	
0.999121	0.00934981	0	0.000311017	0.213965	0	0	0	0.152186	
0.999117	0.00939558	0	0.000312539	0.212071	0	0	0	0.15055	
0.999112	0.00944108	0	0.000314053	0.210195	0	0	0	0.148933	
0.999108	0.00948631	0	0.000315558	0.208336	0	0	0	0.147333	
0.999103	0.00953129	0	0.000317053	0.206493	0	0	0	0.14575	
0.999099	0.009576	0	0.000318541	0.204666	0	0	0	0.144185	
0.999095	0.00962045	0	0.000320019	0.202856	0	0	0	0.142637	
0.99909	0.00966463	0	0.000321489	0.201063	0	0	0	0.141106	
0.999086	0.00970856	0	0.00032295	0.199285	0	0	0	0.139592	
0.999082	0.00975222	0	0.000324402	0.197523	0	0	0	0.138094	
0.999077	0.00979562	0	0.000325846	0.195777	0	0	0	0.136613	
0.999073	0.00983877	0	0.000327281	0.194047	0	0	0	0.135148	
0.999069	0.00988165	0	0.000328708	0.192332	0	0	0	0.133698	
0.999064	0.00992428	0	0.000330126	0.190632	0	0	0	0.132265	
0.99906	0.00996665	0	0.000331535	0.188948	0	0	0	0.130847	
0.999056	0.0100088	0	0.000332936	0.187278	0	0	0	0.129445	
0.999051	0.0100506	0	0.000334328	0.185624	0	0	0	0.128058	
0.999047	0.0100922	0	0.000335712	0.183985	0	0	0	0.126686	
0.999043	0.0101336	0	0.000337088	0.18236	0	0	0	0.12533	
0.999039	0.0101747	0	0.000338455	0.180749	0	0	0	0.123988	
0.999034	0.0102155	0	0.000339814	0.179153	0	0	0	0.12266	
0.99903	0.0102561	0	0.000341164	0.177572	0	0	0	0.121347	
0.999026	0.0102965	0	0.000342506	0.176004	0	0	0	0.120049	
0.999021	0.0103366	0	0.00034384	0.17445	0	0	0	0.118764	
0.999017	0.0103764	0	0.000345165	0.172911	0	0	0	0.117494	
0.999013	0.010416	0	0.000346482	0.171385	0	0	0	0.116237	
0.999008	0.0104554	0	0.000347791	0.169872	0	0	0	0.114995	
0.999004	0.0104945	0	0.000349092	0.168374	0	0	0	0.113765	
0.999	0.0105333	0	0.000350384	0.166888	0	0	0	0.112549	
0.998996	0.0105719	0	0.000351669	0.165416	0	0	0	0.111347	
0.998991	0.0106103	0	0.000352945	0.163957	0	0	0	0.110157	
0.998987	0.0106484	0	0.000354213	0.162511	0	0	0	0.10898	
0.998983	0.0106863	0	0.000355474	0.161078	0	0	0	0.107816	
0.998978	0.010724	0	0.000356726	0.159658	0	0	0	0.106665	
0.998974	0.0107614	0	0.00035797	0.15825	0	0	0	0.105527	
0.99897	0.0107985	0	0.000359207	0.156855	0	0	0	0.1044	
0.998966	0.0108355	0	0.000360435	0.155472	0	0	0	0.103286	
0.998961	0.0108722	0	0.000361656	0.154102	0	0	0	0.102184	
0.998957	0.0109086	0	0.000362869	0.152744	0	0	0	0.101094	
0.998953	0.0109449	0	0.000364073	0.151398	0	0	0	0.100016	
0.998949	0.0109808	0	0.000365271	0.150064	0	0	0	0.0989499	
0.998944	0.0110166	0	0.00036646	0.148742	0	0	0	0.0978951	
0.99894	0.0110521	0	0.000367642	0.147431	0	0	0	0.0968518	
0.998936	0.0110874	0	0.000368816	0.146133	0	0	0	0.0958198	
0.998932	0.0111225	0	0.000369983	0.144845	0	0	0	0.094799	
0.998927	0.0111573	0	0.000371141	0.14357	0	0	0	0.0937893	
0.998923	0.011192	0	0.000372293	0.142306	0	0	0	0.0927906	
0.998919	0.0112263	0	0.000373437	0.141053	0	0	0	0.0918027	
0.998915	0.0112605	0	0.000374573	0.139811	0	0	0	0.0908255	
0.99891	0.0112944	0	0.000375702	0.13858	0	0	0	0.0898589	
0.998906	0.0113282	0	0.000376823	0.13736	0	0	0	0.0889028	
0.998902	0.0113616	0	0.000377937	0.136151	0	0	0	0.0879571	
0.998898	0.0113949	0	0.000379044	0.134953	0	0	0	0.0870216	
0.998893	0.011428	0	0.000380143	0.133765	0	0	0	0.0860963	
0.998889	0.0114608	0	0.000381235	0.132588	0	0	0	0.085181	
0.998885	0.0114934	0	0.00038232	0.131422	0	0	0	0.0842756	
0.998881	0.0115258	0	0.000383398	0.130265	0	0	0	0.0833801	
0.998876	0.011558	0	0.000384468	0.12912	0	0	0	0.0824942	
0.998872	0.01159	0	0.000385531	0.127984	0	0	0	0.0816179	
0.998868	0.0116217	0	0.000386588	0.126858	0	0	0	0.0807512	
0.998864	0.0116532	0	0.000387637	0.125743	0	0	0	0.0798938	
0.99886	0.0116846	0	0.000388679	0.124637	0	0	0	0.0790457	
0.998855	0.0117157	0	0.000389714	0.123541	0	0	0	0.0782067	
0.998851	0.0117466	0	0.000390742	0.122455	0	0	0	0.0773769	
0.998847	0.0117773	0	0.000391763	0.121379	0	0	0	0.076556	
0.998843	0.0118078	0	0.000392778	0.120312	0	0	0	0.075744	
0.998838	0.0118381	0	0.000393785	0.119254	0	0	0	0.0749408	
0.998834	0.0118682	0	0.000394786	0.118206	0	0	0	0.0741463	
0.99883	0.011898	0	0.00039578	0.117167	0	0	0	0.0733603	
0.998826	0.0119277	0	0.000396767	0.116138	0	0	0	0.0725829	
0.998822	0.0119572	0	0.000397747	0.115118	0	0	0	0.0718139	
0.998817	0.0119865	0	0.000398721	0.114106	0	0	0	0.0710532	
0.998813	0.0120155	0	0.000399688	0.113104	0	0	0	0.0703006	
0.998809	0.0120444	0	0.000400649	0.11211	0	0	0	0.0695563	
0.998805	0.0120731	0	0.000401603	0.111126	0	0	0	0.0688199	
0.998801	0.0121016	0	0.00040255	0.11015	0	0	0	0.0680915	
0.998796	0.0121299	0	0.000403491	0.109183	0	0	0	0.067371	
0.998792	0.012158	0	0.000404425	0.108224	0	0	0	0.0666583	
0.998788	0.0121859	0	0.000405353	0.107274	0	0	0	0.0659532	
0.998784	0.0122136	0	0.000406275	0.106332	0	0	0	0.0652558	
0.99878	0.0122411	0	0.00040719	0.105399	0	0	0	0.0645659	
0.998775	0.0122684	0	0.000408099	0.104474	0	0	0	0.0638834	
0.998771	0.0122956	0	0.000409002	0.103557	0	0	0	0.0632083	
0.998767	0.0123225	0	0.000409899	0.102648	0	0	0	0.0625404	
0.998763	0.0123493	0	0.000410789	0.101747	0	0	0	0.0618798	
0.998759	0.0123758	0	0.000411673	0.100854	0	0	0	0.0612263	
0.998755	0.0124022	0	0.000412551	0.0999697	0	0	0	0.0605798	
0.99875	0.0124285	0	0.000413423	0.0990927	0	0	0	0.0599403	
0.998746	0.0124545	0	0.000414288	0.0982234	0	0	0	0.0593077	
0.998742	0.0124803	0	0.000415148	0.0973619	0	0	0	0.0586819	
0.998738	0.012506	0	0.000416002	0.096508	0	0	0	0.0580628	
0.998734	0.0125315	0	0.00041685	0.0956617	0	0	0	0.0574504	
0.998729	0.0125568	0	0.000417692	0.0948229	0	0	0	0.0568446	
0.998725	0.0125819	0	0.000418527	0.0939915	0	0	0	0.0562453	
0.998721	0.0126069	0	0.000419358	0.0931674	0	0	0	0.0556525	
0.998717	0.0126317	0	0.000420182	0.0923507	0	0	0	0.055066	
0.998713	0.0126563	0	0.000421	0.0915411	0	0	0	0.0544859	
0.998709	0.0126807	0	0.000421813	0.0907388	0	0	0	0.053912	
0.998704	0.012705	0	0.00042262	0.0899435	0	0	0	0.0533442	
0.9987	0.012729	0	0.000423421	0.0891553	0	0	0	0.0527826	
0.998696	0.012753	0	0.000424217	0.088374	0	0	0	0.052227	
0.998692	0.0127767	0	0.000425007	0.0875997	0	0	0	0.0516774	
0.998688	0.0128003	0	0.000425791	0.0868322	0	0	0	0.0511337	
0.998684	0.0128237	0	0.00042657	0.0860715	0	0	0	0.0505958	
0.998679	0.012847	0	0.000427344	0.0853175	0	0	0	0.0500637	
0.998675	0.0128701	0	0.000428112	0.0845702	0	0	0	0.0495373	
0.998671	0.012893	0	0.000428874	0.0838295	0	0	0	0.0490166	
0.998667	0.0129157	0	0.000429631	0.0830954	0	0	0	0.0485015	
0.998663	0.0129383	0	0.000430383	0.0823677	0	0	0	0.0479918	
0.998659	0.0129608	0	0.000431129	0.0816465	0	0	0	0.0474877	
0.998654	0.012983	0	0.00043187	0.0809316	0	0	0	0.046989	
0.99865	0.0130052	0	0.000432606	0.0802231	0	0	0	0.0464956	
0.998646	0.0130271	0	0.000433336	0.0795208	0	0	0	0.0460075	
0.998642	0.0130489	0	0.000434061	0.0788247	0	0	0	0.0455247	
0.998638	0.0130706	0	0.000434781	0.0781348	0	0	0	0.045047	
0.998634	0.0130921	0	0.000435496	0.0774509	0	0	0	0.0445744	
0.99863	0.0131134	0	0.000436206	0.0767731	0	0	0	0.0441069	
0.998625	0.0131346	0	0.000436911	0.0761013	0	0	0	0.0436445	
0.998621	0.0131556	0	0.00043761	0.0754354	0	0	0	0.0431869	
0.998617	0.0131765	0	0.000438305	0.0747755	0	0	0	0.0427343	
0.998613	0.0131972	0	0.000438994	0.0741213	0	0	0	0.0422865	
0.998609	0.0132178	0	0.000439679	0.0734729	0	0	0	0.0418436	
0.998605	0.0132382	0	0.000440359	0.0728302	0	0	0	0.0414053	
0.998601	0.0132585	0	0.000441034	0.0721932	0	0	0	0.0409718	
0.998596	0.0132787	0	0.000441704	0.0715618	0	0	0	0.0405429	
0.998592	0.0132987	0	0.000442369	0.070936	0	0	0	0.0401186	
0.998588	0.0133185	0	0.000443029	0.0703157	0	0	0	0.0396988	
0.998584	0.0133382	0	0.000443684	0.0697009	0	0	0	0.0392835	
0.99858	0.0133578	0	0.000444335	0.0690915	0	0	0	0.0388727	
0.998576	0.0133772	0	0.000444981	0.0684875	0	0	0	0.0384662	
0.998572	0.0133965	0	0.000445623	0.0678888	0	0	0	0.0380641	
0.998567	0.0134156	0	0.000446259	0.0672954	0	0	0	0.0376663	
0.998563	0.0134346	0	0.000446891	0.0667072	0	0	0	0.0372728	
0.998559	0.0134535	0	0.000447519	0.0661242	0	0	0	0.0368834	
0.998555	0.0134722	0	0.000448142	0.0655464	0	0	0	0.0364982	
0.998551	0.0134908	0	0.00044876	0.0649736	0	0	0	0.0361172	
0.998547	0.0135093	0	0.000449374	0.0644059	0	0	0	0.0357402	
0.998543	0.0135276	0	0.000449983	0.0638432	0	0	0	0.0353672	
0.998539	0.0135458	0	0.000450588	0.0632855	0	0	0	0.0349982	
0.998534	0.0135638	0	0.000451189	0.0627326	0	0	0	0.0346332	
0.99853	0.0135818	0	0.000451785	0.0621847	0	0	0	0.034272	
0.998526	0.0135995	0	0.000452377	0.0616416	0	0	0	0.0339147	
0.998522	0.0136172	0	0.000452964	0.0611032	0	0	0	0.0335612	
0.998518	0.0136347	0	0.000453548	0.0605696	0	0	0	0.0332115	
0.998514	0.0136521	0	0.000454127	0.0600407	0	0	0	0.0328655	
0.99851	0.0136694	0	0.000454701	0.0595165	0	0	0	0.0325232	
0.998505	0.0136866	0	0.000455272	0.0589968	0	0	0	0.0321846	
0.998501	0.0137036	0	0.000455838	0.0584818	0	0	0	0.0318495	
0.998497	0.0137205	0	0.0004564	0.0579712	0	0	0	0.0315181	
0.998493	0.0137373	0	0.000456958	0.0574652	0	0	0	0.0311901	
0.998489	0.0137539	0	0.000457512	0.0569637	0	0	0	0.0308657	
0.998485	0.0137705	0	0.000458062	0.0564665	0	0	0	0.0305447	
0.998481	0.0137869	0	0.000458607	0.0559737	0	0	0	0.0302271	
0.998477	0.0138031	0	0.000459149	0.0554853	0	0	0	0.0299129	
0.998473	0.0138193	0	0.000459687	0.0550011	0	0	0	0.0296021	
0.998468	0.0138354	0	0.000460221	0.0545212	0	0	0	0.0292946	
0.998464	0.0138513	0	0.000460751	0.0540456	0	0	0	0.0289903	
0.99846	0.0138671	0	0.000461276	0.0535741	0	0	0	0.0286893	
0.998456	0.0138828	0	0.000461798	0.0531068	0	0	0	0.0283915	
0.998452	0.0138984	0	0.000462317	0.0526436	0	0	0	0.0280968	
0.998448	0.0139138	0	0.000462831	0.0521844	0	0	0	0.0278053	
0.998444	0.0139292	0	0.000463341	0.0517293	0	0	0	0.0275169	
0.99844	0.0139444	0	0.000463848	0.0512782	0	0	0	0.0272315	
0.998435	0.0139595	0	0.000464351	0.0508311	0	0	0	0.0269492	
0.998431	0.0139745	0	0.00046485	0.0503878	0	0	0	0.0266699	
0.998427	0.0139894	0	0.000465346	0.0499485	0	0	0	0.0263935	
0.998423	0.0140042	0	0.000465838	0.0495131	0	0	0	0.0261201	
0.998419	0.0140189	0	0.000466326	0.0490815	0	0	0	0.0258496	
0.998415	0.0140335	0	0.000466811	0.0486536	0	0	0	0.025582	
0.998411	0.0140479	0	0.000467292	0.0482296	0	0	0	0.0253172	
0.998407	0.0140623	0	0.000467769	0.0478092	0	0	0	0.0250552	
0.998403	0.0140765	0	0.000468243	0.0473926	0	0	0	0.024796	
0.998398	0.0140907	0	0.000468713	0.0469796	0	0	0	0.0245395	
0.998394	0.0141047	0	0.00046918	0.0465702	0	0	0	0.0242858	
0.99839	0.0141186	0	0.000469643	0.0461645	0	0	0	0.0240348	
0.998386	0.0141325	0	0.000470103	0.0457623	0	0	0	0.0237864	
0.998382	0.0141462	0	0.00047056	0.0453636	0	0	0	0.0235406	
0.998378	0.0141598	0	0.000471013	0.0449684	0	0	0	0.0232975	
0.998374	0.0141733	0	0.000471462	0.0445767	0	0	0	0.0230569	
0.99837	0.0141867	0	0.000471909	0.0441885	0	0	0	0.0228189	
0.998366	0.0142001	0	0.000472352	0.0438036	0	0	0	0.0225834	
0.998361	0.0142133	0	0.000472791	0.0434221	0	0	0	0.0223505	
0.998357	0.0142264	0	0.000473228	0.043044	0	0	0	0.0221199	
0.998353	0.0142394	0	0.000473661	0.0426692	0	0	0	0.0218918	
0.998349	0.0142523	0	0.00047409	0.0422977	0	0	0	0.0216662	
0.998345	0.0142652	0	0.000474517	0.0419295	0	0	0	0.0214429	
0.998341	0.0142779	0	0.00047494	0.0415644	0	0	0	0.021222	
0.998337	0.0142905	0	0.000475361	0.0412026	0	0	0	0.0210034	
0.998333	0.0143031	0	0.000475778	0.040844	0	0	0	0.0207871	
0.998329	0.0143155	0	0.000476192	0.0404885	0	0	0	0.0205732	
0.998325	0.0143279	0	0.000476603	0.0401361	0	0	0	0.0203614	
0.99832	0.0143401	0	0.00047701	0.0397868	0	0	0	0.020152	
0.998316	0.0143523	0	0.000477415	0.0394406	0	0	0	0.0199447	
0.998312	0.0143643	0	0.000477817	0.0390974	0	0	0	0.0197396	
0.998308	0.0143763	0	0.000478215	0.0387572	0	0	0	0.0195367	
0.998304	0.0143882	0	0.000478611	0.0384201	0	0	0	0.019336	
0.9983	0.0144	0	0.000479003	0.0380858	0	0	0	0.0191374	
0.998296	0.0144117	0	0.000479393	0.0377545	0	0	0	0.0189408	
0.998292	0.0144234	0	0.00047978	0.0374261	0	0	0	0.0187464	
0.998288	0.0144349	0	0.000480163	0.0371006	0	0	0	0.018554	
0.998284	0.0144464	0	0.000480544	0.0367779	0	0	0	0.0183636	
0.99828	0.0144577	0	0.000480922	0.0364581	0	0	0	0.0181752	
0.998275	0.014469	0	0.000481298	0.036141	0	0	0	0.0179888	
0.998271	0.0144802	0	0.00048167	0.0358268	0	0	0	0.0178044	
0.998267	0.0144913	0	0.000482039	0.0355153	0	0	0	0.017622	
0.998263	0.0145023	0	0.000482406	0.0352065	0	0	0	0.0174414	
0.998259	0.0145133	0	0.00048277	0.0349004	0	0	0	0.0172628	
0.998255	0.0145241	0	0.000483131	0.0345971	0	0	0	0.017086	
0.998251	0.0145349	0	0.00048349	0.0342963	0	0	0	0.0169112	
0.998247	0.0145456	0	0.000483845	0.0339982	0	0	0	0.0167381	
0.998243	0.0145562	0	0.000484198	0.0337027	0	0	0	0.0165669	
0.998239	0.0145667	0	0.000484549	0.0334099	0	0	0	0.0163975	
0.998234	0.0145772	0	0.000484897	0.0331195	0	0	0	0.0162299	
0.99823	0.0145876	0	0.000485242	0.0328317	0	0	0	0.016064	
0.998226	0.0145979	0	0.000485584	0.0325465	0	0	0	0.0158999	
0.998222	0.0146081	0	0.000485924	0.0322637	0	0	0	0.0157375	
0.998218	0.0146182	0	0.000486261	0.0319834	0	0	0	0.0155768	
0.998214	0.0146283	0	0.000486596	0.0317056	0	0	0	0.0154178	
0.99821	0.0146383	0	0.000486928	0.0314301	0	0	0	0.0152605	
0.998206	0.0146482	0	0.000487258	0.0311571	0	0	0	0.0151049	
0.998202	0.014658	0	0.000487585	0.0308865	0	0	0	0.0149508	
0.998198	0.0146678	0	0.000487909	0.0306183	0	0	0	0.0147984	
0.998194	0.0146775	0	0.000488232	0.0303524	0	0	0	0.0146476	
0.99819	0.0146871	0	0.000488551	0.0300888	0	0	0	0.0144984	
0.998185	0.0146966	0	0.000488869	0.0298276	0	0	0	0.0143508	
0.998181	0.0147061	0	0.000489183	0.0295686	0	0	0	0.0142047	
0.998177	0.0147155	0	0.000489496	0.0293119	0	0	0	0.0140601	
0.998173	0.0147248	0	0.000489806	0.0290574	0	0	0	0.0139171	
0.998169	0.014734	0	0.000490114	0.0288052	0	0	0	0.0137756	
0.998165	0.0147432	0	0.000490419	0.0285552	0	0	0	0.0136355	
0.998161	0.0147523	0	0.000490722	0.0283073	0	0	0	0.0134969	
0.998157	0.0147614	0	0.000491023	0.0280616	0	0	0	0.0133598	
0.998153	0.0147703	0	0.000491321	0.0278181	0	0	0	0.0132241	
0.998149	0.0147792	0	0.000491617	0.0275767	0	0	0	0.0130899	
0.998145	0.0147881	0	0.000491911	0.0273374	0	0	0	0.012957	
0.99814	0.0147968	0	0.000492203	0.0271002	0	0	0	0.0128256	
0.998136	0.0148055	0	0.000492492	0.0268651	0	0	0	0.0126955	
0.998132	0.0148142	0	0.000492779	0.026632	0	0	0	0.0125668	
0.998128	0.0148228	0	0.000493064	0.026401	0	0	0	0.0124394	
0.998124	0.0148313	0	0.000493347	0.026172	0	0	0	0.0123134	
0.99812	0.0148397	0	0.000493628	0.025945	0	0	0	0.0121887	
0.998116	0.0148481	0	0.000493906	0.02572	0	0	0	0.0120653	
0.998112	0.0148564	0	0.000494183	0.0254969	0	0	0	0.0119432	
0.998108	0.0148646	0	0.000494457	0.0252758	0	0	0	0.0118224	
0.998104	0.0148728	0	0.000494729	0.0250566	0	0	0	0.0117028	
0.9981	0.0148809	0	0.000494999	0.0248394	0	0	0	0.0115845	
0.998096	0.014889	0	0.000495267	0.024624	0	0	0	0.0114675	
0.998092	0.014897	0	0.000495533	0.0244105	0	0	0	0.0113516	
0.998087	0.0149049	0	0.000495797	0.0241989	0	0	0	0.011237	
0.998083	0.0149128	0	0.000496059	0.0239891	0	0	0	0.0111236	
0.998079	0.0149206	0	0.000496319	0.0237812	0	0	0	0.0110113	
0.998075	0.0149283	0	0.000496576	0.0235751	0	0	0	0.0109003	
0.998071	0.014936	0	0.000496832	0.0233708	0	0	0	0.0107904	
0.998067	0.0149437	0	0.000497086	0.0231682	0	0	0	0.0106816	
0.998063	0.0149512	0	0.000497338	0.0229674	0	0	0	0.010574	
0.998059	0.0149587	0	0.000497588	0.0227684	0	0	0	0.0104675	
0.998055	0.0149662	0	0.000497836	0.0225711	0	0	0	0.0103621	
0.998051	0.0149736	0	0.000498082	0.0223756	0	0	0	0.0102578	
0.998047	0.014981	0	0.000498327	0.0221817	0	0	0	0.0101546	
0.998043	0.0149882	0	0.000498569	0.0219896	0	0	0	0.0100525	
0.998039	0.0149955	0	0.00049881	0.0217991	0	0	0	0.0099515	
0.998034	0.0150026	0	0.000499048	0.0216103	0	0	0	0.00985151	
0.99803	0.0150098	0	0.000499285	0.0214231	0	0	0	0.00975257	
0.998026	0.0150168	0	0.00049952	0.0212376	0	0	0	0.00965466	
0.998022	0.0150238	0	0.000499753	0.0210537	0	0	0	0.00955777	
0.998018	0.0150308	0	0.000499985	0.0208713	0	0	0	0.00946189	
0.998014	0.0150377	0	0.000500214	0.0206906	0	0	0	0.00936702	
0.99801	0.0150446	0	0.000500442	0.0205115	0	0	0	0.00927313	
0.998006	0.0150514	0	0.000500668	0.0203339	0	0	0	0.00918023	
0.998002	0.0150581	0	0.000500893	0.0201579	0	0	0	0.00908829	
0.997998	0.0150648	0	0.000501115	0.0199834	0	0	0	0.00899731	
0.997994	0.0150714	0	0.000501336	0.0198104	0	0	0	0.00890728	
0.99799	0.015078	0	0.000501555	0.0196389	0	0	0	0.00881819	
0.997986	0.0150846	0	0.000501773	0.0194689	0	0	0	0.00873003	
0.997982	0.015091	0	0.000501989	0.0193004	0	0	0	0.00864278	
0.997977	0.0150975	0	0.000502203	0.0191334	0	0	0	0.00855645	
0.997973	0.0151039	0	0.000502415	0.0189679	0	0	0	0.00847102	
0.997969	0.0151102	0	0.000502626	0.0188037	0	0	0	0.00838647	
0.997965	0.0151165	0	0.000502835	0.018641	0	0	0	0.00830281	
0.997961	0.0151227	0	0.000503043	0.0184798	0	0	0	0.00822001	
0.997957	0.0151289	0	0.000503249	0.0183199	0	0	0	0.00813808	
0.997953	0.0151351	0	0.000503453	0.0181614	0	0	0	0.008057	
0.997949	0.0151412	0	0.000503656	0.0180043	0	0	0	0.00797677	
0.997945	0.0151472	0	0.000503858	0.0178486	0	0	0	0.00789737	
0.997941	0.0151532	0	0.000504057	0.0176942	0	0	0	0.00781879	
0.997937	0.0151592	0	0.000504255	0.0175412	0	0	0	0.00774104	
0.997933	0.0151651	0	0.000504452	0.0173895	0	0	0	0.00766409	
0.997929	0.015171	0	0.000504647	0.0172392	0	0	0	0.00758794	
0.997925	0.0151768	0	0.000504841	0.0170901	0	0	0	0.00751259	
0.99792	0.0151826	0	0.000505033	0.0169423	0	0	0	0.00743802	
0.997916	0.0151883	0	0.000505223	0.0167959	0	0	0	0.00736422	
0.997912	0.015194	0	0.000505413	0.0166507	0	0	0	0.00729119	
0.997908	0.0151996	0	0.0005056	0.0165067	0	0	0	0.00721892	
0.997904	0.0152052	0	0.000505786	0.0163641	0	0	0	0.0071474	
0.9979	0.0152108	0	0.000505971	0.0162226	0	0	0	0.00707662	
0.997896	0.0152163	0	0.000506154	0.0160824	0	0	0	0.00700658	
0.997892	0.0152218	0	0.000506336	0.0159434	0	0	0	0.00693726	
0.997888	0.0152272	0	0.000506517	0.0158057	0	0	0	0.00686867	
0.997884	0.0152326	0	0.000506696	0.0156691	0	0	0	0.00680078	
0.99788	0.0152379	0	0.000506874	0.0155337	0	0	0	0.0067336	
0.997876	0.0152432	0	0.00050705	0.0153995	0	0	0	0.00666712	
0.997872	0.0152485	0	0.000507225	0.0152665	0	0	0	0.00660133	
0.997868	0.0152537	0	0.000507398	0.0151346	0	0	0	0.00653622	
0.997864	0.0152589	0	0.000507571	0.0150039	0	0	0	0.00647178	
0.997859	0.015264	0	0.000507742	0.0148743	0	0	0	0.00640802	
0.997855	0.0152691	0	0.000507911	0.0147458	0	0	0	0.00634491	
0.997851	0.0152742	0	0.000508079	0.0146185	0	0	0	0.00628246	
0.997847	0.0152792	0	0.000508246	0.0144922	0	0	0	0.00622066	
0.997843	0.0152842	0	0.000508412	0.0143671	0	0	0	0.00615949	
0.997839	0.0152891	0	0.000508576	0.014243	0	0	0	0.00609897	
0.997835	0.015294	0	0.000508739	0.01412	0	0	0	0.00603906	
0.997831	0.0152989	0	0.000508901	0.0139981	0	0	0	0.00597978	
0.997827	0.0153037	0	0.000509062	0.0138773	0	0	0	0.00592111	
0.997823	0.0153085	0	0.000509221	0.0137575	0	0	0	0.00586305	
0.997819	0.0153132	0	0.000509379	0.0136388	0	0	0	0.0058056	
0.997815	0.0153179	0	0.000509536	0.013521	0	0	0	0.00574873	
0.997811	0.0153226	0	0.000509692	0.0134043	0	0	0	0.00569246	
0.997807	0.0153273	0	0.000509846	0.0132887	0	0	0	0.00563676	
0.997803	0.0153319	0	0.000509999	0.013174	0	0	0	0.00558165	
0.997798	0.0153364	0	0.000510151	0.0130603	0	0	0	0.0055271	
0.997794	0.015341	0	0.000510302	0.0129476	0	0	0	0.00547312	
0.99779	0.0153455	0	0.000510452	0.0128359	0	0	0	0.00541969	
0.997786	0.0153499	0	0.0005106	0.0127252	0	0	0	0.00536682	
0.997782	0.0153544	0	0.000510748	0.0126154	0	0	0	0.0053145	
0.997778	0.0153588	0	0.000510894	0.0125066	0	0	0	0.00526271	
0.997774	0.0153631	0	0.000511039	0.0123987	0	0	0	0.00521146	
0.99777	0.0153675	0	0.000511183	0.0122918	0	0	0	0.00516075	
0.997766	0.0153717	0	0.000511325	0.0121858	0	0	0	0.00511055	
0.997762	0.015376	0	0.000511467	0.0120807	0	0	0	0.00506088	
0.997758	0.0153802	0	0.000511608	0.0119765	0	0	0	0.00501171	
0.997754	0.0153844	0	0.000511747	0.0118733	0	0	0	0.00496306	
0.99775	0.0153886	0	0.000511886	0.0117709	0	0	0	0.00491491	
0.997746	0.0153927	0	0.000512023	0.0116694	0	0	0	0.00486725	
0.997742	0.0153968	0	0.000512159	0.0115688	0	0	0	0.00482009	
0.997738	0.0154009	0	0.000512294	0.0114691	0	0	0	0.00477341	
0.997733	0.0154049	0	0.000512428	0.0113702	0	0	0	0.00472722	
0.997729	0.0154089	0	0.000512561	0.0112722	0	0	0	0.0046815	
0.997725	0.0154129	0	0.000512694	0.0111751	0	0	0	0.00463626	
0.997721	0.0154168	0	0.000512825	0.0110788	0	0	0	0.00459148	
0.997717	0.0154207	0	0.000512955	0.0109833	0	0	0	0.00454716	
0.997713	0.0154246	0	0.000513083	0.0108887	0	0	0	0.0045033	
0.997709	0.0154284	0	0.000513211	0.0107949	0	0	0	0.0044599	
0.997705	0.0154323	0	0.000513338	0.0107019	0	0	0	0.00441694	
0.997701	0.015436	0	0.000513464	0.0106097	0	0	0	0.00437442	
0.997697	0.0154398	0	0.000513589	0.0105183	0	0	0	0.00433234	
0.997693	0.0154435	0	0.000513713	0.0104277	0	0	0	0.0042907	
0.997689	0.0154472	0	0.000513836	0.0103379	0	0	0	0.00424948	
0.997685	0.0154509	0	0.000513958	0.0102488	0	0	0	0.0042087	
0.997681	0.0154545	0	0.00051408	0.0101606	0	0	0	0.00416833	
0.997677	0.0154582	0	0.0005142	0.0100731	0	0	0	0.00412837	
0.997673	0.0154617	0	0.000514319	0.00998633	0	0	0	0.00408883	
0.997669	0.0154653	0	0.000514437	0.00990035	0	0	0	0.0040497	
0.997664	0.0154688	0	0.000514555	0.00981512	0	0	0	0.00401097	
0.99766	0.0154723	0	0.000514671	0.00973062	0	0	0	0.00397264	
0.997656	0.0154758	0	0.000514787	0.00964686	0	0	0	0.0039347	
0.997652	0.0154792	0	0.000514901	0.00956382	0	0	0	0.00389715	
0.997648	0.0154827	0	0.000515015	0.00948151	0	0	0	0.00385999	
0.997644	0.0154861	0	0.000515128	0.0093999	0	0	0	0.00382322	
0.99764	0.0154894	0	0.00051524	0.00931901	0	0	0	0.00378682	
0.997636	0.0154928	0	0.000515351	0.00923882	0	0	0	0.00375079	
0.997632	0.0154961	0	0.000515461	0.00915932	0	0	0	0.00371514	
0.997628	0.0154994	0	0.000515571	0.00908052	0	0	0	0.00367986	
0.997624	0.0155026	0	0.000515679	0.00900239	0	0	0	0.00364493	
0.99762	0.0155059	0	0.000515787	0.00892495	0	0	0	0.00361037	
0.997616	0.0155091	0	0.000515894	0.00884818	0	0	0	0.00357616	
0.997612	0.0155123	0	0.000516	0.00877207	0	0	0	0.00354231	
0.997608	0.0155154	0	0.000516105	0.00869662	0	0	0	0.0035088	
0.997604	0.0155186	0	0.000516209	0.00862183	0	0	0	0.00347564	
0.9976	0.0155217	0	0.000516313	0.00854768	0	0	0	0.00344282	
0.997596	0.0155248	0	0.000516416	0.00847418	0	0	0	0.00341034	
0.997591	0.0155278	0	0.000516517	0.00840132	0	0	0	0.00337819	
0.997587	0.0155309	0	0.000516619	0.00832908	0	0	0	0.00334637	
0.997583	0.0155339	0	0.000516719	0.00825748	0	0	0	0.00331488	
0.997579	0.0155369	0	0.000516818	0.00818649	0	0	0	0.00328371	
0.997575	0.0155399	0	0.000516917	0.00811612	0	0	0	0.00325287	
0.997571	0.0155428	0	0.000517015	0.00804636	0	0	0	0.00322234	
0.997567	0.0155457	0	0.000517112	0.00797721	0	0	0	0.00319212	
0.997563	0.0155486	0	0.000517209	0.00790865	0	0	0	0.00316222	
0.997559	0.0155515	0	0.000517305	0.00784069	0	0	0	0.00313262	
0.997555	0.0155544	0	0.0005174	0.00777332	0	0	0	0.00310333	
0.997551	0.0155572	0	0.000517494	0.00770653	0	0	0	0.00307434	
0.997547	0.01556	0	0.000517587	0.00764032	0	0	0	0.00304564	
0.997543	0.0155628	0	0.00051768	0.00757468	0	0	0	0.00301725	
0.997539	0.0155656	0	0.000517772	0.00750961	0	0	0	0.00298914	
0.997535	0.0155683	0	0.000517863	0.00744511	0	0	0	0.00296132	
0.997531	0.015571	0	0.000517954	0.00738116	0	0	0	0.00293379	
0.997527	0.0155737	0	0.000518044	0.00731777	0	0	0	0.00290654	
0.997523	0.0155764	0	0.000518133	0.00725493	0	0	0	0.00287958	
0.997518	0.0155791	0	0.000518221	0.00719263	0	0	0	0.00285288	
0.997514	0.0155817	0	0.000518309	0.00713088	0	0	0	0.00282647	
0.99751	0.0155843	0	0.000518396	0.00706965	0	0	0	0.00280032	
0.997506	0.0155869	0	0.000518483	0.00700896	0	0	0	0.00277445	
0.997502	0.0155895	0	0.000518569	0.00694879	0	0	0	0.00274884	
0.997498	0.0155921	0	0.000518654	0.00688915	0	0	0	0.00272349	
0.997494	0.0155946	0	0.000518738	0.00683002	0	0	0	0.00269841	
0.99749	0.0155971	0	0.000518822	0.0067714	0	0	0	0.00267358	
0.997486	0.0155996	0	0.000518905	0.00671329	0	0	0	0.00264901	
0.997482	0.0156021	0	0.000518987	0.00665568	0	0	0	0.00262469	
0.997478	0.0156045	0	0.000519069	0.00659858	0	0	0	0.00260062	
0.997474	0.015607	0	0.00051915	0.00654196	0	0	0	0.0025768	
0.99747	0.0156094	0	0.000519231	0.00648584	0	0	0	0.00255322	
0.997466	0.0156118	0	0.000519311	0.0064302	0	0	0	0.00252989	
0.997462	0.0156142	0	0.00051939	0.00637505	0	0	0	0.00250679	
0.997458	0.0156166	0	0.000519469	0.00632037	0	0	0	0.00248393	
0.997454	0.0156189	0	0.000519547	0.00626616	0	0	0	0.00246131	
0.99745	0.0156212	0	0.000519624	0.00621243	0	0	0	0.00243892	
0.997446	0.0156235	0	0.000519701	0.00615916	0	0	0	0.00241677	
0.997441	0.0156258	0	0.000519777	0.00610635	0	0	0	0.00239484	
0.997437	0.0156281	0	0.000519853	0.006054	0	0	0	0.00237313	
0.997433	0.0156304	0	0.000519928	0.0060021	0	0	0	0.00235165	
0.997429	0.0156326	0	0.000520002	0.00595065	0	0	0	0.00233039	
0.997425	0.0156348	0	0.000520076	0.00589964	0	0	0	0.00230935	
0.997421	0.015637	0	0.000520149	0.00584908	0	0	0	0.00228853	
0.997417	0.0156392	0	0.000520222	0.00579895	0	0	0	0.00226792	
0.997413	0.0156414	0	0.000520294	0.00574926	0	0	0	0.00224752	
0.997409	0.0156435	0	0.000520366	0.00569999	0	0	0	0.00222733	
0.997405	0.0156457	0	0.000520437	0.00565116	0	0	0	0.00220736	
0.997401	0.0156478	0	0.000520507	0.00560274	0	0	0	0.00218758	
0.997397	0.0156499	0	0.000520577	0.00555475	0	0	0	0.00216801	
0.997393	0.015652	0	0.000520647	0.00550717	0	0	0	0.00214865	
0.997389	0.015654	0	0.000520715	0.00546	0	0	0	0.00212948	
0.997385	0.0156561	0	0.000520784	0.00541324	0	0	0	0.00211051	
0.997381	0.0156581	0	0.000520852	0.00536688	0	0	0	0.00209174	
0.997377	0.0156602	0	0.000520919	0.00532093	0	0	0	0.00207316	
0.997373	0.0156622	0	0.000520985	0.00527537	0	0	0	0.00205477	
0.997369	0.0156641	0	0.000521052	0.00523021	0	0	0	0.00203657	
0.997364	0.0156661	0	0.000521117	0.00518543	0	0	0	0.00201856	
0.99736	0.0156681	0	0.000521182	0.00514105	0	0	0	0.00200074	
0.997356	0.01567	0	0.000521247	0.00509704	0	0	0	0.0019831	
0.997352	0.015672	0	0.000521311	0.00505342	0	0	0	0.00196564	
0.997348	0.0156739	0	0.000521375	0.00501018	0	0	0	0.00194836	
0.997344	0.0156758	0	0.000521438	0.00496731	0	0	0	0.00193127	
0.99734	0.0156776	0	0.000521501	0.00492481	0	0	0	0.00191435	
0.997336	0.0156795	0	0.000521563	0.00488267	0	0	0	0.0018976	
0.997332	0.0156814	0	0.000521625	0.00484091	0	0	0	0.00188103	
0.997328	0.0156832	0	0.000521686	0.0047995	0	0	0	0.00186463	
0.997324	0.015685	0	0.000521747	0.00475845	0	0	0	0.0018484	
0.99732	0.0156869	0	0.000521807	0.00471775	0	0	0	0.00183234	
0.997316	0.0156886	0	0.000521867	0.00467741	0	0	0	0.00181644	
0.997312	0.0156904	0	0.000521926	0.00463742	0	0	0	0.00180071	
0.997308	0.0156922	0	0.000521985	0.00459777	0	0	0	0.00178515	
0.997304	0.015694	0	0.000522043	0.00455846	0	0	0	0.00176974	
0.9973	0.0156957	0	0.000522101	0.0045195	0	0	0	0.0017545	
0.997296	0.0156974	0	0.000522159	0.00448087	0	0	0	0.00173941	
0.997292	0.0156991	0	0.000522216	0.00444257	0	0	0	0.00172448	
0.997288	0.0157008	0	0.000522272	0.00440461	0	0	0	0.00170971	
0.997284	0.0157025	0	0.000522329	0.00436697	0	0	0	0.00169509	
0.997279	0.0157042	0	0.000522384	0.00432966	0	0	0	0.00168062	
0.997275	0.0157059	0	0.00052244	0.00429267	0	0	0	0.00166631	
0.997271	0.0157075	0	0.000522494	0.004256	0	0	0	0.00165214	
0.997267	0.0157092	0	0.000522549	0.00421965	0	0	0	0.00163812	
0.997263	0.0157108	0	0.000522603	0.00418361	0	0	0	0.00162425	
0.997259	0.0157124	0	0.000522657	0.00414788	0	0	0	0.00161053	
0.997255	0.015714	0	0.00052271	0.00411246	0	0	0	0.00159694	
0.997251	0.0157156	0	0.000522763	0.00407735	0	0	0	0.0015835	
0.997247	0.0157172	0	0.000522815	0.00404254	0	0	0	0.00157021	
0.997243	0.0157187	0	0.000522867	0.00400803	0	0	0	0.00155705	
0.997239	0.0157203	0	0.000522918	0.00397382	0	0	0	0.00154403	
0.997235	0.0157218	0	0.00052297	0.0039399	0	0	0	0.00153114	
0.997231	0.0157233	0	0.00052302	0.00390628	0	0	0	0.00151839	
0.997227	0.0157249	0	0.000523071	0.00387295	0	0	0	0.00150578	
0.997223	0.0157264	0	0.000523121	0.00383991	0	0	0	0.0014933	
0.997219	0.0157278	0	0.00052317	0.00380715	0	0	0	0.00148095	
0.997215	0.0157293	0	0.00052322	0.00377467	0	0	0	0.00146873	
0.997211	0.0157308	0	0.000523269	0.00374248	0	0	0	0.00145665	
0.997207	0.0157323	0	0.000523317	0.00371056	0	0	0	0.00144468	
0.997203	0.0157337	0	0.000523365	0.00367892	0	0	0	0.00143285	
0.997198	0.0157351	0	0.000523413	0.00364755	0	0	0	0.00142114	
0.997194	0.0157366	0	0.00052346	0.00361645	0	0	0	0.00140956	
0.99719	0.015738	0	0.000523507	0.00358562	0	0	0	0.0013981	
0.997186	0.0157394	0	0.000523554	0.00355506	0	0	0	0.00138676	
0.997182	0.0157408	0	0.0005236	0.00352476	0	0	0	0.00137555	
0.997178	0.0157421	0	0.000523646	0.00349473	0	0	0	0.00136445	
0.997174	0.0157435	0	0.000523692	0.00346495	0	0	0	0.00135348	
0.99717	0.0157449	0	0.000523737	0.00343543	0	0	0	0.00134262	
0.997166	0.0157462	0	0.000523782	0.00340616	0	0	0	0.00133187	
0.997162	0.0157476	0	0.000523826	0.00337715	0	0	0	0.00132125	
0.997158	0.0157489	0	0.000523871	0.00334839	0	0	0	0.00131074	
0.997154	0.0157502	0	0.000523914	0.00331987	0	0	0	0.00130034	
0.99715	0.0157515	0	0.000523958	0.0032916	0	0	0	0.00129005	
0.997146	0.0157528	0	0.000524001	0.00326358	0	0	0	0.00127988	
0.997142	0.0157541	0	0.000524044	0.0032358	0	0	0	0.00126982	
0.997138	0.0157554	0	0.000524087	0.00320826	0	0	0	0.00125986	
0.997134	0.0157567	0	0.000524129	0.00318095	0	0	0	0.00125002	
0.99713	0.0157579	0	0.000524171	0.00315388	0	0	0	0.00124028	
0.997126	0.0157592	0	0.000524212	0.00312705	0	0	0	0.00123065	
0.997122	0.0157604	0	0.000524254	0.00310045	0	0	0	0.00122113	
0.997118	0.0157616	0	0.000524295	0.00307407	0	0	0	0.00121171	
0.997114	0.0157629	0	0.000524335	0.00304793	0	0	0	0.0012024	
0.997109	0.0157641	0	0.000524376	0.00302201	0	0	0	0.00119319	
0.997105	0.0157653	0	0.000524416	0.00299631	0	0	0	0.00118408	
0.997101	0.0157665	0	0.000524455	0.00297084	0	0	0	0.00117507	
0.997097	0.0157677	0	0.000524495	0.00294558	0	0	0	0.00116617	
0.997093	0.0157688	0	0.000524534	0.00292055	0	0	0	0.00115736	
0.997089	0.01577	0	0.000524573	0.00289573	0	0	0	0.00114866	
0.997085	0.0157712	0	0.000524611	0.00287112	0	0	0	0.00114005	
0.997081	0.0157723	0	0.00052465	0.00284673	0	0	0	0.00113154	
0.997077	0.0157735	0	0.000524688	0.00282255	0	0	0	0.00112313	
0.997073	0.0157746	0	0.000524725	0.00279857	0	0	0	0.00111482	
0.997069	0.0157757	0	0.000524763	0.00277481	0	0	0	0.0011066	
0.997065	0.0157768	0	0.0005248	0.00275124	0	0	0	0.00109847	
0.997061	0.0157779	0	0.000524837	0.00272789	0	0	0	0.00109044	
0.997057	0.015779	0	0.000524874	0.00270473	0	0	0	0.00108251	
0.997053	0.0157801	0	0.00052491	0.00268178	0	0	0	0.00107466	
0.997049	0.0157812	0	0.000524946	0.00265902	0	0	0	0.00106692	
0.997045	0.0157823	0	0.000524982	0.00263646	0	0	0	0.00105926	
0.997041	0.0157834	0	0.000525017	0.00261409	0	0	0	0.00105169	
0.997037	0.0157844	0	0.000525053	0.00259192	0	0	0	0.00104422	
0.997033	0.0157855	0	0.000525088	0.00256994	0	0	0	0.00103683	
0.997029	0.0157865	0	0.000525123	0.00254815	0	0	0	0.00102954	
0.997025	0.0157876	0	0.000525157	0.00252654	0	0	0	0.00102234	
0.997021	0.0157886	0	0.000525191	0.00250513	0	0	0	0.00101522	
0.997016	0.0157896	0	0.000525226	0.0024839	0	0	0	0.0010082	
0.997012	0.0157906	0	0.000525259	0.00246285	0	0	0	0.00100126	
0.997008	0.0157917	0	0.000525293	0.00244199	0	0	0	0.000994417	
0.997004	0.0157927	0	0.000525326	0.0024213	0	0	0	0.000987658	
0.997	0.0157937	0	0.000525359	0.0024008	0	0	0	0.000980988	
0.996996	0.0157946	0	0.000525392	0.00238047	0	0	0	0.000974407	
0.996992	0.0157956	0	0.000525425	0.00236032	0	0	0	0.000967913	
0.996988	0.0157966	0	0.000525457	0.00234034	0	0	0	0.000961509	
0.996984	0.0157976	0	0.00052549	0.00232054	0	0	0	0.000955192	
0.99698	0.0157985	0	0.000525522	0.00230091	0	0	0	0.000948965	
0.996976	0.0157995	0	0.000525553	0.00228145	0	0	0	0.000942826	
0.996972	0.0158004	0	0.000525585	0.00226215	0	0	0	0.000936777	
0.996968	0.0158014	0	0.000525616	0.00224303	0	0	0	0.000930819	
0.996964	0.0158023	0	0.000525647	0.00222407	0	0	0	0.00092495	
0.99696	0.0158032	0	0.000525678	0.00220527	0	0	0	0.000919174	
0.996956	0.0158042	0	0.000525709	0.00218664	0	0	0	0.00091349	
0.996952	0.0158051	0	0.00052574	0.00216817	0	0	0	0.000907901	
0.996948	0.015806	0	0.00052577	0.00214986	0	0	0	0.000902406	
