1	0	0	0	1	0	0	0	1	
0.999974	1.67548e-06	0	2.20821e-07	0.993214	0	0	0	0.985033	
0.999949	6.56228e-06	0	8.65646e-07	0.986536	0	0	0	0.970479	
0.999923	1.44916e-05	0	1.91148e-06	0.979908	0	0	0	0.956146	
0.999898	2.52959e-05	0	3.33624e-06	0.973328	0	0	0	0.942029	
0.999874	3.88217e-05	0	5.1197e-06	0.966797	0	0	0	0.928125	
0.999849	5.49275e-05	0	7.24322e-06	0.960315	0	0	0	0.914431	
0.999825	7.34827e-05	0	9.68956e-06	0.953879	0	0	0	0.900943	
0.999801	9.43662e-05	0	1.24428e-05	0.947491	0	0	0	0.887658	
0.999777	0.000117465	0	1.5488e-05	0.941149	0	0	0	0.874574	
0.999753	0.000142675	0	1.88115e-05	0.934852	0	0	0	0.861686	
0.99973	0.000169898	0	2.24002e-05	0.928602	0	0	0	0.848992	
0.999706	0.000199041	0	2.6242e-05	0.922396	0	0	0	0.836489	
0.999683	0.000230019	0	3.03256e-05	0.916235	0	0	0	0.824173	
0.99966	0.000262749	0	3.46403e-05	0.910119	0	0	0	0.812043	
0.999637	0.000297155	0	3.91758e-05	0.904046	0	0	0	0.800094	
0.999615	0.000333165	0	4.39227e-05	0.898016	0	0	0	0.788325	
0.999592	0.00037071	0	4.88719e-05	0.892029	0	0	0	0.776732	
0.99957	0.000409724	0	5.40147e-05	0.886085	0	0	0	0.765312	
0.999548	0.000450145	0	5.9343e-05	0.880183	0	0	0	0.754064	
0.999526	0.000491915	0	6.48491e-05	0.874323	0	0	0	0.742984	
0.999504	0.000534976	0	7.05254e-05	0.868505	0	0	0	0.73207	
0.999482	0.000579276	0	7.63649e-05	0.862727	0	0	0	0.721319	
0.99946	0.000624763	0	8.23608e-05	0.856991	0	0	0	0.71073	
0.999439	0.000671387	0	8.85066e-05	0.851294	0	0	0	0.700298	
0.999417	0.000719102	0	9.47963e-05	0.845638	0	0	0	0.690022	
0.999396	0.000767862	0	0.000101224	0.840021	0	0	0	0.6799	
0.999375	0.000817625	0	0.000107783	0.834444	0	0	0	0.669929	
0.999354	0.000868348	0	0.000114469	0.828905	0	0	0	0.660106	
0.999333	0.000919992	0	0.000121277	0.823406	0	0	0	0.650431	
0.999312	0.000972518	0	0.0001282	0.817945	0	0	0	0.6409	
0.999291	0.00102589	0	0.000135236	0.812522	0	0	0	0.631511	
0.99927	0.00108007	0	0.000142377	0.807136	0	0	0	0.622261	
0.99925	0.00113503	0	0.000149621	0.801788	0	0	0	0.61315	
0.999229	0.00119073	0	0.000156963	0.796478	0	0	0	0.604175	
0.999209	0.00124713	0	0.000164399	0.791204	0	0	0	0.595333	
0.999188	0.00130422	0	0.000171924	0.785966	0	0	0	0.586623	
0.999168	0.00136196	0	0.000179534	0.780765	0	0	0	0.578043	
0.999148	0.00142032	0	0.000187227	0.7756	0	0	0	0.56959	
0.999128	0.00147927	0	0.000194998	0.770471	0	0	0	0.561263	
0.999108	0.00153879	0	0.000202843	0.765377	0	0	0	0.55306	
0.999088	0.00159885	0	0.00021076	0.760318	0	0	0	0.54498	
0.999068	0.00165943	0	0.000218744	0.755294	0	0	0	0.537019	
0.999049	0.00172049	0	0.000226793	0.750304	0	0	0	0.529177	
0.999029	0.00178203	0	0.000234904	0.745349	0	0	0	0.521451	
0.999009	0.001844	0	0.000243074	0.740428	0	0	0	0.51384	
0.99899	0.00190641	0	0.000251299	0.735541	0	0	0	0.506342	
0.99897	0.00196921	0	0.000259577	0.730687	0	0	0	0.498955	
0.998951	0.00203239	0	0.000267906	0.725867	0	0	0	0.491678	
0.998932	0.00209594	0	0.000276282	0.721079	0	0	0	0.48451	
0.998912	0.00215983	0	0.000284703	0.716324	0	0	0	0.477447	
0.998893	0.00222404	0	0.000293166	0.711602	0	0	0	0.470489	
0.998874	0.00228855	0	0.00030167	0.706912	0	0	0	0.463635	
0.998855	0.00235335	0	0.000310212	0.702254	0	0	0	0.456882	
0.998836	0.00241842	0	0.000318789	0.697628	0	0	0	0.450229	
0.998817	0.00248374	0	0.000327399	0.693033	0	0	0	0.443675	
0.998798	0.0025493	0	0.000336041	0.68847	0	0	0	0.437219	
0.998779	0.00261509	0	0.000344711	0.683938	0	0	0	0.430857	
0.998761	0.00268107	0	0.000353409	0.679436	0	0	0	0.42459	
0.998742	0.00274725	0	0.000362132	0.674965	0	0	0	0.418416	
0.998723	0.00281361	0	0.000370879	0.670525	0	0	0	0.412333	
0.998705	0.00288013	0	0.000379647	0.666115	0	0	0	0.406341	
0.998686	0.0029468	0	0.000388434	0.661734	0	0	0	0.400437	
0.998668	0.0030136	0	0.00039724	0.657383	0	0	0	0.39462	
0.998649	0.00308053	0	0.000406062	0.653062	0	0	0	0.38889	
0.998631	0.00314758	0	0.000414899	0.64877	0	0	0	0.383244	
0.998612	0.00321472	0	0.000423749	0.644507	0	0	0	0.377681	
0.998594	0.00328195	0	0.000432611	0.640273	0	0	0	0.372201	
0.998576	0.00334925	0	0.000441482	0.636068	0	0	0	0.366802	
0.998558	0.00341663	0	0.000450363	0.631891	0	0	0	0.361483	
0.99854	0.00348405	0	0.00045925	0.627742	0	0	0	0.356242	
0.998521	0.00355153	0	0.000468144	0.623621	0	0	0	0.351079	
0.998503	0.00361904	0	0.000477042	0.619528	0	0	0	0.345992	
0.998485	0.00368657	0	0.000485944	0.615463	0	0	0	0.34098	
0.998467	0.00375412	0	0.000494848	0.611424	0	0	0	0.336042	
0.998449	0.00382168	0	0.000503753	0.607414	0	0	0	0.331177	
0.998431	0.00388923	0	0.000512657	0.60343	0	0	0	0.326384	
0.998413	0.00395678	0	0.00052156	0.599473	0	0	0	0.321661	
0.998396	0.0040243	0	0.00053046	0.595542	0	0	0	0.317008	
0.998378	0.0040918	0	0.000539357	0.591638	0	0	0	0.312424	
0.99836	0.00415926	0	0.00054825	0.58776	0	0	0	0.307907	
0.998342	0.00422668	0	0.000557136	0.583909	0	0	0	0.303457	
0.998325	0.00429405	0	0.000566017	0.580083	0	0	0	0.299073	
0.998307	0.00436137	0	0.000574889	0.576282	0	0	0	0.294753	
0.998289	0.00442862	0	0.000583753	0.572508	0	0	0	0.290497	
0.998272	0.0044958	0	0.000592608	0.568758	0	0	0	0.286303	
0.998254	0.0045629	0	0.000601453	0.565034	0	0	0	0.282171	
0.998237	0.00462991	0	0.000610286	0.561334	0	0	0	0.2781	
0.998219	0.00469684	0	0.000619108	0.55766	0	0	0	0.274089	
0.998202	0.00476367	0	0.000627917	0.55401	0	0	0	0.270137	
0.998184	0.0048304	0	0.000636712	0.550384	0	0	0	0.266243	
0.998167	0.00489702	0	0.000645493	0.546783	0	0	0	0.262407	
0.998149	0.00496353	0	0.00065426	0.543205	0	0	0	0.258626	
0.998132	0.00502992	0	0.000663011	0.539652	0	0	0	0.254902	
0.998115	0.00509619	0	0.000671745	0.536122	0	0	0	0.251232	
0.998097	0.00516233	0	0.000680463	0.532616	0	0	0	0.247616	
0.99808	0.00522833	0	0.000689163	0.529133	0	0	0	0.244053	
0.998063	0.0052942	0	0.000697845	0.525674	0	0	0	0.240543	
0.998045	0.00535992	0	0.000706508	0.522237	0	0	0	0.237084	
0.998028	0.0054255	0	0.000715152	0.518824	0	0	0	0.233676	
0.998011	0.00549093	0	0.000723776	0.515433	0	0	0	0.230318	
0.997994	0.0055562	0	0.000732379	0.512065	0	0	0	0.227009	
0.997977	0.00562131	0	0.000740961	0.508719	0	0	0	0.223749	
0.99796	0.00568626	0	0.000749522	0.505396	0	0	0	0.220536	
0.997943	0.00575104	0	0.000758061	0.502094	0	0	0	0.217371	
0.997926	0.00581565	0	0.000766578	0.498815	0	0	0	0.214252	
0.997909	0.00588009	0	0.000775071	0.495557	0	0	0	0.211179	
0.997891	0.00594435	0	0.000783541	0.492321	0	0	0	0.208151	
0.997874	0.00600843	0	0.000791988	0.489107	0	0	0	0.205168	
0.997858	0.00607233	0	0.00080041	0.485914	0	0	0	0.202228	
0.997841	0.00613604	0	0.000808808	0.482742	0	0	0	0.199331	
0.997824	0.00619956	0	0.00081718	0.479591	0	0	0	0.196476	
0.997807	0.00626289	0	0.000825528	0.476461	0	0	0	0.193664	
0.99779	0.00632603	0	0.000833849	0.473352	0	0	0	0.190892	
0.997773	0.00638896	0	0.000842145	0.470263	0	0	0	0.188162	
0.997756	0.0064517	0	0.000850414	0.467195	0	0	0	0.185471	
0.997739	0.00651423	0	0.000858656	0.464148	0	0	0	0.182819	
0.997722	0.00657656	0	0.000866872	0.46112	0	0	0	0.180206	
0.997706	0.00663868	0	0.00087506	0.458113	0	0	0	0.177632	
0.997689	0.00670059	0	0.00088322	0.455125	0	0	0	0.175095	
0.997672	0.00676229	0	0.000891353	0.452158	0	0	0	0.172595	
0.997655	0.00682378	0	0.000899457	0.44921	0	0	0	0.170132	
0.997639	0.00688505	0	0.000907533	0.446281	0	0	0	0.167705	
0.997622	0.0069461	0	0.00091558	0.443372	0	0	0	0.165313	
0.997605	0.00700693	0	0.000923599	0.440482	0	0	0	0.162956	
0.997589	0.00706755	0	0.000931588	0.437611	0	0	0	0.160634	
0.997572	0.00712794	0	0.000939548	0.434759	0	0	0	0.158345	
0.997555	0.0071881	0	0.000947478	0.431926	0	0	0	0.15609	
0.997539	0.00724804	0	0.000955379	0.429112	0	0	0	0.153868	
0.997522	0.00730776	0	0.00096325	0.426316	0	0	0	0.151678	
0.997505	0.00736724	0	0.000971091	0.423539	0	0	0	0.149521	
0.997489	0.0074265	0	0.000978901	0.42078	0	0	0	0.147394	
0.997472	0.00748552	0	0.000986681	0.418039	0	0	0	0.145299	
0.997456	0.00754432	0	0.000994431	0.415317	0	0	0	0.143234	
0.997439	0.00760288	0	0.00100215	0.412612	0	0	0	0.141199	
0.997423	0.0076612	0	0.00100984	0.409926	0	0	0	0.139194	
0.997406	0.00771929	0	0.00101749	0.407257	0	0	0	0.137219	
0.99739	0.00777715	0	0.00102512	0.404605	0	0	0	0.135271	
0.997373	0.00783476	0	0.00103271	0.401971	0	0	0	0.133353	
0.997357	0.00789214	0	0.00104028	0.399355	0	0	0	0.131462	
0.99734	0.00794928	0	0.00104781	0.396755	0	0	0	0.129599	
0.997324	0.00800618	0	0.00105531	0.394173	0	0	0	0.127763	
0.997307	0.00806284	0	0.00106278	0.391608	0	0	0	0.125953	
0.997291	0.00811926	0	0.00107021	0.38906	0	0	0	0.12417	
0.997275	0.00817544	0	0.00107762	0.386528	0	0	0	0.122413	
0.997258	0.00823138	0	0.00108499	0.384013	0	0	0	0.120681	
0.997242	0.00828707	0	0.00109233	0.381515	0	0	0	0.118975	
0.997225	0.00834252	0	0.00109964	0.379033	0	0	0	0.117293	
0.997209	0.00839773	0	0.00110692	0.376567	0	0	0	0.115636	
0.997193	0.00845269	0	0.00111416	0.374118	0	0	0	0.114003	
0.997176	0.00850741	0	0.00112137	0.371685	0	0	0	0.112394	
0.99716	0.00856188	0	0.00112855	0.369268	0	0	0	0.110808	
0.997144	0.00861611	0	0.0011357	0.366867	0	0	0	0.109244	
0.997128	0.0086701	0	0.00114282	0.364481	0	0	0	0.107704	
0.997111	0.00872384	0	0.0011499	0.362111	0	0	0	0.106186	
0.997095	0.00877733	0	0.00115695	0.359757	0	0	0	0.10469	
0.997079	0.00883058	0	0.00116397	0.357418	0	0	0	0.103216	
0.997062	0.00888358	0	0.00117096	0.355095	0	0	0	0.101763	
0.997046	0.00893634	0	0.00117791	0.352787	0	0	0	0.100331	
0.99703	0.00898885	0	0.00118483	0.350494	0	0	0	0.0989201	
0.997014	0.00904111	0	0.00119172	0.348216	0	0	0	0.0975294	
0.996997	0.00909313	0	0.00119858	0.345953	0	0	0	0.0961589	
0.996981	0.0091449	0	0.0012054	0.343704	0	0	0	0.0948082	
0.996965	0.00919643	0	0.00121219	0.341471	0	0	0	0.0934771	
0.996949	0.00924771	0	0.00121895	0.339252	0	0	0	0.0921653	
0.996933	0.00929875	0	0.00122568	0.337048	0	0	0	0.0908724	
0.996916	0.00934954	0	0.00123237	0.334859	0	0	0	0.0895983	
0.9969	0.00940008	0	0.00123904	0.332683	0	0	0	0.0883426	
0.996884	0.00945038	0	0.00124567	0.330522	0	0	0	0.087105	
0.996868	0.00950044	0	0.00125226	0.328375	0	0	0	0.0858853	
0.996852	0.00955025	0	0.00125883	0.326242	0	0	0	0.0846833	
0.996836	0.00959982	0	0.00126536	0.324123	0	0	0	0.0834986	
0.99682	0.00964914	0	0.00127186	0.322018	0	0	0	0.082331	
0.996803	0.00969822	0	0.00127833	0.319927	0	0	0	0.0811803	
0.996787	0.00974705	0	0.00128477	0.31785	0	0	0	0.0800463	
0.996771	0.00979564	0	0.00129117	0.315786	0	0	0	0.0789285	
0.996755	0.00984399	0	0.00129755	0.313736	0	0	0	0.0778269	
0.996739	0.0098921	0	0.00130389	0.311699	0	0	0	0.0767413	
0.996723	0.00993997	0	0.0013102	0.309675	0	0	0	0.0756712	
0.996707	0.00998759	0	0.00131647	0.307665	0	0	0	0.0746166	
0.996691	0.010035	0	0.00132272	0.305668	0	0	0	0.0735772	
0.996675	0.0100821	0	0.00132893	0.303683	0	0	0	0.0725528	
0.996659	0.010129	0	0.00133512	0.301712	0	0	0	0.0715431	
0.996643	0.0101757	0	0.00134127	0.299754	0	0	0	0.070548	
0.996627	0.0102221	0	0.00134738	0.297809	0	0	0	0.0695672	
0.996611	0.0102683	0	0.00135347	0.295876	0	0	0	0.0686006	
0.996595	0.0103142	0	0.00135953	0.293956	0	0	0	0.0676478	
0.996579	0.0103599	0	0.00136555	0.292049	0	0	0	0.0667088	
0.996563	0.0104054	0	0.00137155	0.290154	0	0	0	0.0657832	
0.996547	0.0104507	0	0.00137751	0.288271	0	0	0	0.064871	
0.99653	0.0104957	0	0.00138344	0.286401	0	0	0	0.0639719	
0.996515	0.0105404	0	0.00138934	0.284543	0	0	0	0.0630857	
0.996499	0.0105849	0	0.00139521	0.282697	0	0	0	0.0622123	
0.996483	0.0106292	0	0.00140105	0.280863	0	0	0	0.0613514	
0.996467	0.0106733	0	0.00140686	0.279041	0	0	0	0.0605028	
0.996451	0.0107171	0	0.00141263	0.277231	0	0	0	0.0596665	
0.996435	0.0107607	0	0.00141838	0.275433	0	0	0	0.0588421	
0.996419	0.0108041	0	0.0014241	0.273646	0	0	0	0.0580296	
0.996403	0.0108472	0	0.00142978	0.271872	0	0	0	0.0572288	
0.996387	0.0108901	0	0.00143544	0.270108	0	0	0	0.0564394	
0.996371	0.0109328	0	0.00144106	0.268357	0	0	0	0.0556613	
0.996355	0.0109753	0	0.00144666	0.266617	0	0	0	0.0548944	
0.996339	0.0110175	0	0.00145222	0.264888	0	0	0	0.0541385	
0.996323	0.0110595	0	0.00145776	0.26317	0	0	0	0.0533934	
0.996307	0.0111013	0	0.00146326	0.261464	0	0	0	0.052659	
0.996291	0.0111428	0	0.00146874	0.259769	0	0	0	0.0519351	
0.996275	0.0111841	0	0.00147419	0.258085	0	0	0	0.0512216	
0.996259	0.0112252	0	0.0014796	0.256412	0	0	0	0.0505183	
0.996243	0.0112661	0	0.00148499	0.254749	0	0	0	0.049825	
0.996228	0.0113067	0	0.00149035	0.253098	0	0	0	0.0491416	
0.996212	0.0113471	0	0.00149567	0.251457	0	0	0	0.0484681	
0.996196	0.0113873	0	0.00150097	0.249827	0	0	0	0.0478041	
0.99618	0.0114273	0	0.00150624	0.248208	0	0	0	0.0471497	
0.996164	0.0114671	0	0.00151148	0.246599	0	0	0	0.0465045	
0.996148	0.0115066	0	0.0015167	0.245001	0	0	0	0.0458686	
0.996132	0.011546	0	0.00152188	0.243413	0	0	0	0.0452418	
0.996116	0.0115851	0	0.00152704	0.241836	0	0	0	0.0446239	
0.996101	0.011624	0	0.00153216	0.240269	0	0	0	0.0440149	
0.996085	0.0116626	0	0.00153726	0.238712	0	0	0	0.0434145	
0.996069	0.0117011	0	0.00154233	0.237165	0	0	0	0.0428227	
0.996053	0.0117394	0	0.00154737	0.235628	0	0	0	0.0422393	
0.996037	0.0117774	0	0.00155238	0.234102	0	0	0	0.0416642	
0.996021	0.0118152	0	0.00155737	0.232585	0	0	0	0.0410974	
0.996005	0.0118528	0	0.00156233	0.231078	0	0	0	0.0405386	
0.99599	0.0118902	0	0.00156726	0.229581	0	0	0	0.0399877	
0.995974	0.0119274	0	0.00157216	0.228094	0	0	0	0.0394447	
0.995958	0.0119644	0	0.00157704	0.226616	0	0	0	0.0389094	
0.995942	0.0120012	0	0.00158188	0.225148	0	0	0	0.0383818	
0.995926	0.0120378	0	0.0015867	0.22369	0	0	0	0.0378616	
0.995911	0.0120741	0	0.0015915	0.222241	0	0	0	0.0373488	
0.995895	0.0121103	0	0.00159626	0.220802	0	0	0	0.0368433	
0.995879	0.0121462	0	0.001601	0.219371	0	0	0	0.036345	
0.995863	0.012182	0	0.00160571	0.217951	0	0	0	0.0358538	
0.995847	0.0122175	0	0.0016104	0.216539	0	0	0	0.0353696	
0.995832	0.0122529	0	0.00161506	0.215137	0	0	0	0.0348922	
0.995816	0.012288	0	0.00161969	0.213744	0	0	0	0.0344216	
0.9958	0.012323	0	0.00162429	0.212359	0	0	0	0.0339576	
0.995784	0.0123577	0	0.00162887	0.210984	0	0	0	0.0335003	
0.995768	0.0123922	0	0.00163343	0.209618	0	0	0	0.0330494	
0.995753	0.0124266	0	0.00163795	0.208261	0	0	0	0.0326049	
0.995737	0.0124607	0	0.00164246	0.206912	0	0	0	0.0321667	
0.995721	0.0124947	0	0.00164693	0.205573	0	0	0	0.0317347	
0.995705	0.0125285	0	0.00165138	0.204242	0	0	0	0.0313088	
0.99569	0.012562	0	0.00165581	0.202919	0	0	0	0.030889	
0.995674	0.0125954	0	0.0016602	0.201606	0	0	0	0.0304751	
0.995658	0.0126286	0	0.00166458	0.200301	0	0	0	0.030067	
0.995642	0.0126616	0	0.00166893	0.199004	0	0	0	0.0296647	
0.995627	0.0126944	0	0.00167325	0.197716	0	0	0	0.0292681	
0.995611	0.012727	0	0.00167755	0.196436	0	0	0	0.0288771	
0.995595	0.0127594	0	0.00168182	0.195164	0	0	0	0.0284916	
0.995579	0.0127916	0	0.00168607	0.193901	0	0	0	0.0281116	
0.995564	0.0128237	0	0.00169029	0.192646	0	0	0	0.0277369	
0.995548	0.0128555	0	0.00169449	0.191399	0	0	0	0.0273675	
0.995532	0.0128872	0	0.00169867	0.19016	0	0	0	0.0270033	
0.995516	0.0129187	0	0.00170282	0.18893	0	0	0	0.0266442	
0.995501	0.01295	0	0.00170694	0.187707	0	0	0	0.0262902	
0.995485	0.0129811	0	0.00171105	0.186492	0	0	0	0.0259412	
0.995469	0.0130121	0	0.00171512	0.185285	0	0	0	0.0255971	
0.995453	0.0130428	0	0.00171918	0.184086	0	0	0	0.0252578	
0.995438	0.0130734	0	0.00172321	0.182895	0	0	0	0.0249233	
0.995422	0.0131038	0	0.00172722	0.181711	0	0	0	0.0245936	
0.995406	0.013134	0	0.0017312	0.180536	0	0	0	0.0242684	
0.995391	0.0131641	0	0.00173516	0.179367	0	0	0	0.0239478	
0.995375	0.013194	0	0.0017391	0.178207	0	0	0	0.0236318	
0.995359	0.0132236	0	0.00174301	0.177054	0	0	0	0.0233201	
0.995344	0.0132532	0	0.0017469	0.175908	0	0	0	0.0230129	
0.995328	0.0132825	0	0.00175077	0.17477	0	0	0	0.0227099	
0.995312	0.0133117	0	0.00175462	0.17364	0	0	0	0.0224112	
0.995296	0.0133407	0	0.00175844	0.172516	0	0	0	0.0221167	
0.995281	0.0133695	0	0.00176224	0.1714	0	0	0	0.0218263	
0.995265	0.0133982	0	0.00176601	0.170291	0	0	0	0.02154	
0.995249	0.0134267	0	0.00176977	0.16919	0	0	0	0.0212577	
0.995234	0.013455	0	0.0017735	0.168095	0	0	0	0.0209793	
0.995218	0.0134831	0	0.00177721	0.167008	0	0	0	0.0207048	
0.995202	0.0135111	0	0.0017809	0.165928	0	0	0	0.0204342	
0.995187	0.0135389	0	0.00178457	0.164854	0	0	0	0.0201674	
0.995171	0.0135666	0	0.00178821	0.163788	0	0	0	0.0199043	
0.995155	0.0135941	0	0.00179184	0.162729	0	0	0	0.0196448	
0.99514	0.0136214	0	0.00179544	0.161676	0	0	0	0.019389	
0.995124	0.0136485	0	0.00179902	0.160631	0	0	0	0.0191368	
0.995108	0.0136755	0	0.00180258	0.159592	0	0	0	0.0188881	
0.995093	0.0137024	0	0.00180611	0.158559	0	0	0	0.0186428	
0.995077	0.0137291	0	0.00180963	0.157534	0	0	0	0.018401	
0.995061	0.0137556	0	0.00181312	0.156515	0	0	0	0.0181625	
0.995046	0.0137819	0	0.0018166	0.155503	0	0	0	0.0179274	
0.99503	0.0138081	0	0.00182005	0.154498	0	0	0	0.0176955	
0.995014	0.0138342	0	0.00182348	0.153498	0	0	0	0.0174669	
0.994999	0.0138601	0	0.0018269	0.152506	0	0	0	0.0172414	
0.994983	0.0138858	0	0.00183029	0.15152	0	0	0	0.0170191	
0.994967	0.0139114	0	0.00183366	0.15054	0	0	0	0.0167998	
0.994952	0.0139368	0	0.00183701	0.149567	0	0	0	0.0165837	
0.994936	0.0139621	0	0.00184034	0.1486	0	0	0	0.0163705	
0.99492	0.0139872	0	0.00184365	0.147639	0	0	0	0.0161603	
0.994905	0.0140122	0	0.00184694	0.146684	0	0	0	0.0159529	
0.994889	0.014037	0	0.00185022	0.145736	0	0	0	0.0157485	
0.994874	0.0140616	0	0.00185347	0.144794	0	0	0	0.0155469	
0.994858	0.0140862	0	0.0018567	0.143858	0	0	0	0.0153481	
0.994842	0.0141105	0	0.00185991	0.142928	0	0	0	0.0151521	
0.994827	0.0141348	0	0.0018631	0.142004	0	0	0	0.0149587	
0.994811	0.0141588	0	0.00186628	0.141086	0	0	0	0.0147681	
0.994795	0.0141828	0	0.00186943	0.140173	0	0	0	0.01458	
0.99478	0.0142065	0	0.00187257	0.139267	0	0	0	0.0143946	
0.994764	0.0142302	0	0.00187568	0.138367	0	0	0	0.0142118	
0.994749	0.0142537	0	0.00187878	0.137473	0	0	0	0.0140314	
0.994733	0.014277	0	0.00188186	0.136584	0	0	0	0.0138536	
0.994717	0.0143003	0	0.00188492	0.135701	0	0	0	0.0136782	
0.994702	0.0143233	0	0.00188796	0.134824	0	0	0	0.0135052	
0.994686	0.0143463	0	0.00189098	0.133953	0	0	0	0.0133347	
0.99467	0.0143691	0	0.00189399	0.133087	0	0	0	0.0131664	
0.994655	0.0143917	0	0.00189697	0.132227	0	0	0	0.0130005	
0.994639	0.0144142	0	0.00189994	0.131372	0	0	0	0.0128369	
0.994624	0.0144366	0	0.00190289	0.130523	0	0	0	0.0126755	
0.994608	0.0144589	0	0.00190582	0.129679	0	0	0	0.0125164	
0.994592	0.014481	0	0.00190874	0.128841	0	0	0	0.0123594	
0.994577	0.0145029	0	0.00191163	0.128009	0	0	0	0.0122046	
0.994561	0.0145248	0	0.00191451	0.127181	0	0	0	0.0120519	
0.994546	0.0145465	0	0.00191737	0.12636	0	0	0	0.0119013	
0.99453	0.014568	0	0.00192021	0.125543	0	0	0	0.0117528	
0.994514	0.0145895	0	0.00192304	0.124732	0	0	0	0.0116063	
0.994499	0.0146108	0	0.00192585	0.123926	0	0	0	0.0114618	
0.994483	0.014632	0	0.00192864	0.123125	0	0	0	0.0113193	
0.994468	0.014653	0	0.00193141	0.122329	0	0	0	0.0111788	
0.994452	0.0146739	0	0.00193417	0.121539	0	0	0	0.0110402	
0.994436	0.0146947	0	0.00193691	0.120754	0	0	0	0.0109034	
0.994421	0.0147154	0	0.00193964	0.119973	0	0	0	0.0107686	
0.994405	0.0147359	0	0.00194234	0.119198	0	0	0	0.0106356	
0.99439	0.0147563	0	0.00194503	0.118428	0	0	0	0.0105044	
0.994374	0.0147766	0	0.00194771	0.117663	0	0	0	0.010375	
0.994359	0.0147968	0	0.00195036	0.116903	0	0	0	0.0102474	
0.994343	0.0148168	0	0.001953	0.116147	0	0	0	0.0101215	
0.994327	0.0148367	0	0.00195563	0.115397	0	0	0	0.00999729	
0.994312	0.0148565	0	0.00195824	0.114652	0	0	0	0.00987481	
0.994296	0.0148762	0	0.00196083	0.113911	0	0	0	0.00975399	
0.994281	0.0148957	0	0.00196341	0.113175	0	0	0	0.00963482	
0.994265	0.0149152	0	0.00196597	0.112444	0	0	0	0.00951727	
0.99425	0.0149345	0	0.00196851	0.111717	0	0	0	0.00940132	
0.994234	0.0149537	0	0.00197104	0.110996	0	0	0	0.00928695	
0.994218	0.0149727	0	0.00197355	0.110279	0	0	0	0.00917413	
0.994203	0.0149917	0	0.00197605	0.109566	0	0	0	0.00906284	
0.994187	0.0150105	0	0.00197853	0.108859	0	0	0	0.00895306	
0.994172	0.0150292	0	0.001981	0.108156	0	0	0	0.00884477	
0.994156	0.0150478	0	0.00198345	0.107457	0	0	0	0.00873795	
0.994141	0.0150663	0	0.00198589	0.106763	0	0	0	0.00863258	
0.994125	0.0150847	0	0.00198831	0.106073	0	0	0	0.00852863	
0.994109	0.0151029	0	0.00199072	0.105388	0	0	0	0.00842609	
0.994094	0.0151211	0	0.00199311	0.104707	0	0	0	0.00832494	
0.994078	0.0151391	0	0.00199549	0.104031	0	0	0	0.00822515	
0.994063	0.015157	0	0.00199785	0.103359	0	0	0	0.00812672	
0.994047	0.0151748	0	0.0020002	0.102692	0	0	0	0.00802961	
0.994032	0.0151925	0	0.00200253	0.102029	0	0	0	0.00793381	
0.994016	0.0152101	0	0.00200485	0.10137	0	0	0	0.00783931	
0.994001	0.0152276	0	0.00200715	0.100715	0	0	0	0.00774608	
0.993985	0.015245	0	0.00200944	0.100065	0	0	0	0.0076541	
0.993969	0.0152622	0	0.00201172	0.0994183	0	0	0	0.00756336	
0.993954	0.0152794	0	0.00201398	0.0987763	0	0	0	0.00747385	
0.993938	0.0152965	0	0.00201622	0.0981384	0	0	0	0.00738554	
0.993923	0.0153134	0	0.00201846	0.0975047	0	0	0	0.00729841	
0.993907	0.0153302	0	0.00202068	0.0968751	0	0	0	0.00721246	
0.993892	0.015347	0	0.00202288	0.0962495	0	0	0	0.00712766	
0.993876	0.0153636	0	0.00202507	0.095628	0	0	0	0.007044	
0.993861	0.0153801	0	0.00202725	0.0950105	0	0	0	0.00696146	
0.993845	0.0153965	0	0.00202941	0.094397	0	0	0	0.00688003	
0.99383	0.0154129	0	0.00203157	0.0937875	0	0	0	0.00679969	
0.993814	0.0154291	0	0.0020337	0.0931819	0	0	0	0.00672042	
0.993798	0.0154452	0	0.00203583	0.0925803	0	0	0	0.00664221	
0.993783	0.0154612	0	0.00203794	0.0919825	0	0	0	0.00656505	
0.993767	0.0154771	0	0.00204004	0.0913886	0	0	0	0.00648892	
0.993752	0.0154929	0	0.00204212	0.0907986	0	0	0	0.00641381	
0.993736	0.0155086	0	0.00204419	0.0902124	0	0	0	0.0063397	
0.993721	0.0155243	0	0.00204625	0.08963	0	0	0	0.00626658	
0.993705	0.0155398	0	0.0020483	0.0890513	0	0	0	0.00619444	
0.99369	0.0155552	0	0.00205033	0.0884764	0	0	0	0.00612325	
0.993674	0.0155705	0	0.00205235	0.0879052	0	0	0	0.00605301	
0.993659	0.0155858	0	0.00205436	0.0873377	0	0	0	0.00598371	
0.993643	0.0156009	0	0.00205635	0.0867739	0	0	0	0.00591533	
0.993628	0.0156159	0	0.00205833	0.0862137	0	0	0	0.00584786	
0.993612	0.0156309	0	0.0020603	0.0856571	0	0	0	0.00578129	
0.993597	0.0156457	0	0.00206226	0.0851042	0	0	0	0.00571559	
0.993581	0.0156605	0	0.00206421	0.0845548	0	0	0	0.00565077	
0.993566	0.0156751	0	0.00206614	0.084009	0	0	0	0.00558681	
0.99355	0.0156897	0	0.00206806	0.0834667	0	0	0	0.0055237	
0.993535	0.0157042	0	0.00206997	0.0829279	0	0	0	0.00546142	
0.993519	0.0157186	0	0.00207186	0.0823927	0	0	0	0.00539997	
0.993503	0.0157329	0	0.00207375	0.0818608	0	0	0	0.00533933	
0.993488	0.0157471	0	0.00207562	0.0813325	0	0	0	0.00527949	
0.993472	0.0157612	0	0.00207748	0.0808075	0	0	0	0.00522044	
0.993457	0.0157753	0	0.00207933	0.0802859	0	0	0	0.00516217	
0.993441	0.0157892	0	0.00208117	0.0797677	0	0	0	0.00510467	
0.993426	0.0158031	0	0.002083	0.0792529	0	0	0	0.00504793	
0.99341	0.0158168	0	0.00208481	0.0787414	0	0	0	0.00499193	
0.993395	0.0158305	0	0.00208662	0.0782332	0	0	0	0.00493667	
0.993379	0.0158441	0	0.00208841	0.0777283	0	0	0	0.00488214	
0.993364	0.0158576	0	0.00209019	0.0772266	0	0	0	0.00482833	
0.993348	0.015871	0	0.00209196	0.0767282	0	0	0	0.00477522	
0.993333	0.0158844	0	0.00209372	0.076233	0	0	0	0.00472281	
0.993317	0.0158976	0	0.00209546	0.0757411	0	0	0	0.00467109	
0.993302	0.0159108	0	0.0020972	0.0752523	0	0	0	0.00462005	
0.993286	0.0159239	0	0.00209892	0.0747666	0	0	0	0.00456967	
0.993271	0.0159369	0	0.00210064	0.0742841	0	0	0	0.00451996	
0.993255	0.0159498	0	0.00210234	0.0738048	0	0	0	0.00447089	
0.99324	0.0159627	0	0.00210403	0.0733285	0	0	0	0.00442247	
0.993224	0.0159754	0	0.00210572	0.0728553	0	0	0	0.00437468	
0.993209	0.0159881	0	0.00210739	0.0723852	0	0	0	0.00432752	
0.993193	0.0160007	0	0.00210905	0.0719181	0	0	0	0.00428097	
0.993178	0.0160132	0	0.0021107	0.0714541	0	0	0	0.00423503	
0.993162	0.0160257	0	0.00211234	0.070993	0	0	0	0.00418968	
0.993147	0.016038	0	0.00211397	0.0705349	0	0	0	0.00414493	
0.993131	0.0160503	0	0.00211559	0.0700798	0	0	0	0.00410076	
0.993116	0.0160625	0	0.00211719	0.0696276	0	0	0	0.00405716	
0.9931	0.0160746	0	0.00211879	0.0691784	0	0	0	0.00401413	
0.993085	0.0160867	0	0.00212038	0.068732	0	0	0	0.00397166	
0.993069	0.0160987	0	0.00212196	0.0682886	0	0	0	0.00392975	
0.993054	0.0161106	0	0.00212353	0.067848	0	0	0	0.00388837	
0.993038	0.0161224	0	0.00212509	0.0674102	0	0	0	0.00384753	
0.993023	0.0161341	0	0.00212663	0.0669753	0	0	0	0.00380722	
0.993007	0.0161458	0	0.00212817	0.0665432	0	0	0	0.00376744	
0.992992	0.0161574	0	0.0021297	0.0661139	0	0	0	0.00372817	
0.992976	0.0161689	0	0.00213122	0.0656874	0	0	0	0.0036894	
0.992961	0.0161804	0	0.00213273	0.0652636	0	0	0	0.00365114	
0.992945	0.0161918	0	0.00213423	0.0648426	0	0	0	0.00361337	
0.99293	0.0162031	0	0.00213572	0.0644243	0	0	0	0.00357609	
0.992914	0.0162143	0	0.0021372	0.0640087	0	0	0	0.00353928	
0.992899	0.0162255	0	0.00213867	0.0635958	0	0	0	0.00350296	
0.992883	0.0162366	0	0.00214014	0.0631855	0	0	0	0.0034671	
0.992868	0.0162476	0	0.00214159	0.0627779	0	0	0	0.0034317	
0.992852	0.0162585	0	0.00214303	0.062373	0	0	0	0.00339676	
0.992837	0.0162694	0	0.00214447	0.0619706	0	0	0	0.00336226	
0.992822	0.0162802	0	0.00214589	0.0615709	0	0	0	0.00332821	
0.992806	0.016291	0	0.00214731	0.0611737	0	0	0	0.0032946	
0.992791	0.0163016	0	0.00214871	0.0607791	0	0	0	0.00326141	
0.992775	0.0163122	0	0.00215011	0.0603871	0	0	0	0.00322866	
0.99276	0.0163228	0	0.0021515	0.0599976	0	0	0	0.00319632	
0.992744	0.0163333	0	0.00215288	0.0596106	0	0	0	0.00316439	
0.992729	0.0163437	0	0.00215425	0.0592261	0	0	0	0.00313288	
0.992713	0.016354	0	0.00215562	0.0588442	0	0	0	0.00310176	
0.992698	0.0163643	0	0.00215697	0.0584646	0	0	0	0.00307105	
0.992682	0.0163745	0	0.00215832	0.0580876	0	0	0	0.00304072	
0.992667	0.0163846	0	0.00215965	0.0577129	0	0	0	0.00301078	
0.992651	0.0163947	0	0.00216098	0.0573407	0	0	0	0.00298123	
0.992636	0.0164047	0	0.0021623	0.0569709	0	0	0	0.00295205	
0.99262	0.0164147	0	0.00216361	0.0566035	0	0	0	0.00292324	
0.992605	0.0164245	0	0.00216491	0.0562384	0	0	0	0.0028948	
0.992589	0.0164344	0	0.00216621	0.0558758	0	0	0	0.00286672	
0.992574	0.0164441	0	0.0021675	0.0555154	0	0	0	0.00283899	
0.992558	0.0164538	0	0.00216877	0.0551574	0	0	0	0.00281162	
0.992543	0.0164635	0	0.00217004	0.0548017	0	0	0	0.00278459	
0.992527	0.016473	0	0.00217131	0.0544483	0	0	0	0.00275791	
0.992512	0.0164825	0	0.00217256	0.0540972	0	0	0	0.00273157	
0.992497	0.016492	0	0.0021738	0.0537484	0	0	0	0.00270556	
0.992481	0.0165014	0	0.00217504	0.0534018	0	0	0	0.00267987	
0.992466	0.0165107	0	0.00217627	0.0530574	0	0	0	0.00265452	
0.99245	0.01652	0	0.00217749	0.0527153	0	0	0	0.00262948	
0.992435	0.0165292	0	0.00217871	0.0523754	0	0	0	0.00260476	
0.992419	0.0165383	0	0.00217991	0.0520377	0	0	0	0.00258035	
0.992404	0.0165474	0	0.00218111	0.0517022	0	0	0	0.00255625	
0.992388	0.0165565	0	0.0021823	0.0513688	0	0	0	0.00253245	
0.992373	0.0165654	0	0.00218349	0.0510376	0	0	0	0.00250895	
0.992357	0.0165744	0	0.00218466	0.0507085	0	0	0	0.00248574	
0.992342	0.0165832	0	0.00218583	0.0503816	0	0	0	0.00246283	
0.992326	0.016592	0	0.00218699	0.0500568	0	0	0	0.00244021	
0.992311	0.0166008	0	0.00218814	0.049734	0	0	0	0.00241787	
0.992296	0.0166095	0	0.00218929	0.0494134	0	0	0	0.00239581	
0.99228	0.0166181	0	0.00219043	0.0490948	0	0	0	0.00237403	
0.992265	0.0166267	0	0.00219156	0.0487783	0	0	0	0.00235252	
0.992249	0.0166352	0	0.00219268	0.0484638	0	0	0	0.00233128	
0.992234	0.0166437	0	0.0021938	0.0481514	0	0	0	0.0023103	
0.992218	0.0166521	0	0.00219491	0.047841	0	0	0	0.00228959	
0.992203	0.0166605	0	0.00219601	0.0475326	0	0	0	0.00226914	
0.992187	0.0166688	0	0.0021971	0.0472262	0	0	0	0.00224894	
0.992172	0.016677	0	0.00219819	0.0469217	0	0	0	0.00222899	
0.992156	0.0166852	0	0.00219927	0.0466193	0	0	0	0.00220929	
0.992141	0.0166934	0	0.00220035	0.0463187	0	0	0	0.00218984	
0.992126	0.0167015	0	0.00220141	0.0460202	0	0	0	0.00217063	
0.99211	0.0167095	0	0.00220247	0.0457235	0	0	0	0.00215166	
0.992095	0.0167175	0	0.00220353	0.0454288	0	0	0	0.00213293	
0.992079	0.0167254	0	0.00220457	0.045136	0	0	0	0.00211443	
0.992064	0.0167333	0	0.00220561	0.044845	0	0	0	0.00209616	
0.992048	0.0167412	0	0.00220665	0.044556	0	0	0	0.00207811	
0.992033	0.016749	0	0.00220767	0.0442688	0	0	0	0.00206029	
0.992017	0.0167567	0	0.00220869	0.0439835	0	0	0	0.00204269	
0.992002	0.0167644	0	0.00220971	0.0437	0	0	0	0.00202531	
0.991986	0.016772	0	0.00221071	0.0434183	0	0	0	0.00200815	
0.991971	0.0167796	0	0.00221171	0.0431385	0	0	0	0.00199119	
0.991956	0.0167871	0	0.00221271	0.0428605	0	0	0	0.00197445	
0.99194	0.0167946	0	0.00221369	0.0425842	0	0	0	0.00195791	
0.991925	0.0168021	0	0.00221467	0.0423098	0	0	0	0.00194158	
0.991909	0.0168095	0	0.00221565	0.0420371	0	0	0	0.00192545	
0.991894	0.0168168	0	0.00221662	0.0417662	0	0	0	0.00190952	
0.991878	0.0168241	0	0.00221758	0.0414971	0	0	0	0.00189379	
0.991863	0.0168314	0	0.00221854	0.0412296	0	0	0	0.00187825	
0.991847	0.0168386	0	0.00221948	0.0409639	0	0	0	0.0018629	
0.991832	0.0168457	0	0.00222043	0.0407	0	0	0	0.00184774	
0.991817	0.0168528	0	0.00222137	0.0404377	0	0	0	0.00183277	
0.991801	0.0168599	0	0.0022223	0.0401771	0	0	0	0.00181798	
0.991786	0.0168669	0	0.00222322	0.0399182	0	0	0	0.00180338	
0.99177	0.0168739	0	0.00222414	0.039661	0	0	0	0.00178895	
0.991755	0.0168808	0	0.00222505	0.0394054	0	0	0	0.00177471	
0.991739	0.0168877	0	0.00222596	0.0391515	0	0	0	0.00176063	
0.991724	0.0168945	0	0.00222686	0.0388993	0	0	0	0.00174673	
0.991709	0.0169013	0	0.00222776	0.0386486	0	0	0	0.001733	
0.991693	0.0169081	0	0.00222865	0.0383996	0	0	0	0.00171944	
0.991678	0.0169148	0	0.00222953	0.0381522	0	0	0	0.00170605	
0.991662	0.0169214	0	0.00223041	0.0379064	0	0	0	0.00169282	
0.991647	0.0169281	0	0.00223128	0.0376622	0	0	0	0.00167975	
0.991631	0.0169346	0	0.00223215	0.0374195	0	0	0	0.00166685	
0.991616	0.0169412	0	0.00223301	0.0371784	0	0	0	0.0016541	
0.9916	0.0169477	0	0.00223387	0.0369389	0	0	0	0.0016415	
0.991585	0.0169541	0	0.00223472	0.0367009	0	0	0	0.00162907	
0.99157	0.0169605	0	0.00223556	0.0364645	0	0	0	0.00161678	
0.991554	0.0169669	0	0.0022364	0.0362296	0	0	0	0.00160464	
0.991539	0.0169732	0	0.00223723	0.0359962	0	0	0	0.00159266	
0.991523	0.0169795	0	0.00223806	0.0357643	0	0	0	0.00158082	
0.991508	0.0169857	0	0.00223888	0.0355339	0	0	0	0.00156912	
0.991492	0.0169919	0	0.0022397	0.035305	0	0	0	0.00155757	
0.991477	0.0169981	0	0.00224051	0.0350776	0	0	0	0.00154616	
0.991462	0.0170042	0	0.00224132	0.0348516	0	0	0	0.00153489	
0.991446	0.0170103	0	0.00224212	0.0346272	0	0	0	0.00152375	
0.991431	0.0170163	0	0.00224292	0.0344041	0	0	0	0.00151276	
0.991415	0.0170223	0	0.00224371	0.0341825	0	0	0	0.00150189	
0.9914	0.0170283	0	0.00224449	0.0339623	0	0	0	0.00149116	
0.991384	0.0170342	0	0.00224528	0.0337436	0	0	0	0.00148056	
0.991369	0.0170401	0	0.00224605	0.0335262	0	0	0	0.0014701	
0.991354	0.017046	0	0.00224682	0.0333103	0	0	0	0.00145975	
0.991338	0.0170518	0	0.00224759	0.0330958	0	0	0	0.00144954	
0.991323	0.0170575	0	0.00224835	0.0328826	0	0	0	0.00143945	
0.991307	0.0170633	0	0.0022491	0.0326708	0	0	0	0.00142948	
0.991292	0.017069	0	0.00224985	0.0324604	0	0	0	0.00141964	
0.991277	0.0170746	0	0.0022506	0.0322514	0	0	0	0.00140991	
0.991261	0.0170802	0	0.00225134	0.0320437	0	0	0	0.00140031	
0.991246	0.0170858	0	0.00225208	0.0318373	0	0	0	0.00139082	
0.99123	0.0170914	0	0.00225281	0.0316323	0	0	0	0.00138145	
0.991215	0.0170969	0	0.00225353	0.0314286	0	0	0	0.00137219	
0.991199	0.0171024	0	0.00225426	0.0312262	0	0	0	0.00136305	
0.991184	0.0171078	0	0.00225497	0.0310251	0	0	0	0.00135401	
0.991169	0.0171132	0	0.00225569	0.0308254	0	0	0	0.00134509	
0.991153	0.0171186	0	0.00225639	0.0306269	0	0	0	0.00133628	
0.991138	0.0171239	0	0.0022571	0.0304297	0	0	0	0.00132757	
0.991122	0.0171292	0	0.0022578	0.0302337	0	0	0	0.00131898	
0.991107	0.0171345	0	0.00225849	0.0300391	0	0	0	0.00131048	
0.991091	0.0171397	0	0.00225918	0.0298456	0	0	0	0.0013021	
0.991076	0.0171449	0	0.00225986	0.0296535	0	0	0	0.00129381	
0.991061	0.0171501	0	0.00226054	0.0294626	0	0	0	0.00128563	
0.991045	0.0171552	0	0.00226122	0.0292729	0	0	0	0.00127754	
0.99103	0.0171603	0	0.00226189	0.0290844	0	0	0	0.00126956	
0.991014	0.0171653	0	0.00226256	0.0288972	0	0	0	0.00126168	
0.990999	0.0171704	0	0.00226322	0.0287111	0	0	0	0.00125389	
0.990984	0.0171754	0	0.00226388	0.0285263	0	0	0	0.0012462	
0.990968	0.0171803	0	0.00226453	0.0283426	0	0	0	0.0012386	
0.990953	0.0171853	0	0.00226518	0.0281602	0	0	0	0.00123109	
0.990937	0.0171902	0	0.00226583	0.0279789	0	0	0	0.00122368	
0.990922	0.017195	0	0.00226647	0.0277988	0	0	0	0.00121636	
0.990907	0.0171998	0	0.00226711	0.0276198	0	0	0	0.00120913	
0.990891	0.0172047	0	0.00226774	0.0274421	0	0	0	0.00120199	
0.990876	0.0172094	0	0.00226837	0.0272654	0	0	0	0.00119494	
0.99086	0.0172142	0	0.00226899	0.0270899	0	0	0	0.00118798	
0.990845	0.0172189	0	0.00226961	0.0269155	0	0	0	0.0011811	
0.990829	0.0172235	0	0.00227023	0.0267423	0	0	0	0.00117431	
0.990814	0.0172282	0	0.00227084	0.0265702	0	0	0	0.0011676	
0.990799	0.0172328	0	0.00227145	0.0263992	0	0	0	0.00116098	
0.990783	0.0172374	0	0.00227205	0.0262293	0	0	0	0.00115444	
0.990768	0.0172419	0	0.00227265	0.0260605	0	0	0	0.00114798	
0.990752	0.0172465	0	0.00227325	0.0258927	0	0	0	0.0011416	
0.990737	0.017251	0	0.00227384	0.0257261	0	0	0	0.00113531	
0.990722	0.0172554	0	0.00227443	0.0255605	0	0	0	0.00112909	
0.990706	0.0172599	0	0.00227501	0.025396	0	0	0	0.00112295	
0.990691	0.0172643	0	0.00227559	0.0252326	0	0	0	0.00111688	
0.990675	0.0172686	0	0.00227617	0.0250702	0	0	0	0.0011109	
0.99066	0.017273	0	0.00227674	0.0249089	0	0	0	0.00110499	
0.990645	0.0172773	0	0.00227731	0.0247486	0	0	0	0.00109915	
0.990629	0.0172816	0	0.00227788	0.0245894	0	0	0	0.00109339	
0.990614	0.0172859	0	0.00227844	0.0244312	0	0	0	0.0010877	
0.990598	0.0172901	0	0.002279	0.024274	0	0	0	0.00108208	
0.990583	0.0172943	0	0.00227955	0.0241178	0	0	0	0.00107654	
0.990568	0.0172985	0	0.0022801	0.0239626	0	0	0	0.00107106	
0.990552	0.0173026	0	0.00228065	0.0238084	0	0	0	0.00106566	
0.990537	0.0173067	0	0.00228119	0.0236552	0	0	0	0.00106033	
0.990521	0.0173108	0	0.00228173	0.023503	0	0	0	0.00105506	
0.990506	0.0173149	0	0.00228227	0.0233518	0	0	0	0.00104987	
0.990491	0.017319	0	0.0022828	0.0232016	0	0	0	0.00104474	
0.990475	0.017323	0	0.00228333	0.0230523	0	0	0	0.00103967	
0.99046	0.017327	0	0.00228386	0.022904	0	0	0	0.00103468	
0.990444	0.0173309	0	0.00228438	0.0227567	0	0	0	0.00102975	
0.990429	0.0173349	0	0.0022849	0.0226103	0	0	0	0.00102488	
0.990414	0.0173388	0	0.00228542	0.0224649	0	0	0	0.00102008	
0.990398	0.0173426	0	0.00228593	0.0223204	0	0	0	0.00101534	
0.990383	0.0173465	0	0.00228644	0.0221768	0	0	0	0.00101066	
0.990367	0.0173503	0	0.00228694	0.0220342	0	0	0	0.00100605	
0.990352	0.0173541	0	0.00228744	0.0218924	0	0	0	0.0010015	
0.990337	0.0173579	0	0.00228794	0.0217516	0	0	0	0.000997007	
0.990321	0.0173617	0	0.00228844	0.0216117	0	0	0	0.000992577	
0.990306	0.0173654	0	0.00228893	0.0214727	0	0	0	0.000988206	
0.99029	0.0173691	0	0.00228942	0.0213346	0	0	0	0.000983895	
0.990275	0.0173728	0	0.0022899	0.0211974	0	0	0	0.000979642	
0.99026	0.0173765	0	0.00229038	0.0210611	0	0	0	0.000975448	
0.990244	0.0173801	0	0.00229086	0.0209257	0	0	0	0.000971311	
0.990229	0.0173837	0	0.00229134	0.0207911	0	0	0	0.000967232	
0.990213	0.0173873	0	0.00229181	0.0206574	0	0	0	0.000963209	
0.990198	0.0173909	0	0.00229228	0.0205246	0	0	0	0.000959242	
0.990183	0.0173944	0	0.00229275	0.0203926	0	0	0	0.000955332	
0.990167	0.0173979	0	0.00229321	0.0202615	0	0	0	0.000951476	
0.990152	0.0174014	0	0.00229367	0.0201312	0	0	0	0.000947675	
0.990137	0.0174049	0	0.00229413	0.0200017	0	0	0	0.000943928	
0.990121	0.0174083	0	0.00229458	0.0198731	0	0	0	0.000940235	
0.990106	0.0174117	0	0.00229503	0.0197454	0	0	0	0.000936596	
0.99009	0.0174151	0	0.00229548	0.0196184	0	0	0	0.000933009	
0.990075	0.0174185	0	0.00229593	0.0194923	0	0	0	0.000929475	
0.99006	0.0174219	0	0.00229637	0.019367	0	0	0	0.000925993	
0.990044	0.0174252	0	0.00229681	0.0192425	0	0	0	0.000922562	
0.990029	0.0174285	0	0.00229725	0.0191188	0	0	0	0.000919183	
0.990013	0.0174318	0	0.00229768	0.0189959	0	0	0	0.000915855	
0.989998	0.0174351	0	0.00229811	0.0188738	0	0	0	0.000912577	
0.989983	0.0174383	0	0.00229854	0.0187525	0	0	0	0.000909349	
0.989967	0.0174415	0	0.00229896	0.0186319	0	0	0	0.000906171	
0.989952	0.0174447	0	0.00229938	0.0185122	0	0	0	0.000903042	
0.989937	0.0174479	0	0.0022998	0.0183932	0	0	0	0.000899963	
0.989921	0.0174511	0	0.00230022	0.018275	0	0	0	0.000896932	
0.989906	0.0174542	0	0.00230063	0.0181575	0	0	0	0.000893949	
0.98989	0.0174573	0	0.00230104	0.0180408	0	0	0	0.000891015	
0.989875	0.0174604	0	0.00230145	0.0179249	0	0	0	0.000888128	
0.98986	0.0174635	0	0.00230186	0.0178097	0	0	0	0.000885288	
0.989844	0.0174666	0	0.00230226	0.0176952	0	0	0	0.000882496	
0.989829	0.0174696	0	0.00230266	0.0175815	0	0	0	0.000879751	
0.989813	0.0174726	0	0.00230306	0.0174686	0	0	0	0.000877052	
0.989798	0.0174756	0	0.00230345	0.0173563	0	0	0	0.0008744	
0.989783	0.0174786	0	0.00230384	0.0172448	0	0	0	0.000871793	
0.989767	0.0174815	0	0.00230423	0.017134	0	0	0	0.000869232	
0.989752	0.0174845	0	0.00230462	0.0170239	0	0	0	0.000866717	
0.989737	0.0174874	0	0.00230501	0.0169145	0	0	0	0.000864248	
0.989721	0.0174903	0	0.00230539	0.0168059	0	0	0	0.000861823	
0.989706	0.0174932	0	0.00230577	0.0166979	0	0	0	0.000859443	
0.98969	0.017496	0	0.00230614	0.0165906	0	0	0	0.000857108	
0.989675	0.0174989	0	0.00230652	0.0164841	0	0	0	0.000854818	
0.98966	0.0175017	0	0.00230689	0.0163782	0	0	0	0.000852572	
0.989644	0.0175045	0	0.00230726	0.016273	0	0	0	0.00085037	
0.989629	0.0175073	0	0.00230762	0.0161684	0	0	0	0.000848212	
0.989614	0.01751	0	0.00230799	0.0160646	0	0	0	0.000846098	
0.989598	0.0175128	0	0.00230835	0.0159614	0	0	0	0.000844028	
0.989583	0.0175155	0	0.00230871	0.0158589	0	0	0	0.000842001	
0.989567	0.0175182	0	0.00230907	0.015757	0	0	0	0.000840018	
0.989552	0.0175209	0	0.00230942	0.0156559	0	0	0	0.000838078	
0.989537	0.0175236	0	0.00230977	0.0155553	0	0	0	0.000836182	
0.989521	0.0175262	0	0.00231012	0.0154554	0	0	0	0.000834328	
0.989506	0.0175289	0	0.00231047	0.0153562	0	0	0	0.000832518	
0.989491	0.0175315	0	0.00231082	0.0152576	0	0	0	0.000830751	
0.989475	0.0175341	0	0.00231116	0.0151596	0	0	0	0.000829027	
0.98946	0.0175367	0	0.0023115	0.0150623	0	0	0	0.000827346	
0.989444	0.0175392	0	0.00231184	0.0149656	0	0	0	0.000825708	
0.989429	0.0175418	0	0.00231217	0.0148695	0	0	0	0.000824113	
0.989414	0.0175443	0	0.00231251	0.014774	0	0	0	0.000822562	
0.989398	0.0175468	0	0.00231284	0.0146792	0	0	0	0.000821053	
0.989383	0.0175493	0	0.00231317	0.0145849	0	0	0	0.000819587	
0.989368	0.0175518	0	0.0023135	0.0144913	0	0	0	0.000818164	
0.989352	0.0175543	0	0.00231382	0.0143983	0	0	0	0.000816785	
0.989337	0.0175567	0	0.00231415	0.0143059	0	0	0	0.000815449	
0.989322	0.0175592	0	0.00231447	0.0142141	0	0	0	0.000814156	
0.989306	0.0175616	0	0.00231479	0.0141228	0	0	0	0.000812907	
0.989291	0.017564	0	0.0023151	0.0140322	0	0	0	0.000811701	
0.989275	0.0175664	0	0.00231542	0.0139421	0	0	0	0.00081054	
0.98926	0.0175687	0	0.00231573	0.0138527	0	0	0	0.000809422	
0.989245	0.0175711	0	0.00231604	0.0137638	0	0	0	0.000808349	
0.989229	0.0175734	0	0.00231635	0.0136754	0	0	0	0.00080732	
0.989214	0.0175758	0	0.00231665	0.0135877	0	0	0	0.000806336	
0.989199	0.0175781	0	0.00231696	0.0135005	0	0	0	0.000805397	
0.989183	0.0175804	0	0.00231726	0.0134139	0	0	0	0.000804503	
0.989168	0.0175826	0	0.00231756	0.0133278	0	0	0	0.000803655	
0.989153	0.0175849	0	0.00231786	0.0132423	0	0	0	0.000802853	
0.989137	0.0175871	0	0.00231815	0.0131574	0	0	0	0.000802098	
0.989122	0.0175894	0	0.00231845	0.013073	0	0	0	0.000801389	
0.989106	0.0175916	0	0.00231874	0.0129891	0	0	0	0.000800728	
0.989091	0.0175938	0	0.00231903	0.0129058	0	0	0	0.000800115	
0.989076	0.017596	0	0.00231932	0.012823	0	0	0	0.00079955	
0.98906	0.0175982	0	0.00231961	0.0127408	0	0	0	0.000799034	
0.989045	0.0176003	0	0.00231989	0.0126591	0	0	0	0.000798567	
0.98903	0.0176025	0	0.00232017	0.0125779	0	0	0	0.000798151	
0.989014	0.0176046	0	0.00232045	0.0124972	0	0	0	0.000797787	
0.988999	0.0176067	0	0.00232073	0.0124171	0	0	0	0.000797474	
0.988984	0.0176088	0	0.00232101	0.0123375	0	0	0	0.000797213	
0.988968	0.0176109	0	0.00232129	0.0122584	0	0	0	0.000797007	
0.988953	0.017613	0	0.00232156	0.0121798	0	0	0	0.000796855	
0.988937	0.017615	0	0.00232183	0.0121017	0	0	0	0.000796759	
0.988922	0.0176171	0	0.0023221	0.0120241	0	0	0	0.000796721	
0.988907	0.0176191	0	0.00232237	0.0119471	0	0	0	0.00079674	
0.988891	0.0176212	0	0.00232264	0.0118705	0	0	0	0.000796819	
0.988876	0.0176232	0	0.0023229	0.0117944	0	0	0	0.000796959	
0.988861	0.0176252	0	0.00232316	0.0117188	0	0	0	0.000797163	
0.988845	0.0176271	0	0.00232343	0.0116437	0	0	0	0.000797431	
0.98883	0.0176291	0	0.00232369	0.0115691	0	0	0	0.000797765	
0.988815	0.0176311	0	0.00232394	0.0114949	0	0	0	0.000798168	
0.988799	0.017633	0	0.0023242	0.0114213	0	0	0	0.000798643	
0.988784	0.017635	0	0.00232445	0.0113481	0	0	0	0.00079919	
0.988769	0.0176369	0	0.00232471	0.0112754	0	0	0	0.000799815	
0.988753	0.0176388	0	0.00232496	0.0112032	0	0	0	0.000800518	
0.988738	0.0176407	0	0.00232521	0.0111314	0	0	0	0.000801305	
0.988723	0.0176426	0	0.00232546	0.0110601	0	0	0	0.000802178	
0.988707	0.0176444	0	0.0023257	0.0109893	0	0	0	0.000803142	
0.988692	0.0176463	0	0.00232595	0.0109189	0	0	0	0.000804201	
0.988676	0.0176481	0	0.00232619	0.010849	0	0	0	0.000805361	
0.988661	0.01765	0	0.00232644	0.0107795	0	0	0	0.000806627	
0.988646	0.0176518	0	0.00232668	0.0107105	0	0	0	0.000808005	
0.98863	0.0176536	0	0.00232692	0.0106419	0	0	0	0.000809503	
0.988615	0.0176554	0	0.00232715	0.0105738	0	0	0	0.000811128	
