1	0	0	0	1	0	0	0	1	
0.996903	1.07254e-06	0	3.39063e-07	0.99518	0	0	0	0.985309	
0.993829	4.24497e-06	0	1.34226e-06	0.990411	0	0	0	0.97098	
0.990765	9.47137e-06	0	2.99477e-06	0.985667	0	0	0	0.956863	
0.987711	1.67017e-05	0	5.2808e-06	0.980949	0	0	0	0.942954	
0.984666	2.58871e-05	0	8.18488e-06	0.976257	0	0	0	0.929251	
0.981632	3.69796e-05	0	1.16919e-05	0.971591	0	0	0	0.915751	
0.978607	4.99324e-05	0	1.5787e-05	0.966949	0	0	0	0.902451	
0.975591	6.46997e-05	0	2.04557e-05	0.962333	0	0	0	0.889347	
0.972586	8.12366e-05	0	2.56838e-05	0.957741	0	0	0	0.876437	
0.96959	9.9499e-05	0	3.14574e-05	0.953175	0	0	0	0.863718	
0.966604	0.000119444	0	3.77629e-05	0.948633	0	0	0	0.851187	
0.963627	0.000141029	0	4.45871e-05	0.944115	0	0	0	0.838842	
0.96066	0.000164214	0	5.19167e-05	0.939621	0	0	0	0.826678	
0.957702	0.000188957	0	5.97391e-05	0.935152	0	0	0	0.814695	
0.954754	0.000215219	0	6.80416e-05	0.930706	0	0	0	0.802888	
0.951815	0.000242961	0	7.68121e-05	0.926284	0	0	0	0.791256	
0.948886	0.000272145	0	8.60384e-05	0.921886	0	0	0	0.779796	
0.945966	0.000302734	0	9.57088e-05	0.91751	0	0	0	0.768506	
0.943055	0.000334691	0	0.000105812	0.913159	0	0	0	0.757382	
0.940154	0.00036798	0	0.000116336	0.90883	0	0	0	0.746422	
0.937261	0.000402566	0	0.00012727	0.904524	0	0	0	0.735624	
0.934378	0.000438415	0	0.000138603	0.900241	0	0	0	0.724986	
0.931505	0.000475493	0	0.000150325	0.89598	0	0	0	0.714504	
0.92864	0.000513766	0	0.000162424	0.891742	0	0	0	0.704178	
0.925785	0.000553202	0	0.000174892	0.887526	0	0	0	0.694003	
0.922938	0.00059377	0	0.000187717	0.883332	0	0	0	0.68398	
0.920101	0.000635437	0	0.00020089	0.879161	0	0	0	0.674103	
0.917272	0.000678174	0	0.0002144	0.875011	0	0	0	0.664373	
0.914453	0.00072195	0	0.00022824	0.870883	0	0	0	0.654787	
0.911643	0.000766736	0	0.000242398	0.866776	0	0	0	0.645341	
0.908841	0.000812503	0	0.000256867	0.862691	0	0	0	0.636035	
0.906048	0.000859222	0	0.000271636	0.858627	0	0	0	0.626867	
0.903265	0.000906866	0	0.000286698	0.854584	0	0	0	0.617833	
0.90049	0.000955407	0	0.000302044	0.850562	0	0	0	0.608933	
0.897724	0.00100482	0	0.000317665	0.846561	0	0	0	0.600164	
0.894966	0.00105507	0	0.000333553	0.84258	0	0	0	0.591525	
0.892217	0.00110615	0	0.000349699	0.838621	0	0	0	0.583012	
0.889477	0.00115802	0	0.000366096	0.834681	0	0	0	0.574626	
0.886746	0.00121065	0	0.000382737	0.830762	0	0	0	0.566362	
0.884023	0.00126403	0	0.000399612	0.826863	0	0	0	0.558221	
0.881309	0.00131813	0	0.000416715	0.822984	0	0	0	0.5502	
0.878604	0.00137293	0	0.000434039	0.819126	0	0	0	0.542297	
0.875907	0.0014284	0	0.000451576	0.815287	0	0	0	0.53451	
0.873218	0.00148453	0	0.000469318	0.811467	0	0	0	0.526838	
0.870538	0.00154128	0	0.00048726	0.807667	0	0	0	0.519279	
0.867867	0.00159864	0	0.000505393	0.803887	0	0	0	0.511831	
0.865204	0.00165658	0	0.000523712	0.800126	0	0	0	0.504493	
0.862549	0.0017151	0	0.00054221	0.796384	0	0	0	0.497263	
0.859903	0.00177415	0	0.00056088	0.792661	0	0	0	0.490139	
0.857264	0.00183374	0	0.000579717	0.788957	0	0	0	0.483121	
0.854635	0.00189383	0	0.000598713	0.785272	0	0	0	0.476205	
0.852013	0.0019544	0	0.000617863	0.781605	0	0	0	0.469391	
0.8494	0.00201544	0	0.00063716	0.777957	0	0	0	0.462678	
0.846795	0.00207693	0	0.0006566	0.774328	0	0	0	0.456063	
0.844198	0.00213886	0	0.000676176	0.770717	0	0	0	0.449546	
0.841609	0.00220119	0	0.000695882	0.767124	0	0	0	0.443125	
0.839029	0.00226392	0	0.000715713	0.763549	0	0	0	0.436798	
0.836456	0.00232703	0	0.000735664	0.759993	0	0	0	0.430564	
0.833892	0.0023905	0	0.000755729	0.756454	0	0	0	0.424422	
0.831336	0.00245431	0	0.000775903	0.752933	0	0	0	0.41837	
0.828787	0.00251846	0	0.000796181	0.74943	0	0	0	0.412407	
0.826247	0.00258291	0	0.000816558	0.745944	0	0	0	0.406531	
0.823715	0.00264767	0	0.000837029	0.742476	0	0	0	0.400742	
0.82119	0.0027127	0	0.00085759	0.739025	0	0	0	0.395038	
0.818674	0.00277801	0	0.000878235	0.735591	0	0	0	0.389418	
0.816165	0.00284356	0	0.00089896	0.732175	0	0	0	0.38388	
0.813664	0.00290936	0	0.00091976	0.728775	0	0	0	0.378424	
0.811171	0.00297538	0	0.000940631	0.725393	0	0	0	0.373048	
0.808686	0.00304161	0	0.000961568	0.722027	0	0	0	0.367751	
0.806209	0.00310804	0	0.000982568	0.718679	0	0	0	0.362531	
0.803739	0.00317465	0	0.00100363	0.715347	0	0	0	0.357388	
0.801277	0.00324143	0	0.00102474	0.712031	0	0	0	0.352321	
0.798823	0.00330837	0	0.0010459	0.708732	0	0	0	0.347328	
0.796376	0.00337546	0	0.00106711	0.705449	0	0	0	0.342408	
0.793938	0.00344268	0	0.00108836	0.702183	0	0	0	0.33756	
0.791506	0.00351002	0	0.00110965	0.698932	0	0	0	0.332784	
0.789082	0.00357747	0	0.00113097	0.695698	0	0	0	0.328078	
0.786666	0.00364502	0	0.00115233	0.69248	0	0	0	0.32344	
0.784258	0.00371266	0	0.00117371	0.689278	0	0	0	0.318871	
0.781857	0.00378037	0	0.00119512	0.686091	0	0	0	0.314368	
0.779463	0.00384815	0	0.00121655	0.68292	0	0	0	0.309932	
0.777077	0.00391599	0	0.00123799	0.679765	0	0	0	0.30556	
0.774698	0.00398387	0	0.00125945	0.676625	0	0	0	0.301253	
0.772327	0.00405178	0	0.00128092	0.673501	0	0	0	0.297009	
0.769963	0.00411972	0	0.0013024	0.670392	0	0	0	0.292826	
0.767606	0.00418767	0	0.00132388	0.667298	0	0	0	0.288706	
0.765257	0.00425563	0	0.00134536	0.66422	0	0	0	0.284645	
0.762915	0.00432359	0	0.00136685	0.661156	0	0	0	0.280644	
0.76058	0.00439153	0	0.00138833	0.658108	0	0	0	0.276701	
0.758253	0.00445946	0	0.0014098	0.655074	0	0	0	0.272816	
0.755933	0.00452735	0	0.00143126	0.652056	0	0	0	0.268988	
0.75362	0.0045952	0	0.00145271	0.649052	0	0	0	0.265216	
0.751314	0.00466301	0	0.00147415	0.646062	0	0	0	0.261499	
0.749016	0.00473076	0	0.00149557	0.643088	0	0	0	0.257837	
0.746724	0.00479845	0	0.00151697	0.640128	0	0	0	0.254228	
0.74444	0.00486606	0	0.00153834	0.637182	0	0	0	0.250672	
0.742163	0.0049336	0	0.00155969	0.63425	0	0	0	0.247168	
0.739893	0.00500105	0	0.00158102	0.631333	0	0	0	0.243715	
0.73763	0.00506841	0	0.00160231	0.62843	0	0	0	0.240312	
0.735374	0.00513567	0	0.00162358	0.625541	0	0	0	0.236959	
0.733125	0.00520282	0	0.0016448	0.622666	0	0	0	0.233655	
0.730883	0.00526986	0	0.001666	0.619805	0	0	0	0.2304	
0.728648	0.00533677	0	0.00168715	0.616958	0	0	0	0.227191	
0.726419	0.00540356	0	0.00170827	0.614124	0	0	0	0.22403	
0.724198	0.00547022	0	0.00172934	0.611305	0	0	0	0.220915	
0.721984	0.00553673	0	0.00175037	0.608499	0	0	0	0.217845	
0.719776	0.0056031	0	0.00177135	0.605706	0	0	0	0.21482	
0.717576	0.00566932	0	0.00179228	0.602927	0	0	0	0.211839	
0.715382	0.00573538	0	0.00181317	0.600161	0	0	0	0.208902	
0.713195	0.00580128	0	0.001834	0.597409	0	0	0	0.206008	
0.711014	0.00586701	0	0.00185478	0.59467	0	0	0	0.203155	
0.708841	0.00593256	0	0.0018755	0.591944	0	0	0	0.200344	
0.706674	0.00599794	0	0.00189617	0.589232	0	0	0	0.197575	
0.704514	0.00606313	0	0.00191678	0.586532	0	0	0	0.194845	
0.702361	0.00612813	0	0.00193733	0.583845	0	0	0	0.192155	
0.700214	0.00619294	0	0.00195782	0.581171	0	0	0	0.189505	
0.698074	0.00625755	0	0.00197824	0.57851	0	0	0	0.186893	
0.695941	0.00632196	0	0.0019986	0.575862	0	0	0	0.184319	
0.693814	0.00638615	0	0.0020189	0.573226	0	0	0	0.181782	
0.691693	0.00645014	0	0.00203912	0.570604	0	0	0	0.179283	
0.68958	0.00651391	0	0.00205928	0.567993	0	0	0	0.176819	
0.687473	0.00657745	0	0.00207937	0.565395	0	0	0	0.174392	
0.685372	0.00664078	0	0.00209939	0.56281	0	0	0	0.172	
0.683278	0.00670387	0	0.00211934	0.560237	0	0	0	0.169642	
0.68119	0.00676673	0	0.00213921	0.557676	0	0	0	0.167319	
0.679109	0.00682936	0	0.00215901	0.555127	0	0	0	0.16503	
0.677034	0.00689174	0	0.00217873	0.552591	0	0	0	0.162773	
0.674966	0.00695388	0	0.00219838	0.550066	0	0	0	0.16055	
0.672904	0.00701578	0	0.00221794	0.547554	0	0	0	0.158359	
0.670848	0.00707742	0	0.00223743	0.545054	0	0	0	0.1562	
0.668799	0.00713881	0	0.00225684	0.542565	0	0	0	0.154072	
0.666756	0.00719995	0	0.00227616	0.540089	0	0	0	0.151974	
0.664719	0.00726082	0	0.00229541	0.537624	0	0	0	0.149908	
0.662689	0.00732143	0	0.00231457	0.535171	0	0	0	0.147871	
0.660665	0.00738178	0	0.00233365	0.532729	0	0	0	0.145864	
0.658647	0.00744186	0	0.00235264	0.530299	0	0	0	0.143885	
0.656635	0.00750166	0	0.00237155	0.527881	0	0	0	0.141936	
0.65463	0.0075612	0	0.00239037	0.525474	0	0	0	0.140015	
0.652631	0.00762045	0	0.0024091	0.523078	0	0	0	0.138121	
0.650638	0.00767943	0	0.00242775	0.520694	0	0	0	0.136255	
0.648651	0.00773813	0	0.0024463	0.518321	0	0	0	0.134416	
0.64667	0.00779654	0	0.00246477	0.51596	0	0	0	0.132604	
0.644695	0.00785467	0	0.00248314	0.513609	0	0	0	0.130817	
0.642727	0.00791251	0	0.00250143	0.51127	0	0	0	0.129057	
0.640764	0.00797006	0	0.00251962	0.508942	0	0	0	0.127322	
0.638808	0.00802732	0	0.00253772	0.506624	0	0	0	0.125612	
0.636857	0.00808428	0	0.00255573	0.504318	0	0	0	0.123927	
0.634913	0.00814095	0	0.00257365	0.502022	0	0	0	0.122266	
0.632974	0.00819732	0	0.00259147	0.499738	0	0	0	0.120629	
0.631042	0.00825339	0	0.00260919	0.497464	0	0	0	0.119016	
0.629115	0.00830916	0	0.00262683	0.495201	0	0	0	0.117426	
0.627195	0.00836463	0	0.00264436	0.492948	0	0	0	0.115859	
0.62528	0.00841979	0	0.0026618	0.490706	0	0	0	0.114314	
0.623372	0.00847465	0	0.00267914	0.488475	0	0	0	0.112792	
0.621469	0.0085292	0	0.00269639	0.486254	0	0	0	0.111292	
0.619572	0.00858344	0	0.00271354	0.484043	0	0	0	0.109813	
0.61768	0.00863738	0	0.00273059	0.481843	0	0	0	0.108356	
0.615795	0.008691	0	0.00274754	0.479654	0	0	0	0.106919	
0.613916	0.00874431	0	0.00276439	0.477474	0	0	0	0.105504	
0.612042	0.00879731	0	0.00278115	0.475305	0	0	0	0.104108	
0.610174	0.00884999	0	0.0027978	0.473146	0	0	0	0.102733	
0.608312	0.00890236	0	0.00281436	0.470997	0	0	0	0.101378	
0.606455	0.00895441	0	0.00283081	0.468858	0	0	0	0.100042	
0.604604	0.00900614	0	0.00284717	0.46673	0	0	0	0.0987248	
0.602759	0.00905756	0	0.00286342	0.464611	0	0	0	0.0974269	
0.60092	0.00910866	0	0.00287957	0.462502	0	0	0	0.0961477	
0.599086	0.00915944	0	0.00289563	0.460403	0	0	0	0.0948868	
0.597258	0.00920989	0	0.00291158	0.458314	0	0	0	0.093644	
0.595435	0.00926003	0	0.00292743	0.456234	0	0	0	0.092419	
0.593618	0.00930984	0	0.00294318	0.454164	0	0	0	0.0912117	
0.591807	0.00935934	0	0.00295882	0.452104	0	0	0	0.0900216	
0.590001	0.00940851	0	0.00297437	0.450054	0	0	0	0.0888486	
0.588201	0.00945735	0	0.00298981	0.448013	0	0	0	0.0876923	
0.586406	0.00950588	0	0.00300515	0.445982	0	0	0	0.0865527	
0.584617	0.00955408	0	0.00302039	0.44396	0	0	0	0.0854293	
0.582834	0.00960195	0	0.00303552	0.441948	0	0	0	0.0843221	
0.581055	0.0096495	0	0.00305055	0.439945	0	0	0	0.0832306	
0.579283	0.00969673	0	0.00306548	0.437951	0	0	0	0.0821548	
0.577515	0.00974363	0	0.00308031	0.435967	0	0	0	0.0810944	
0.575754	0.0097902	0	0.00309503	0.433991	0	0	0	0.0800491	
0.573997	0.00983645	0	0.00310965	0.432025	0	0	0	0.0790187	
0.572246	0.00988237	0	0.00312417	0.430069	0	0	0	0.0780031	
0.570501	0.00992797	0	0.00313859	0.428121	0	0	0	0.077002	
0.56876	0.00997324	0	0.0031529	0.426182	0	0	0	0.0760151	
0.567025	0.0100182	0	0.00316711	0.424253	0	0	0	0.0750423	
0.565296	0.0100628	0	0.00318121	0.422332	0	0	0	0.0740834	
0.563571	0.0101071	0	0.00319522	0.420421	0	0	0	0.0731382	
0.561852	0.0101511	0	0.00320912	0.418518	0	0	0	0.0722065	
0.560139	0.0101947	0	0.00322291	0.416624	0	0	0	0.071288	
0.55843	0.010238	0	0.00323661	0.414739	0	0	0	0.0703826	
0.556727	0.010281	0	0.0032502	0.412862	0	0	0	0.0694901	
0.555029	0.0103237	0	0.00326369	0.410994	0	0	0	0.0686102	
0.553336	0.010366	0	0.00327707	0.409135	0	0	0	0.067743	
0.551649	0.0104081	0	0.00329036	0.407285	0	0	0	0.066888	
0.549966	0.0104497	0	0.00330354	0.405443	0	0	0	0.0660452	
0.548289	0.0104911	0	0.00331662	0.40361	0	0	0	0.0652144	
0.546617	0.0105322	0	0.00332959	0.401785	0	0	0	0.0643953	
0.54495	0.0105729	0	0.00334247	0.399969	0	0	0	0.0635879	
0.543288	0.0106133	0	0.00335524	0.398161	0	0	0	0.062792	
0.541631	0.0106534	0	0.00336791	0.396361	0	0	0	0.0620074	
