1	0	0	0	1	0	0	0	1	
0.999964	1.68323e-06	0	2.76082e-07	0.993892	0	0	0	0.98368	
0.999928	6.59328e-06	0	1.08228e-06	0.987876	0	0	0	0.967844	
0.999892	1.4558e-05	0	2.38952e-06	0.981901	0	0	0	0.952267	
0.999857	2.54074e-05	0	4.16993e-06	0.975967	0	0	0	0.936946	
0.999822	3.89859e-05	0	6.39797e-06	0.970073	0	0	0	0.921877	
0.999787	5.51501e-05	0	9.05013e-06	0.964219	0	0	0	0.907054	
0.999752	7.37676e-05	0	1.21047e-05	0.958404	0	0	0	0.892474	
0.999718	9.47161e-05	0	1.55416e-05	0.952628	0	0	0	0.878133	
0.999684	0.000117882	0	1.93422e-05	0.94689	0	0	0	0.864026	
0.99965	0.000143158	0	2.3489e-05	0.94119	0	0	0	0.85015	
0.999617	0.000170446	0	2.79657e-05	0.935528	0	0	0	0.836501	
0.999584	0.000199654	0	3.27573e-05	0.929903	0	0	0	0.823074	
0.999551	0.000230693	0	3.78493e-05	0.924315	0	0	0	0.809867	
0.999518	0.000263482	0	4.32284e-05	0.918764	0	0	0	0.796876	
0.999485	0.000297943	0	4.88818e-05	0.913249	0	0	0	0.784096	
0.999453	0.000334004	0	5.47975e-05	0.90777	0	0	0	0.771525	
0.99942	0.000371595	0	6.09641e-05	0.902326	0	0	0	0.759159	
0.999388	0.000410651	0	6.7371e-05	0.896918	0	0	0	0.746994	
0.999356	0.000451108	0	7.40079e-05	0.891544	0	0	0	0.735028	
0.999325	0.000492909	0	8.0865e-05	0.886206	0	0	0	0.723256	
0.999293	0.000535995	0	8.79331e-05	0.880901	0	0	0	0.711676	
0.999262	0.000580314	0	9.52033e-05	0.875631	0	0	0	0.700284	
0.99923	0.000625814	0	0.000102667	0.870394	0	0	0	0.689078	
0.999199	0.000672445	0	0.000110317	0.865191	0	0	0	0.678054	
0.999168	0.000720161	0	0.000118144	0.860021	0	0	0	0.667209	
0.999138	0.000768916	0	0.000126142	0.854884	0	0	0	0.656541	
0.999107	0.000818668	0	0.000134303	0.84978	0	0	0	0.646045	
0.999076	0.000869373	0	0.000142621	0.844708	0	0	0	0.635721	
0.999046	0.000920993	0	0.000151089	0.839669	0	0	0	0.625564	
0.999016	0.00097349	0	0.0001597	0.834661	0	0	0	0.615572	
0.998985	0.00102683	0	0.000168449	0.829685	0	0	0	0.605742	
0.998955	0.00108096	0	0.00017733	0.82474	0	0	0	0.596071	
0.998926	0.00113587	0	0.000186338	0.819826	0	0	0	0.586558	
0.998896	0.00119152	0	0.000195466	0.814944	0	0	0	0.577199	
0.998866	0.00124787	0	0.000204709	0.810092	0	0	0	0.567991	
0.998836	0.00130489	0	0.000214064	0.80527	0	0	0	0.558933	
0.998807	0.00136256	0	0.000223524	0.800479	0	0	0	0.550022	
0.998778	0.00142085	0	0.000233085	0.795717	0	0	0	0.541255	
0.998748	0.00147972	0	0.000242742	0.790986	0	0	0	0.53263	
0.998719	0.00153916	0	0.000252492	0.786284	0	0	0	0.524145	
0.99869	0.00159913	0	0.00026233	0.781611	0	0	0	0.515797	
0.998661	0.00165962	0	0.000272251	0.776968	0	0	0	0.507584	
0.998632	0.00172059	0	0.000282253	0.772353	0	0	0	0.499504	
0.998603	0.00178202	0	0.000292331	0.767767	0	0	0	0.491555	
0.998575	0.0018439	0	0.000302481	0.76321	0	0	0	0.483735	
0.998546	0.0019062	0	0.0003127	0.75868	0	0	0	0.476041	
0.998517	0.00196889	0	0.000322984	0.754179	0	0	0	0.468472	
0.998489	0.00203196	0	0.00033333	0.749706	0	0	0	0.461024	
0.998461	0.0020954	0	0.000343736	0.74526	0	0	0	0.453698	
0.998432	0.00215917	0	0.000354197	0.740842	0	0	0	0.446489	
0.998404	0.00222326	0	0.00036471	0.736451	0	0	0	0.439397	
0.998376	0.00228766	0	0.000375273	0.732087	0	0	0	0.43242	
0.998348	0.00235234	0	0.000385883	0.727751	0	0	0	0.425556	
0.99832	0.00241729	0	0.000396537	0.72344	0	0	0	0.418802	
0.998292	0.00248249	0	0.000407233	0.719157	0	0	0	0.412157	
0.998264	0.00254793	0	0.000417967	0.714899	0	0	0	0.405619	
0.998236	0.00261359	0	0.000428738	0.710668	0	0	0	0.399187	
0.998208	0.00267945	0	0.000439542	0.706463	0	0	0	0.392859	
0.998181	0.00274551	0	0.000450378	0.702284	0	0	0	0.386633	
0.998153	0.00281175	0	0.000461243	0.69813	0	0	0	0.380507	
0.998125	0.00287814	0	0.000472134	0.694001	0	0	0	0.37448	
0.998098	0.00294469	0	0.000483051	0.689898	0	0	0	0.368551	
0.998071	0.00301138	0	0.00049399	0.68582	0	0	0	0.362716	
0.998043	0.0030782	0	0.00050495	0.681767	0	0	0	0.356976	
0.998016	0.00314512	0	0.000515928	0.677739	0	0	0	0.351328	
0.997989	0.00321215	0	0.000526924	0.673735	0	0	0	0.345771	
0.997961	0.00327927	0	0.000537934	0.669755	0	0	0	0.340304	
0.997934	0.00334647	0	0.000548957	0.6658	0	0	0	0.334925	
0.997907	0.00341374	0	0.000559991	0.661869	0	0	0	0.329632	
0.99788	0.00348107	0	0.000571035	0.657962	0	0	0	0.324425	
0.997853	0.00354844	0	0.000582087	0.654079	0	0	0	0.319301	
0.997826	0.00361586	0	0.000593145	0.650219	0	0	0	0.31426	
0.997799	0.0036833	0	0.000604209	0.646382	0	0	0	0.3093	
0.997772	0.00375077	0	0.000615275	0.642569	0	0	0	0.304419	
0.997745	0.00381824	0	0.000626343	0.638779	0	0	0	0.299617	
0.997719	0.00388572	0	0.000637412	0.635012	0	0	0	0.294893	
0.997692	0.00395319	0	0.00064848	0.631268	0	0	0	0.290244	
0.997665	0.00402065	0	0.000659545	0.627547	0	0	0	0.28567	
0.997638	0.00408809	0	0.000670607	0.623848	0	0	0	0.281169	
0.997612	0.00415549	0	0.000681664	0.620171	0	0	0	0.276741	
0.997585	0.00422286	0	0.000692715	0.616517	0	0	0	0.272384	
0.997559	0.00429019	0	0.000703759	0.612885	0	0	0	0.268097	
0.997532	0.00435746	0	0.000714794	0.609274	0	0	0	0.263878	
0.997506	0.00442468	0	0.00072582	0.605686	0	0	0	0.259727	
0.997479	0.00449183	0	0.000736835	0.602119	0	0	0	0.255643	
0.997453	0.00455891	0	0.000747839	0.598574	0	0	0	0.251625	
0.997427	0.00462592	0	0.00075883	0.59505	0	0	0	0.247671	
0.9974	0.00469284	0	0.000769807	0.591547	0	0	0	0.24378	
0.997374	0.00475967	0	0.00078077	0.588065	0	0	0	0.239952	
0.997348	0.00482641	0	0.000791718	0.584604	0	0	0	0.236185	
0.997322	0.00489305	0	0.000802648	0.581165	0	0	0	0.232478	
0.997295	0.00495958	0	0.000813562	0.577745	0	0	0	0.228831	
0.997269	0.005026	0	0.000824458	0.574347	0	0	0	0.225242	
0.997243	0.00509231	0	0.000835334	0.570969	0	0	0	0.221711	
0.997217	0.0051585	0	0.000846191	0.567611	0	0	0	0.218237	
0.997191	0.00522456	0	0.000857027	0.564273	0	0	0	0.214817	
0.997165	0.00529049	0	0.000867843	0.560955	0	0	0	0.211453	
0.997139	0.00535629	0	0.000878636	0.557657	0	0	0	0.208143	
0.997113	0.00542195	0	0.000889406	0.554379	0	0	0	0.204885	
0.997087	0.00548747	0	0.000900153	0.551121	0	0	0	0.20168	
0.997061	0.00555284	0	0.000910877	0.547882	0	0	0	0.198526	
0.997035	0.00561806	0	0.000921575	0.544663	0	0	0	0.195422	
0.997009	0.00568313	0	0.000932249	0.541462	0	0	0	0.192368	
0.996984	0.00574804	0	0.000942897	0.538281	0	0	0	0.189363	
0.996958	0.00581279	0	0.000953518	0.535119	0	0	0	0.186406	
0.996932	0.00587738	0	0.000964112	0.531976	0	0	0	0.183496	
0.996906	0.0059418	0	0.000974679	0.528852	0	0	0	0.180632	
0.99688	0.00600605	0	0.000985218	0.525746	0	0	0	0.177815	
0.996855	0.00607012	0	0.000995728	0.522659	0	0	0	0.175042	
0.996829	0.00613402	0	0.00100621	0.519591	0	0	0	0.172314	
0.996803	0.00619774	0	0.00101666	0.516541	0	0	0	0.169629	
0.996778	0.00626128	0	0.00102708	0.513508	0	0	0	0.166987	
0.996752	0.00632463	0	0.00103748	0.510494	0	0	0	0.164387	
0.996727	0.0063878	0	0.00104784	0.507498	0	0	0	0.161828	
0.996701	0.00645077	0	0.00105817	0.50452	0	0	0	0.159311	
0.996675	0.00651356	0	0.00106847	0.50156	0	0	0	0.156833	
0.99665	0.00657615	0	0.00107873	0.498617	0	0	0	0.154395	
0.996624	0.00663854	0	0.00108897	0.495692	0	0	0	0.151996	
0.996599	0.00670073	0	0.00109917	0.492784	0	0	0	0.149635	
0.996573	0.00676273	0	0.00110934	0.489894	0	0	0	0.147312	
0.996548	0.00682452	0	0.00111947	0.487021	0	0	0	0.145026	
0.996523	0.0068861	0	0.00112958	0.484164	0	0	0	0.142776	
0.996497	0.00694748	0	0.00113964	0.481325	0	0	0	0.140562	
0.996472	0.00700865	0	0.00114968	0.478503	0	0	0	0.138383	
0.996446	0.00706962	0	0.00115968	0.475698	0	0	0	0.136239	
0.996421	0.00713037	0	0.00116964	0.472909	0	0	0	0.134129	
0.996396	0.00719091	0	0.00117957	0.470137	0	0	0	0.132053	
0.99637	0.00725123	0	0.00118947	0.467381	0	0	0	0.13001	
0.996345	0.00731134	0	0.00119933	0.464641	0	0	0	0.127999	
0.99632	0.00737123	0	0.00120915	0.461918	0	0	0	0.12602	
0.996294	0.00743091	0	0.00121894	0.459211	0	0	0	0.124072	
0.996269	0.00749036	0	0.00122869	0.456521	0	0	0	0.122156	
0.996244	0.00754959	0	0.00123841	0.453846	0	0	0	0.12027	
0.996219	0.00760861	0	0.00124809	0.451187	0	0	0	0.118413	
0.996194	0.00766739	0	0.00125773	0.448543	0	0	0	0.116587	
0.996168	0.00772596	0	0.00126734	0.445916	0	0	0	0.114789	
0.996143	0.0077843	0	0.00127691	0.443304	0	0	0	0.11302	
0.996118	0.00784242	0	0.00128644	0.440707	0	0	0	0.111279	
0.996093	0.00790031	0	0.00129594	0.438126	0	0	0	0.109566	
0.996068	0.00795797	0	0.0013054	0.43556	0	0	0	0.107879	
0.996043	0.0080154	0	0.00131482	0.43301	0	0	0	0.10622	
0.996017	0.00807261	0	0.0013242	0.430474	0	0	0	0.104587	
0.995992	0.00812958	0	0.00133355	0.427954	0	0	0	0.102979	
0.995967	0.00818633	0	0.00134286	0.425448	0	0	0	0.101397	
0.995942	0.00824285	0	0.00135213	0.422958	0	0	0	0.0998406	
0.995917	0.00829913	0	0.00136136	0.420482	0	0	0	0.0983084	
0.995892	0.00835518	0	0.00137055	0.41802	0	0	0	0.0968005	
0.995867	0.00841101	0	0.00137971	0.415573	0	0	0	0.0953165	
0.995842	0.0084666	0	0.00138883	0.413141	0	0	0	0.093856	
0.995817	0.00852195	0	0.00139791	0.410723	0	0	0	0.0924186	
0.995792	0.00857708	0	0.00140695	0.40832	0	0	0	0.0910039	
0.995767	0.00863197	0	0.00141596	0.40593	0	0	0	0.0896116	
0.995742	0.00868662	0	0.00142492	0.403555	0	0	0	0.0882413	
0.995717	0.00874105	0	0.00143385	0.401194	0	0	0	0.0868927	
0.995692	0.00879524	0	0.00144274	0.398846	0	0	0	0.0855654	
0.995667	0.00884919	0	0.00145159	0.396513	0	0	0	0.084259	
0.995642	0.00890291	0	0.0014604	0.394193	0	0	0	0.0829733	
0.995617	0.0089564	0	0.00146917	0.391887	0	0	0	0.0817079	
0.995592	0.00900965	0	0.00147791	0.389595	0	0	0	0.0804624	
0.995567	0.00906267	0	0.00148661	0.387316	0	0	0	0.0792366	
0.995543	0.00911545	0	0.00149526	0.385051	0	0	0	0.0780302	
0.995518	0.009168	0	0.00150388	0.382799	0	0	0	0.0768428	
0.995493	0.00922031	0	0.00151246	0.38056	0	0	0	0.0756741	
0.995468	0.00927239	0	0.00152101	0.378335	0	0	0	0.0745238	
0.995443	0.00932424	0	0.00152951	0.376122	0	0	0	0.0733917	
0.995418	0.00937585	0	0.00153798	0.373923	0	0	0	0.0722774	
0.995393	0.00942723	0	0.0015464	0.371737	0	0	0	0.0711807	
0.995369	0.00947837	0	0.00155479	0.369563	0	0	0	0.0701012	
0.995344	0.00952928	0	0.00156314	0.367403	0	0	0	0.0690387	
0.995319	0.00957995	0	0.00157146	0.365255	0	0	0	0.067993	
0.995294	0.0096304	0	0.00157973	0.36312	0	0	0	0.0669637	
0.995269	0.0096806	0	0.00158797	0.360997	0	0	0	0.0659506	
0.995245	0.00973058	0	0.00159616	0.358887	0	0	0	0.0649534	
0.99522	0.00978032	0	0.00160432	0.356789	0	0	0	0.063972	
0.995195	0.00982983	0	0.00161245	0.354704	0	0	0	0.0630059	
0.99517	0.00987911	0	0.00162053	0.352631	0	0	0	0.062055	
0.995146	0.00992816	0	0.00162857	0.35057	0	0	0	0.0611191	
0.995121	0.00997698	0	0.00163658	0.348521	0	0	0	0.0601978	
0.995096	0.0100256	0	0.00164455	0.346485	0	0	0	0.0592911	
0.995071	0.0100739	0	0.00165248	0.34446	0	0	0	0.0583985	
0.995047	0.010122	0	0.00166038	0.342447	0	0	0	0.05752	
0.995022	0.0101699	0	0.00166823	0.340446	0	0	0	0.0566552	
0.994997	0.0102176	0	0.00167605	0.338457	0	0	0	0.055804	
0.994973	0.010265	0	0.00168383	0.33648	0	0	0	0.0549662	
0.994948	0.0103122	0	0.00169158	0.334514	0	0	0	0.0541414	
0.994923	0.0103592	0	0.00169928	0.33256	0	0	0	0.0533296	
0.994899	0.010406	0	0.00170695	0.330617	0	0	0	0.0525306	
0.994874	0.0104525	0	0.00171458	0.328686	0	0	0	0.051744	
0.994849	0.0104988	0	0.00172218	0.326766	0	0	0	0.0509697	
0.994825	0.0105449	0	0.00172973	0.324857	0	0	0	0.0502076	
0.9948	0.0105907	0	0.00173725	0.32296	0	0	0	0.0494574	
0.994775	0.0106363	0	0.00174474	0.321073	0	0	0	0.0487189	
0.994751	0.0106817	0	0.00175218	0.319198	0	0	0	0.0479919	
0.994726	0.0107269	0	0.00175959	0.317334	0	0	0	0.0472764	
0.994701	0.0107719	0	0.00176697	0.315481	0	0	0	0.046572	
0.994677	0.0108166	0	0.00177431	0.313639	0	0	0	0.0458786	
0.994652	0.0108611	0	0.00178161	0.311807	0	0	0	0.045196	
0.994628	0.0109054	0	0.00178887	0.309986	0	0	0	0.0445241	
0.994603	0.0109494	0	0.0017961	0.308176	0	0	0	0.0438627	
0.994578	0.0109933	0	0.00180329	0.306377	0	0	0	0.0432116	
0.994554	0.0110369	0	0.00181045	0.304588	0	0	0	0.0425706	
0.994529	0.0110803	0	0.00181757	0.30281	0	0	0	0.0419396	
0.994505	0.0111235	0	0.00182465	0.301042	0	0	0	0.0413185	
0.99448	0.0111665	0	0.0018317	0.299284	0	0	0	0.0407071	
0.994455	0.0112092	0	0.00183871	0.297537	0	0	0	0.0401051	
0.994431	0.0112518	0	0.00184569	0.2958	0	0	0	0.0395126	
0.994406	0.0112941	0	0.00185263	0.294073	0	0	0	0.0389292	
0.994382	0.0113362	0	0.00185954	0.292357	0	0	0	0.038355	
0.994357	0.0113781	0	0.00186641	0.29065	0	0	0	0.0377896	
0.994333	0.0114198	0	0.00187324	0.288954	0	0	0	0.0372331	
0.994308	0.0114612	0	0.00188005	0.287267	0	0	0	0.0366852	
0.994284	0.0115025	0	0.00188681	0.285591	0	0	0	0.0361458	
0.994259	0.0115435	0	0.00189354	0.283924	0	0	0	0.0356148	
0.994235	0.0115843	0	0.00190024	0.282267	0	0	0	0.0350921	
0.99421	0.011625	0	0.00190691	0.280619	0	0	0	0.0345774	
0.994186	0.0116654	0	0.00191353	0.278982	0	0	0	0.0340708	
0.994161	0.0117056	0	0.00192013	0.277354	0	0	0	0.033572	
0.994137	0.0117456	0	0.00192669	0.275735	0	0	0	0.0330809	
0.994112	0.0117854	0	0.00193322	0.274126	0	0	0	0.0325974	
0.994088	0.0118249	0	0.00193971	0.272527	0	0	0	0.0321215	
0.994063	0.0118643	0	0.00194617	0.270937	0	0	0	0.0316529	
0.994039	0.0119035	0	0.00195259	0.269356	0	0	0	0.0311915	
0.994014	0.0119425	0	0.00195899	0.267784	0	0	0	0.0307373	
0.99399	0.0119812	0	0.00196534	0.266222	0	0	0	0.0302901	
0.993965	0.0120198	0	0.00197167	0.264668	0	0	0	0.0298499	
0.993941	0.0120581	0	0.00197796	0.263124	0	0	0	0.0294164	
0.993916	0.0120963	0	0.00198422	0.261589	0	0	0	0.0289896	
0.993892	0.0121343	0	0.00199045	0.260063	0	0	0	0.0285695	
0.993867	0.012172	0	0.00199664	0.258546	0	0	0	0.0281558	
0.993843	0.0122096	0	0.0020028	0.257038	0	0	0	0.0277485	
0.993819	0.012247	0	0.00200893	0.255538	0	0	0	0.0273475	
0.993794	0.0122841	0	0.00201503	0.254048	0	0	0	0.0269526	
0.99377	0.0123211	0	0.00202109	0.252566	0	0	0	0.0265639	
0.993745	0.0123579	0	0.00202712	0.251093	0	0	0	0.0261811	
0.993721	0.0123944	0	0.00203312	0.249628	0	0	0	0.0258043	
0.993696	0.0124308	0	0.00203909	0.248172	0	0	0	0.0254332	
0.993672	0.012467	0	0.00204503	0.246725	0	0	0	0.0250679	
0.993648	0.012503	0	0.00205093	0.245286	0	0	0	0.0247081	
0.993623	0.0125388	0	0.00205681	0.243855	0	0	0	0.0243539	
0.993599	0.0125744	0	0.00206265	0.242433	0	0	0	0.0240052	
0.993574	0.0126099	0	0.00206846	0.241019	0	0	0	0.0236618	
0.99355	0.0126451	0	0.00207424	0.239613	0	0	0	0.0233237	
0.993526	0.0126802	0	0.00207999	0.238216	0	0	0	0.0229907	
0.993501	0.012715	0	0.00208571	0.236827	0	0	0	0.0226629	
0.993477	0.0127497	0	0.0020914	0.235446	0	0	0	0.0223401	
0.993452	0.0127842	0	0.00209705	0.234073	0	0	0	0.0220223	
0.993428	0.0128185	0	0.00210268	0.232708	0	0	0	0.0217093	
0.993404	0.0128526	0	0.00210828	0.231351	0	0	0	0.0214011	
0.993379	0.0128865	0	0.00211384	0.230002	0	0	0	0.0210976	
0.993355	0.0129203	0	0.00211938	0.228661	0	0	0	0.0207988	
0.993331	0.0129539	0	0.00212489	0.227328	0	0	0	0.0205046	
0.993306	0.0129873	0	0.00213037	0.226002	0	0	0	0.0202148	
0.993282	0.0130205	0	0.00213581	0.224684	0	0	0	0.0199295	
0.993257	0.0130535	0	0.00214123	0.223375	0	0	0	0.0196486	
0.993233	0.0130863	0	0.00214662	0.222072	0	0	0	0.0193719	
0.993209	0.013119	0	0.00215198	0.220778	0	0	0	0.0190994	
0.993184	0.0131515	0	0.00215731	0.21949	0	0	0	0.0188311	
0.99316	0.0131838	0	0.00216261	0.218211	0	0	0	0.0185669	
0.993136	0.013216	0	0.00216788	0.216939	0	0	0	0.0183068	
0.993111	0.0132479	0	0.00217313	0.215674	0	0	0	0.0180506	
0.993087	0.0132797	0	0.00217834	0.214417	0	0	0	0.0177982	
0.993063	0.0133114	0	0.00218353	0.213167	0	0	0	0.0175498	
0.993038	0.0133428	0	0.00218869	0.211924	0	0	0	0.0173051	
0.993014	0.0133741	0	0.00219382	0.210689	0	0	0	0.0170641	
0.99299	0.0134052	0	0.00219892	0.209461	0	0	0	0.0168268	
0.992965	0.0134361	0	0.002204	0.20824	0	0	0	0.0165931	
0.992941	0.0134669	0	0.00220904	0.207026	0	0	0	0.0163629	
0.992917	0.0134975	0	0.00221406	0.205819	0	0	0	0.0161363	
0.992892	0.0135279	0	0.00221905	0.20462	0	0	0	0.0159131	
0.992868	0.0135582	0	0.00222402	0.203427	0	0	0	0.0156932	
0.992844	0.0135883	0	0.00222895	0.202242	0	0	0	0.0154767	
0.992819	0.0136182	0	0.00223386	0.201063	0	0	0	0.0152635	
0.992795	0.013648	0	0.00223875	0.199891	0	0	0	0.0150535	
0.992771	0.0136776	0	0.0022436	0.198726	0	0	0	0.0148466	
0.992747	0.013707	0	0.00224843	0.197568	0	0	0	0.0146429	
0.992722	0.0137363	0	0.00225323	0.196417	0	0	0	0.0144423	
0.992698	0.0137654	0	0.00225801	0.195272	0	0	0	0.0142447	
0.992674	0.0137944	0	0.00226276	0.194134	0	0	0	0.0140501	
0.992649	0.0138232	0	0.00226748	0.193003	0	0	0	0.0138584	
0.992625	0.0138518	0	0.00227218	0.191878	0	0	0	0.0136696	
0.992601	0.0138803	0	0.00227685	0.19076	0	0	0	0.0134837	
0.992577	0.0139086	0	0.0022815	0.189648	0	0	0	0.0133006	
0.992552	0.0139368	0	0.00228612	0.188543	0	0	0	0.0131202	
0.992528	0.0139648	0	0.00229071	0.187444	0	0	0	0.0129425	
0.992504	0.0139926	0	0.00229528	0.186352	0	0	0	0.0127675	
0.992479	0.0140203	0	0.00229982	0.185266	0	0	0	0.0125952	
0.992455	0.0140479	0	0.00230434	0.184187	0	0	0	0.0124254	
0.992431	0.0140753	0	0.00230884	0.183114	0	0	0	0.0122582	
0.992407	0.0141025	0	0.0023133	0.182047	0	0	0	0.0120935	
0.992382	0.0141296	0	0.00231775	0.180986	0	0	0	0.0119312	
0.992358	0.0141565	0	0.00232217	0.179932	0	0	0	0.0117714	
0.992334	0.0141833	0	0.00232656	0.178883	0	0	0	0.011614	
0.99231	0.01421	0	0.00233093	0.177841	0	0	0	0.0114589	
0.992285	0.0142365	0	0.00233527	0.176805	0	0	0	0.0113062	
0.992261	0.0142628	0	0.00233959	0.175775	0	0	0	0.0111557	
0.992237	0.014289	0	0.00234389	0.174751	0	0	0	0.0110075	
0.992213	0.014315	0	0.00234816	0.173733	0	0	0	0.0108615	
0.992188	0.0143409	0	0.00235241	0.172721	0	0	0	0.0107177	
0.992164	0.0143667	0	0.00235664	0.171714	0	0	0	0.010576	
0.99214	0.0143923	0	0.00236084	0.170714	0	0	0	0.0104364	
0.992116	0.0144178	0	0.00236501	0.16972	0	0	0	0.0102989	
0.992091	0.0144431	0	0.00236917	0.168731	0	0	0	0.0101635	
0.992067	0.0144683	0	0.0023733	0.167748	0	0	0	0.0100301	
0.992043	0.0144933	0	0.00237741	0.166771	0	0	0	0.00989864	
0.992019	0.0145182	0	0.00238149	0.165799	0	0	0	0.00976916	
0.991994	0.014543	0	0.00238555	0.164834	0	0	0	0.0096416	
0.99197	0.0145676	0	0.00238959	0.163873	0	0	0	0.00951593	
0.991946	0.0145921	0	0.00239361	0.162919	0	0	0	0.00939212	
0.991922	0.0146164	0	0.0023976	0.16197	0	0	0	0.00927015	
0.991898	0.0146406	0	0.00240157	0.161027	0	0	0	0.00914999	
0.991873	0.0146647	0	0.00240552	0.160089	0	0	0	0.00903161	
0.991849	0.0146886	0	0.00240945	0.159156	0	0	0	0.00891497	
0.991825	0.0147125	0	0.00241335	0.158229	0	0	0	0.00880006	
0.991801	0.0147361	0	0.00241723	0.157308	0	0	0	0.00868685	
0.991777	0.0147597	0	0.0024211	0.156391	0	0	0	0.00857531	
0.991752	0.0147831	0	0.00242493	0.155481	0	0	0	0.00846542	
0.991728	0.0148063	0	0.00242875	0.154575	0	0	0	0.00835714	
0.991704	0.0148295	0	0.00243255	0.153675	0	0	0	0.00825047	
0.99168	0.0148525	0	0.00243632	0.15278	0	0	0	0.00814536	
0.991656	0.0148753	0	0.00244007	0.15189	0	0	0	0.0080418	
0.991631	0.0148981	0	0.0024438	0.151005	0	0	0	0.00793976	
0.991607	0.0149207	0	0.00244751	0.150126	0	0	0	0.00783922	
0.991583	0.0149432	0	0.0024512	0.149252	0	0	0	0.00774016	
0.991559	0.0149656	0	0.00245487	0.148383	0	0	0	0.00764255	
0.991535	0.0149878	0	0.00245852	0.147518	0	0	0	0.00754637	
0.99151	0.0150099	0	0.00246214	0.146659	0	0	0	0.0074516	
0.991486	0.0150319	0	0.00246575	0.145805	0	0	0	0.00735822	
0.991462	0.0150537	0	0.00246934	0.144956	0	0	0	0.0072662	
0.991438	0.0150755	0	0.0024729	0.144112	0	0	0	0.00717553	
0.991414	0.0150971	0	0.00247645	0.143273	0	0	0	0.00708619	
0.991389	0.0151186	0	0.00247997	0.142439	0	0	0	0.00699814	
0.991365	0.0151399	0	0.00248347	0.141609	0	0	0	0.00691139	
0.991341	0.0151612	0	0.00248696	0.140785	0	0	0	0.00682589	
0.991317	0.0151823	0	0.00249042	0.139965	0	0	0	0.00674165	
0.991293	0.0152033	0	0.00249387	0.13915	0	0	0	0.00665863	
0.991269	0.0152242	0	0.00249729	0.13834	0	0	0	0.00657681	
0.991244	0.015245	0	0.0025007	0.137534	0	0	0	0.00649619	
0.99122	0.0152656	0	0.00250409	0.136734	0	0	0	0.00641674	
0.991196	0.0152861	0	0.00250745	0.135937	0	0	0	0.00633843	
0.991172	0.0153065	0	0.0025108	0.135146	0	0	0	0.00626127	
0.991148	0.0153268	0	0.00251413	0.134359	0	0	0	0.00618522	
0.991124	0.015347	0	0.00251744	0.133577	0	0	0	0.00611028	
0.991099	0.0153671	0	0.00252073	0.132799	0	0	0	0.00603641	
0.991075	0.015387	0	0.002524	0.132026	0	0	0	0.00596362	
0.991051	0.0154069	0	0.00252726	0.131257	0	0	0	0.00589187	
0.991027	0.0154266	0	0.00253049	0.130493	0	0	0	0.00582117	
0.991003	0.0154462	0	0.00253371	0.129733	0	0	0	0.00575148	
0.990979	0.0154657	0	0.00253691	0.128978	0	0	0	0.00568279	
0.990954	0.0154851	0	0.00254009	0.128227	0	0	0	0.0056151	
0.99093	0.0155043	0	0.00254325	0.127481	0	0	0	0.00554838	
0.990906	0.0155235	0	0.00254639	0.126739	0	0	0	0.00548261	
0.990882	0.0155425	0	0.00254951	0.126001	0	0	0	0.0054178	
0.990858	0.0155615	0	0.00255262	0.125267	0	0	0	0.00535391	
0.990834	0.0155803	0	0.00255571	0.124538	0	0	0	0.00529093	
0.99081	0.015599	0	0.00255878	0.123813	0	0	0	0.00522886	
0.990785	0.0156177	0	0.00256184	0.123092	0	0	0	0.00516768	
0.990761	0.0156362	0	0.00256487	0.122376	0	0	0	0.00510737	
0.990737	0.0156546	0	0.00256789	0.121663	0	0	0	0.00504793	
0.990713	0.0156729	0	0.00257089	0.120955	0	0	0	0.00498933	
0.990689	0.0156911	0	0.00257388	0.120251	0	0	0	0.00493157	
0.990665	0.0157092	0	0.00257684	0.119551	0	0	0	0.00487463	
0.990641	0.0157271	0	0.00257979	0.118855	0	0	0	0.00481851	
0.990617	0.015745	0	0.00258273	0.118163	0	0	0	0.00476318	
0.990592	0.0157628	0	0.00258564	0.117476	0	0	0	0.00470864	
0.990568	0.0157805	0	0.00258854	0.116792	0	0	0	0.00465487	
0.990544	0.0157981	0	0.00259143	0.116112	0	0	0	0.00460187	
0.99052	0.0158155	0	0.00259429	0.115436	0	0	0	0.00454961	
0.990496	0.0158329	0	0.00259714	0.114764	0	0	0	0.0044981	
0.990472	0.0158502	0	0.00259997	0.114096	0	0	0	0.00444732	
0.990448	0.0158673	0	0.00260279	0.113432	0	0	0	0.00439725	
0.990424	0.0158844	0	0.00260559	0.112772	0	0	0	0.00434789	
0.990399	0.0159014	0	0.00260838	0.112116	0	0	0	0.00429923	
0.990375	0.0159183	0	0.00261114	0.111463	0	0	0	0.00425126	
0.990351	0.015935	0	0.0026139	0.110814	0	0	0	0.00420396	
0.990327	0.0159517	0	0.00261663	0.110169	0	0	0	0.00415732	
0.990303	0.0159683	0	0.00261935	0.109528	0	0	0	0.00411134	
0.990279	0.0159848	0	0.00262206	0.108891	0	0	0	0.00406601	
0.990255	0.0160012	0	0.00262475	0.108257	0	0	0	0.00402131	
0.990231	0.0160175	0	0.00262742	0.107627	0	0	0	0.00397725	
0.990207	0.0160337	0	0.00263008	0.107001	0	0	0	0.00393379	
0.990182	0.0160498	0	0.00263272	0.106378	0	0	0	0.00389095	
0.990158	0.0160658	0	0.00263535	0.105759	0	0	0	0.0038487	
0.990134	0.0160817	0	0.00263796	0.105144	0	0	0	0.00380705	
0.99011	0.0160976	0	0.00264056	0.104532	0	0	0	0.00376598	
0.990086	0.0161133	0	0.00264314	0.103923	0	0	0	0.00372548	
0.990062	0.016129	0	0.0026457	0.103319	0	0	0	0.00368554	
0.990038	0.0161445	0	0.00264826	0.102717	0	0	0	0.00364616	
0.990014	0.01616	0	0.00265079	0.10212	0	0	0	0.00360733	
0.98999	0.0161754	0	0.00265332	0.101525	0	0	0	0.00356903	
0.989966	0.0161906	0	0.00265582	0.100935	0	0	0	0.00353127	
0.989941	0.0162058	0	0.00265832	0.100347	0	0	0	0.00349403	
0.989917	0.016221	0	0.0026608	0.0997633	0	0	0	0.00345731	
0.989893	0.016236	0	0.00266326	0.0991828	0	0	0	0.00342109	
0.989869	0.0162509	0	0.00266571	0.0986057	0	0	0	0.00338538	
0.989845	0.0162658	0	0.00266815	0.0980319	0	0	0	0.00335016	
0.989821	0.0162805	0	0.00267057	0.0974615	0	0	0	0.00331542	
0.989797	0.0162952	0	0.00267297	0.0968944	0	0	0	0.00328116	
0.989773	0.0163098	0	0.00267537	0.0963306	0	0	0	0.00324738	
0.989749	0.0163243	0	0.00267775	0.0957701	0	0	0	0.00321406	
0.989725	0.0163387	0	0.00268011	0.0952129	0	0	0	0.00318119	
0.989701	0.0163531	0	0.00268246	0.0946589	0	0	0	0.00314878	
0.989677	0.0163673	0	0.0026848	0.0941082	0	0	0	0.00311681	
0.989652	0.0163815	0	0.00268713	0.0935606	0	0	0	0.00308528	
0.989628	0.0163956	0	0.00268944	0.0930163	0	0	0	0.00305418	
0.989604	0.0164096	0	0.00269173	0.0924751	0	0	0	0.00302351	
0.98958	0.0164235	0	0.00269402	0.0919371	0	0	0	0.00299326	
0.989556	0.0164373	0	0.00269629	0.0914022	0	0	0	0.00296341	
0.989532	0.0164511	0	0.00269855	0.0908704	0	0	0	0.00293398	
0.989508	0.0164648	0	0.00270079	0.0903417	0	0	0	0.00290494	
0.989484	0.0164784	0	0.00270302	0.0898161	0	0	0	0.0028763	
0.98946	0.0164919	0	0.00270524	0.0892936	0	0	0	0.00284805	
0.989436	0.0165053	0	0.00270744	0.0887741	0	0	0	0.00282019	
0.989412	0.0165187	0	0.00270964	0.0882577	0	0	0	0.0027927	
0.989388	0.016532	0	0.00271182	0.0877442	0	0	0	0.00276558	
0.989364	0.0165452	0	0.00271398	0.0872338	0	0	0	0.00273883	
0.98934	0.0165583	0	0.00271614	0.0867263	0	0	0	0.00271244	
0.989316	0.0165714	0	0.00271828	0.0862218	0	0	0	0.00268641	
0.989291	0.0165844	0	0.00272041	0.0857202	0	0	0	0.00266072	
0.989267	0.0165973	0	0.00272252	0.0852215	0	0	0	0.00263539	
0.989243	0.0166101	0	0.00272463	0.0847258	0	0	0	0.00261039	
0.989219	0.0166228	0	0.00272672	0.0842329	0	0	0	0.00258573	
0.989195	0.0166355	0	0.0027288	0.0837429	0	0	0	0.00256141	
0.989171	0.0166481	0	0.00273086	0.0832558	0	0	0	0.0025374	
0.989147	0.0166606	0	0.00273292	0.0827715	0	0	0	0.00251372	
0.989123	0.0166731	0	0.00273496	0.0822901	0	0	0	0.00249036	
0.989099	0.0166855	0	0.00273699	0.0818114	0	0	0	0.00246731	
0.989075	0.0166978	0	0.00273901	0.0813355	0	0	0	0.00244457	
0.989051	0.01671	0	0.00274102	0.0808624	0	0	0	0.00242213	
0.989027	0.0167222	0	0.00274301	0.0803921	0	0	0	0.00239999	
0.989003	0.0167343	0	0.002745	0.0799245	0	0	0	0.00237814	
0.988979	0.0167463	0	0.00274697	0.0794596	0	0	0	0.00235659	
0.988955	0.0167583	0	0.00274893	0.0789974	0	0	0	0.00233532	
0.988931	0.0167701	0	0.00275088	0.0785379	0	0	0	0.00231433	
0.988907	0.0167819	0	0.00275282	0.0780811	0	0	0	0.00229362	
0.988883	0.0167937	0	0.00275474	0.077627	0	0	0	0.00227319	
0.988859	0.0168054	0	0.00275666	0.0771755	0	0	0	0.00225303	
0.988835	0.016817	0	0.00275856	0.0767266	0	0	0	0.00223313	
0.988811	0.0168285	0	0.00276045	0.0762804	0	0	0	0.0022135	
0.988787	0.01684	0	0.00276233	0.0758367	0	0	0	0.00219412	
0.988762	0.0168514	0	0.0027642	0.0753957	0	0	0	0.002175	
0.988738	0.0168627	0	0.00276606	0.0749572	0	0	0	0.00215613	
0.988714	0.016874	0	0.00276791	0.0745212	0	0	0	0.00213751	
0.98869	0.0168852	0	0.00276975	0.0740878	0	0	0	0.00211913	
0.988666	0.0168963	0	0.00277157	0.073657	0	0	0	0.002101	
0.988642	0.0169074	0	0.00277339	0.0732286	0	0	0	0.0020831	
0.988618	0.0169184	0	0.00277519	0.0728027	0	0	0	0.00206544	
0.988594	0.0169293	0	0.00277699	0.0723794	0	0	0	0.00204801	
0.98857	0.0169402	0	0.00277877	0.0719584	0	0	0	0.0020308	
0.988546	0.016951	0	0.00278054	0.07154	0	0	0	0.00201382	
0.988522	0.0169617	0	0.0027823	0.071124	0	0	0	0.00199706	
0.988498	0.0169724	0	0.00278406	0.0707104	0	0	0	0.00198052	
0.988474	0.016983	0	0.0027858	0.0702992	0	0	0	0.0019642	
0.98845	0.0169936	0	0.00278753	0.0698904	0	0	0	0.00194809	
0.988426	0.0170041	0	0.00278925	0.0694839	0	0	0	0.00193218	
0.988402	0.0170145	0	0.00279096	0.0690799	0	0	0	0.00191648	
0.988378	0.0170249	0	0.00279266	0.0686782	0	0	0	0.00190099	
0.988354	0.0170352	0	0.00279435	0.0682789	0	0	0	0.0018857	
0.98833	0.0170454	0	0.00279603	0.0678818	0	0	0	0.0018706	
0.988306	0.0170556	0	0.0027977	0.0674871	0	0	0	0.0018557	
0.988282	0.0170657	0	0.00279936	0.0670947	0	0	0	0.00184099	
0.988258	0.0170758	0	0.00280101	0.0667046	0	0	0	0.00182647	
0.988234	0.0170858	0	0.00280266	0.0663167	0	0	0	0.00181214	
0.98821	0.0170957	0	0.00280429	0.0659311	0	0	0	0.00179799	
0.988186	0.0171056	0	0.00280591	0.0655478	0	0	0	0.00178403	
0.988162	0.0171154	0	0.00280752	0.0651667	0	0	0	0.00177024	
0.988138	0.0171252	0	0.00280912	0.0647878	0	0	0	0.00175663	
0.988114	0.0171349	0	0.00281072	0.0644111	0	0	0	0.0017432	
0.98809	0.0171446	0	0.0028123	0.0640366	0	0	0	0.00172993	
0.988066	0.0171542	0	0.00281387	0.0636643	0	0	0	0.00171684	
0.988042	0.0171637	0	0.00281544	0.0632941	0	0	0	0.00170391	
0.988018	0.0171732	0	0.00281699	0.0629261	0	0	0	0.00169115	
0.987994	0.0171826	0	0.00281854	0.0625603	0	0	0	0.00167855	
0.98797	0.017192	0	0.00282008	0.0621966	0	0	0	0.00166612	
0.987946	0.0172013	0	0.0028216	0.061835	0	0	0	0.00165384	
0.987922	0.0172106	0	0.00282312	0.0614755	0	0	0	0.00164171	
0.987898	0.0172198	0	0.00282463	0.0611181	0	0	0	0.00162975	
0.987874	0.0172289	0	0.00282613	0.0607628	0	0	0	0.00161793	
0.98785	0.017238	0	0.00282763	0.0604095	0	0	0	0.00160626	
0.987826	0.0172471	0	0.00282911	0.0600584	0	0	0	0.00159474	
0.987802	0.017256	0	0.00283058	0.0597092	0	0	0	0.00158337	
0.987778	0.017265	0	0.00283205	0.0593621	0	0	0	0.00157214	
0.987754	0.0172739	0	0.0028335	0.059017	0	0	0	0.00156105	
0.98773	0.0172827	0	0.00283495	0.058674	0	0	0	0.00155011	
0.987706	0.0172915	0	0.00283639	0.0583329	0	0	0	0.0015393	
0.987682	0.0173002	0	0.00283782	0.0579938	0	0	0	0.00152863	
0.987658	0.0173088	0	0.00283924	0.0576567	0	0	0	0.00151809	
0.987634	0.0173175	0	0.00284066	0.0573215	0	0	0	0.00150768	
0.98761	0.017326	0	0.00284206	0.0569883	0	0	0	0.00149741	
0.987586	0.0173345	0	0.00284346	0.0566571	0	0	0	0.00148727	
0.987562	0.017343	0	0.00284485	0.0563278	0	0	0	0.00147725	
0.987538	0.0173514	0	0.00284623	0.0560004	0	0	0	0.00146736	
0.987514	0.0173598	0	0.0028476	0.0556749	0	0	0	0.00145759	
0.98749	0.0173681	0	0.00284896	0.0553512	0	0	0	0.00144795	
0.987466	0.0173764	0	0.00285032	0.0550295	0	0	0	0.00143842	
0.987442	0.0173846	0	0.00285167	0.0547097	0	0	0	0.00142902	
0.987418	0.0173927	0	0.00285301	0.0543917	0	0	0	0.00141973	
0.987394	0.0174009	0	0.00285434	0.0540756	0	0	0	0.00141056	
0.98737	0.0174089	0	0.00285566	0.0537613	0	0	0	0.00140151	
0.987346	0.0174169	0	0.00285698	0.0534488	0	0	0	0.00139257	
0.987322	0.0174249	0	0.00285828	0.0531382	0	0	0	0.00138374	
0.987298	0.0174328	0	0.00285958	0.0528294	0	0	0	0.00137502	
0.987274	0.0174407	0	0.00286088	0.0525223	0	0	0	0.00136641	
0.98725	0.0174485	0	0.00286216	0.0522171	0	0	0	0.0013579	
0.987226	0.0174563	0	0.00286344	0.0519136	0	0	0	0.00134951	
0.987202	0.0174641	0	0.0028647	0.0516119	0	0	0	0.00134121	
0.987179	0.0174717	0	0.00286597	0.051312	0	0	0	0.00133303	
0.987155	0.0174794	0	0.00286722	0.0510138	0	0	0	0.00132494	
0.987131	0.017487	0	0.00286847	0.0507173	0	0	0	0.00131695	
0.987107	0.0174945	0	0.0028697	0.0504226	0	0	0	0.00130907	
0.987083	0.017502	0	0.00287094	0.0501296	0	0	0	0.00130128	
0.987059	0.0175095	0	0.00287216	0.0498383	0	0	0	0.00129359	
0.987035	0.0175169	0	0.00287338	0.0495487	0	0	0	0.00128599	
0.987011	0.0175243	0	0.00287458	0.0492607	0	0	0	0.00127849	
0.986987	0.0175316	0	0.00287579	0.0489745	0	0	0	0.00127108	
0.986963	0.0175389	0	0.00287698	0.0486899	0	0	0	0.00126377	
0.986939	0.0175461	0	0.00287817	0.048407	0	0	0	0.00125655	
0.986915	0.0175533	0	0.00287935	0.0481257	0	0	0	0.00124941	
0.986891	0.0175605	0	0.00288052	0.0478461	0	0	0	0.00124237	
0.986867	0.0175676	0	0.00288169	0.0475681	0	0	0	0.00123541	
0.986843	0.0175747	0	0.00288285	0.0472917	0	0	0	0.00122854	
0.986819	0.0175817	0	0.002884	0.0470169	0	0	0	0.00122175	
0.986795	0.0175887	0	0.00288514	0.0467437	0	0	0	0.00121505	
0.986771	0.0175956	0	0.00288628	0.0464721	0	0	0	0.00120844	
0.986747	0.0176025	0	0.00288741	0.0462021	0	0	0	0.0012019	
0.986723	0.0176094	0	0.00288854	0.0459337	0	0	0	0.00119545	
0.986699	0.0176162	0	0.00288965	0.0456668	0	0	0	0.00118907	
0.986675	0.0176229	0	0.00289077	0.0454015	0	0	0	0.00118278	
0.986651	0.0176297	0	0.00289187	0.0451377	0	0	0	0.00117657	
0.986627	0.0176364	0	0.00289297	0.0448755	0	0	0	0.00117043	
0.986604	0.017643	0	0.00289406	0.0446148	0	0	0	0.00116437	
0.98658	0.0176496	0	0.00289514	0.0443556	0	0	0	0.00115839	
0.986556	0.0176562	0	0.00289622	0.0440979	0	0	0	0.00115248	
0.986532	0.0176627	0	0.00289729	0.0438418	0	0	0	0.00114664	
0.986508	0.0176692	0	0.00289836	0.0435871	0	0	0	0.00114088	
0.986484	0.0176757	0	0.00289941	0.0433339	0	0	0	0.00113519	
0.98646	0.0176821	0	0.00290047	0.0430821	0	0	0	0.00112957	
0.986436	0.0176884	0	0.00290151	0.0428319	0	0	0	0.00112402	
0.986412	0.0176948	0	0.00290255	0.0425831	0	0	0	0.00111854	
0.986388	0.0177011	0	0.00290358	0.0423357	0	0	0	0.00111313	
0.986364	0.0177073	0	0.00290461	0.0420898	0	0	0	0.00110779	
0.98634	0.0177136	0	0.00290563	0.0418453	0	0	0	0.00110252	
0.986316	0.0177197	0	0.00290664	0.0416022	0	0	0	0.00109731	
0.986292	0.0177259	0	0.00290765	0.0413606	0	0	0	0.00109217	
0.986268	0.017732	0	0.00290865	0.0411204	0	0	0	0.00108709	
0.986244	0.0177381	0	0.00290965	0.0408815	0	0	0	0.00108208	
0.986221	0.0177441	0	0.00291064	0.0406441	0	0	0	0.00107713	
0.986197	0.0177501	0	0.00291162	0.040408	0	0	0	0.00107225	
0.986173	0.0177561	0	0.0029126	0.0401733	0	0	0	0.00106743	
0.986149	0.017762	0	0.00291357	0.03994	0	0	0	0.00106267	
0.986125	0.0177679	0	0.00291454	0.039708	0	0	0	0.00105796	
0.986101	0.0177737	0	0.0029155	0.0394774	0	0	0	0.00105332	
0.986077	0.0177795	0	0.00291645	0.0392481	0	0	0	0.00104874	
0.986053	0.0177853	0	0.0029174	0.0390202	0	0	0	0.00104422	
0.986029	0.0177911	0	0.00291834	0.0387936	0	0	0	0.00103976	
0.986005	0.0177968	0	0.00291928	0.0385683	0	0	0	0.00103535	
0.985981	0.0178025	0	0.00292021	0.0383443	0	0	0	0.00103101	
0.985957	0.0178081	0	0.00292114	0.0381217	0	0	0	0.00102671	
0.985933	0.0178137	0	0.00292206	0.0379003	0	0	0	0.00102248	
0.985909	0.0178193	0	0.00292297	0.0376802	0	0	0	0.0010183	
0.985886	0.0178248	0	0.00292388	0.0374614	0	0	0	0.00101417	
0.985862	0.0178303	0	0.00292478	0.0372439	0	0	0	0.0010101	
0.985838	0.0178358	0	0.00292568	0.0370276	0	0	0	0.00100608	
0.985814	0.0178412	0	0.00292657	0.0368126	0	0	0	0.00100212	
0.98579	0.0178466	0	0.00292746	0.0365988	0	0	0	0.000998204	
0.985766	0.017852	0	0.00292834	0.0363863	0	0	0	0.000994344	
0.985742	0.0178573	0	0.00292922	0.0361751	0	0	0	0.000990535	
0.985718	0.0178626	0	0.00293009	0.035965	0	0	0	0.000986777	
0.985694	0.0178679	0	0.00293095	0.0357562	0	0	0	0.00098307	
0.98567	0.0178732	0	0.00293181	0.0355486	0	0	0	0.000979412	
0.985646	0.0178784	0	0.00293267	0.0353422	0	0	0	0.000975805	
0.985622	0.0178836	0	0.00293351	0.035137	0	0	0	0.000972246	
0.985599	0.0178887	0	0.00293436	0.034933	0	0	0	0.000968736	
0.985575	0.0178938	0	0.0029352	0.0347302	0	0	0	0.000965274	
0.985551	0.0178989	0	0.00293603	0.0345286	0	0	0	0.00096186	
0.985527	0.0179039	0	0.00293686	0.0343281	0	0	0	0.000958493	
0.985503	0.017909	0	0.00293768	0.0341288	0	0	0	0.000955172	
0.985479	0.017914	0	0.0029385	0.0339307	0	0	0	0.000951899	
0.985455	0.0179189	0	0.00293932	0.0337338	0	0	0	0.000948671	
0.985431	0.0179238	0	0.00294012	0.0335379	0	0	0	0.000945489	
0.985407	0.0179287	0	0.00294093	0.0333432	0	0	0	0.000942352	
0.985383	0.0179336	0	0.00294173	0.0331497	0	0	0	0.00093926	
0.985359	0.0179385	0	0.00294252	0.0329573	0	0	0	0.000936212	
0.985336	0.0179433	0	0.00294331	0.032766	0	0	0	0.000933209	
0.985312	0.017948	0	0.00294409	0.0325758	0	0	0	0.000930249	
0.985288	0.0179528	0	0.00294487	0.0323867	0	0	0	0.000927333	
0.985264	0.0179575	0	0.00294565	0.0321987	0	0	0	0.000924459	
0.98524	0.0179622	0	0.00294642	0.0320118	0	0	0	0.000921628	
0.985216	0.0179669	0	0.00294718	0.031826	0	0	0	0.00091884	
0.985192	0.0179715	0	0.00294794	0.0316413	0	0	0	0.000916093	
0.985168	0.0179761	0	0.0029487	0.0314577	0	0	0	0.000913388	
0.985144	0.0179807	0	0.00294945	0.0312751	0	0	0	0.000910725	
0.985121	0.0179852	0	0.00295019	0.0310936	0	0	0	0.000908102	
0.985097	0.0179898	0	0.00295093	0.0309132	0	0	0	0.00090552	
0.985073	0.0179942	0	0.00295167	0.0307338	0	0	0	0.000902979	
0.985049	0.0179987	0	0.0029524	0.0305554	0	0	0	0.000900478	
0.985025	0.0180031	0	0.00295313	0.0303781	0	0	0	0.000898017	
0.985001	0.0180076	0	0.00295386	0.0302018	0	0	0	0.000895595	
0.984977	0.0180119	0	0.00295457	0.0300265	0	0	0	0.000893213	
0.984953	0.0180163	0	0.00295529	0.0298523	0	0	0	0.00089087	
0.984929	0.0180206	0	0.002956	0.0296791	0	0	0	0.000888565	
0.984905	0.0180249	0	0.0029567	0.0295069	0	0	0	0.0008863	
0.984882	0.0180292	0	0.00295741	0.0293357	0	0	0	0.000884072	
0.984858	0.0180335	0	0.0029581	0.0291655	0	0	0	0.000881883	
0.984834	0.0180377	0	0.0029588	0.0289962	0	0	0	0.000879732	
0.98481	0.0180419	0	0.00295948	0.028828	0	0	0	0.000877619	
0.984786	0.018046	0	0.00296017	0.0286607	0	0	0	0.000875543	
0.984762	0.0180502	0	0.00296085	0.0284945	0	0	0	0.000873504	
0.984738	0.0180543	0	0.00296152	0.0283291	0	0	0	0.000871503	
0.984714	0.0180584	0	0.0029622	0.0281648	0	0	0	0.000869538	
0.984691	0.0180625	0	0.00296286	0.0280014	0	0	0	0.00086761	
0.984667	0.0180665	0	0.00296353	0.027839	0	0	0	0.000865719	
0.984643	0.0180705	0	0.00296418	0.0276775	0	0	0	0.000863864	
0.984619	0.0180745	0	0.00296484	0.0275169	0	0	0	0.000862046	
0.984595	0.0180785	0	0.00296549	0.0273573	0	0	0	0.000860264	
0.984571	0.0180824	0	0.00296614	0.0271986	0	0	0	0.000858517	
0.984547	0.0180864	0	0.00296678	0.0270408	0	0	0	0.000856807	
0.984523	0.0180902	0	0.00296742	0.026884	0	0	0	0.000855132	
0.9845	0.0180941	0	0.00296805	0.026728	0	0	0	0.000853493	
0.984476	0.018098	0	0.00296869	0.026573	0	0	0	0.00085189	
0.984452	0.0181018	0	0.00296931	0.0264189	0	0	0	0.000850321	
0.984428	0.0181056	0	0.00296994	0.0262657	0	0	0	0.000848789	
0.984404	0.0181094	0	0.00297055	0.0261133	0	0	0	0.000847291	
0.98438	0.0181131	0	0.00297117	0.0259619	0	0	0	0.000845829	
0.984356	0.0181168	0	0.00297178	0.0258113	0	0	0	0.000844401	
0.984332	0.0181205	0	0.00297239	0.0256616	0	0	0	0.000843009	
0.984309	0.0181242	0	0.00297299	0.0255128	0	0	0	0.000841652	
0.984285	0.0181279	0	0.00297359	0.0253649	0	0	0	0.00084033	
0.984261	0.0181315	0	0.00297419	0.0252178	0	0	0	0.000839042	
0.984237	0.0181351	0	0.00297478	0.0250715	0	0	0	0.00083779	
0.984213	0.0181387	0	0.00297537	0.0249262	0	0	0	0.000836572	
0.984189	0.0181423	0	0.00297596	0.0247816	0	0	0	0.000835389	
0.984165	0.0181458	0	0.00297654	0.0246379	0	0	0	0.000834241	
0.984142	0.0181494	0	0.00297712	0.0244951	0	0	0	0.000833128	
0.984118	0.0181529	0	0.00297769	0.0243531	0	0	0	0.00083205	
0.984094	0.0181564	0	0.00297826	0.0242119	0	0	0	0.000831007	
0.98407	0.0181598	0	0.00297883	0.0240715	0	0	0	0.000829998	
0.984046	0.0181632	0	0.00297939	0.0239319	0	0	0	0.000829025	
0.984022	0.0181667	0	0.00297995	0.0237932	0	0	0	0.000828087	
0.983998	0.0181701	0	0.00298051	0.0236553	0	0	0	0.000827184	
0.983975	0.0181734	0	0.00298106	0.0235181	0	0	0	0.000826316	
0.983951	0.0181768	0	0.00298161	0.0233818	0	0	0	0.000825484	
0.983927	0.0181801	0	0.00298216	0.0232463	0	0	0	0.000824687	
0.983903	0.0181834	0	0.0029827	0.0231115	0	0	0	0.000823925	
0.983879	0.0181867	0	0.00298324	0.0229775	0	0	0	0.0008232	
0.983855	0.01819	0	0.00298378	0.0228444	0	0	0	0.00082251	
0.983831	0.0181932	0	0.00298431	0.0227119	0	0	0	0.000821856	
0.983808	0.0181965	0	0.00298484	0.0225803	0	0	0	0.000821239	
0.983784	0.0181997	0	0.00298537	0.0224494	0	0	0	0.000820658	
0.98376	0.0182029	0	0.00298589	0.0223193	0	0	0	0.000820114	
0.983736	0.018206	0	0.00298641	0.02219	0	0	0	0.000819606	
0.983712	0.0182092	0	0.00298693	0.0220614	0	0	0	0.000819136	
0.983688	0.0182123	0	0.00298744	0.0219335	0	0	0	0.000818703	
0.983664	0.0182154	0	0.00298795	0.0218064	0	0	0	0.000818307	
0.983641	0.0182185	0	0.00298846	0.0216801	0	0	0	0.00081795	
0.983617	0.0182216	0	0.00298896	0.0215545	0	0	0	0.000817631	
0.983593	0.0182246	0	0.00298946	0.0214296	0	0	0	0.000817351	
0.983569	0.0182277	0	0.00298996	0.0213054	0	0	0	0.000817109	
0.983545	0.0182307	0	0.00299045	0.021182	0	0	0	0.000816907	
0.983521	0.0182337	0	0.00299095	0.0210592	0	0	0	0.000816745	
0.983498	0.0182366	0	0.00299143	0.0209372	0	0	0	0.000816623	
0.983474	0.0182396	0	0.00299192	0.0208159	0	0	0	0.000816542	
0.98345	0.0182425	0	0.0029924	0.0206953	0	0	0	0.000816502	
0.983426	0.0182455	0	0.00299288	0.0205755	0	0	0	0.000816504	
0.983402	0.0182484	0	0.00299336	0.0204563	0	0	0	0.000816548	
0.983378	0.0182513	0	0.00299383	0.0203378	0	0	0	0.000816635	
0.983355	0.0182541	0	0.0029943	0.02022	0	0	0	0.000816765	
0.983331	0.018257	0	0.00299477	0.0201029	0	0	0	0.00081694	
0.983307	0.0182598	0	0.00299523	0.0199864	0	0	0	0.00081716	
0.983283	0.0182626	0	0.00299569	0.0198707	0	0	0	0.000817426	
0.983259	0.0182654	0	0.00299615	0.0197556	0	0	0	0.000817738	
0.983235	0.0182682	0	0.00299661	0.0196412	0	0	0	0.000818098	
0.983212	0.0182709	0	0.00299706	0.0195274	0	0	0	0.000818506	
0.983188	0.0182737	0	0.00299751	0.0194144	0	0	0	0.000818964	
0.983164	0.0182764	0	0.00299796	0.0193019	0	0	0	0.000819472	
0.98314	0.0182791	0	0.0029984	0.0191902	0	0	0	0.000820032	
0.983116	0.0182818	0	0.00299884	0.0190791	0	0	0	0.000820644	
0.983092	0.0182845	0	0.00299928	0.0189686	0	0	0	0.00082131	
0.983069	0.0182872	0	0.00299972	0.0188588	0	0	0	0.000822032	
0.983045	0.0182898	0	0.00300015	0.0187496	0	0	0	0.000822811	
0.983021	0.0182924	0	0.00300058	0.018641	0	0	0	0.000823649	
0.982997	0.018295	0	0.00300101	0.0185331	0	0	0	0.000824547	
0.982973	0.0182976	0	0.00300144	0.0184258	0	0	0	0.000825507	
0.98295	0.0183002	0	0.00300186	0.0183192	0	0	0	0.000826531	
0.982926	0.0183028	0	0.00300228	0.0182132	0	0	0	0.000827622	
0.982902	0.0183053	0	0.0030027	0.0181077	0	0	0	0.000828781	
0.982878	0.0183079	0	0.00300311	0.0180029	0	0	0	0.000830012	
0.982854	0.0183104	0	0.00300353	0.0178988	0	0	0	0.000831317	
0.98283	0.0183129	0	0.00300394	0.0177952	0	0	0	0.000832698	
0.982807	0.0183154	0	0.00300435	0.0176922	0	0	0	0.00083416	
0.982783	0.0183178	0	0.00300475	0.0175898	0	0	0	0.000835707	
0.982759	0.0183203	0	0.00300515	0.017488	0	0	0	0.000837341	
0.982735	0.0183227	0	0.00300555	0.0173869	0	0	0	0.000839067	
0.982711	0.0183252	0	0.00300595	0.0172863	0	0	0	0.000840891	
0.982688	0.0183276	0	0.00300635	0.0171863	0	0	0	0.000842817	
0.982664	0.01833	0	0.00300674	0.0170868	0	0	0	0.000844852	
0.98264	0.0183324	0	0.00300713	0.016988	0	0	0	0.000847001	
0.982616	0.0183347	0	0.00300752	0.0168897	0	0	0	0.000849273	
0.982592	0.0183371	0	0.00300791	0.016792	0	0	0	0.000851675	
0.982569	0.0183394	0	0.00300829	0.0166949	0	0	0	0.000854217	
0.982545	0.0183418	0	0.00300867	0.0165984	0	0	0	0.000856908	
