1	0	0	0	1	0	0	0	1	
0.999934	0	0	0	0.995547	0	0	0	0.979305	
0.999868	0	0	0	0.991145	0	0	0	0.959349	
0.999802	0	0	0	0.986764	0	0	0	0.9398	
0.999737	0	0	0	0.982401	0	0	0	0.920649	
0.999671	0	0	0	0.978058	0	0	0	0.901889	
0.999605	0	0	0	0.973734	0	0	0	0.88351	
0.99954	0	0	0	0.969429	0	0	0	0.865506	
0.999474	0	0	0	0.965143	0	0	0	0.847869	
0.999408	0	0	0	0.960876	0	0	0	0.830592	
0.999342	0	0	0	0.956628	0	0	0	0.813666	
0.999277	0	0	0	0.952399	0	0	0	0.797086	
0.999211	0	0	0	0.948189	0	0	0	0.780843	
0.999145	0	0	0	0.943997	0	0	0	0.764931	
0.99908	0	0	0	0.939823	0	0	0	0.749344	
0.999014	0	0	0	0.935668	0	0	0	0.734074	
0.998948	0	0	0	0.931532	0	0	0	0.719115	
0.998883	0	0	0	0.927414	0	0	0	0.704461	
0.998817	0	0	0	0.923314	0	0	0	0.690106	
0.998751	0	0	0	0.919232	0	0	0	0.676043	
0.998686	0	0	0	0.915168	0	0	0	0.662267	
0.99862	0	0	0	0.911122	0	0	0	0.648772	
0.998554	0	0	0	0.907094	0	0	0	0.635551	
0.998489	0	0	0	0.903084	0	0	0	0.6226	
0.998423	0	0	0	0.899091	0	0	0	0.609913	
0.998357	0	0	0	0.895116	0	0	0	0.597485	
0.998292	0	0	0	0.891159	0	0	0	0.585309	
0.998226	0	0	0	0.887219	0	0	0	0.573382	
0.99816	0	0	0	0.883297	0	0	0	0.561698	
0.998095	0	0	0	0.879392	0	0	0	0.550252	
0.998029	0	0	0	0.875504	0	0	0	0.539039	
0.997964	0	0	0	0.871633	0	0	0	0.528055	
0.997898	0	0	0	0.86778	0	0	0	0.517294	
0.997832	0	0	0	0.863944	0	0	0	0.506753	
0.997767	0	0	0	0.860124	0	0	0	0.496427	
0.997701	0	0	0	0.856321	0	0	0	0.486311	
0.997636	0	0	0	0.852536	0	0	0	0.476401	
0.99757	0	0	0	0.848767	0	0	0	0.466693	
0.997504	0	0	0	0.845014	0	0	0	0.457183	
0.997439	0	0	0	0.841279	0	0	0	0.447866	
0.997373	0	0	0	0.837559	0	0	0	0.43874	
0.997308	0	0	0	0.833856	0	0	0	0.429799	
0.997242	0	0	0	0.83017	0	0	0	0.421041	
0.997177	0	0	0	0.8265	0	0	0	0.412461	
0.997111	0	0	0	0.822846	0	0	0	0.404056	
0.997045	0	0	0	0.819208	0	0	0	0.395823	
0.99698	0	0	0	0.815586	0	0	0	0.387757	
0.996914	0	0	0	0.811981	0	0	0	0.379855	
0.996849	0	0	0	0.808391	0	0	0	0.372115	
0.996783	0	0	0	0.804817	0	0	0	0.364532	
0.996718	0	0	0	0.801259	0	0	0	0.357103	
0.996652	0	0	0	0.797717	0	0	0	0.349827	
0.996587	0	0	0	0.79419	0	0	0	0.342698	
0.996521	0	0	0	0.790679	0	0	0	0.335715	
0.996456	0	0	0	0.787183	0	0	0	0.328873	
0.99639	0	0	0	0.783703	0	0	0	0.322172	
0.996325	0	0	0	0.780239	0	0	0	0.315607	
0.996259	0	0	0	0.776789	0	0	0	0.309175	
0.996194	0	0	0	0.773355	0	0	0	0.302875	
0.996128	0	0	0	0.769936	0	0	0	0.296703	
0.996063	0	0	0	0.766532	0	0	0	0.290657	
0.995997	0	0	0	0.763143	0	0	0	0.284734	
0.995932	0	0	0	0.75977	0	0	0	0.278932	
0.995866	0	0	0	0.756411	0	0	0	0.273248	
0.995801	0	0	0	0.753067	0	0	0	0.26768	
0.995735	0	0	0	0.749737	0	0	0	0.262225	
0.99567	0	0	0	0.746423	0	0	0	0.256882	
0.995604	0	0	0	0.743123	0	0	0	0.251647	
0.995539	0	0	0	0.739838	0	0	0	0.246519	
0.995474	0	0	0	0.736567	0	0	0	0.241496	
0.995408	0	0	0	0.73331	0	0	0	0.236574	
0.995343	0	0	0	0.730068	0	0	0	0.231754	
0.995277	0	0	0	0.726841	0	0	0	0.227031	
0.995212	0	0	0	0.723627	0	0	0	0.222405	
0.995146	0	0	0	0.720428	0	0	0	0.217873	
0.995081	0	0	0	0.717243	0	0	0	0.213433	
0.995015	0	0	0	0.714072	0	0	0	0.209084	
0.99495	0	0	0	0.710916	0	0	0	0.204823	
0.994885	0	0	0	0.707773	0	0	0	0.200649	
0.994819	0	0	0	0.704644	0	0	0	0.19656	
0.994754	0	0	0	0.701528	0	0	0	0.192555	
0.994688	0	0	0	0.698427	0	0	0	0.188631	
0.994623	0	0	0	0.695339	0	0	0	0.184787	
0.994558	0	0	0	0.692265	0	0	0	0.181022	
0.994492	0	0	0	0.689205	0	0	0	0.177333	
0.994427	0	0	0	0.686158	0	0	0	0.173719	
0.994362	0	0	0	0.683124	0	0	0	0.170179	
0.994296	0	0	0	0.680104	0	0	0	0.166712	
0.994231	0	0	0	0.677097	0	0	0	0.163314	
0.994165	0	0	0	0.674104	0	0	0	0.159986	
0.9941	0	0	0	0.671124	0	0	0	0.156726	
0.994035	0	0	0	0.668157	0	0	0	0.153533	
0.993969	0	0	0	0.665203	0	0	0	0.150404	
0.993904	0	0	0	0.662262	0	0	0	0.147339	
0.993839	0	0	0	0.659334	0	0	0	0.144337	
0.993773	0	0	0	0.656419	0	0	0	0.141395	
0.993708	0	0	0	0.653517	0	0	0	0.138514	
0.993643	0	0	0	0.650628	0	0	0	0.135691	
0.993577	0	0	0	0.647752	0	0	0	0.132926	
0.993512	0	0	0	0.644888	0	0	0	0.130218	
0.993447	0	0	0	0.642037	0	0	0	0.127564	
0.993381	0	0	0	0.639199	0	0	0	0.124965	
0.993316	0	0	0	0.636373	0	0	0	0.122418	
0.993251	0	0	0	0.633559	0	0	0	0.119924	
0.993185	0	0	0	0.630758	0	0	0	0.11748	
0.99312	0	0	0	0.62797	0	0	0	0.115086	
0.993055	0	0	0	0.625194	0	0	0	0.112741	
0.99299	0	0	0	0.62243	0	0	0	0.110443	
0.992924	0	0	0	0.619678	0	0	0	0.108193	
0.992859	0	0	0	0.616938	0	0	0	0.105988	
0.992794	0	0	0	0.614211	0	0	0	0.103828	
0.992728	0	0	0	0.611495	0	0	0	0.101712	
0.992663	0	0	0	0.608792	0	0	0	0.0996398	
0.992598	0	0	0	0.606101	0	0	0	0.0976094	
0.992533	0	0	0	0.603421	0	0	0	0.0956203	
0.992467	0	0	0	0.600753	0	0	0	0.0936718	
0.992402	0	0	0	0.598097	0	0	0	0.091763	
0.992337	0	0	0	0.595453	0	0	0	0.0898931	
0.992272	0	0	0	0.592821	0	0	0	0.0880613	
0.992206	0	0	0	0.5902	0	0	0	0.0862668	
0.992141	0	0	0	0.587591	0	0	0	0.0845089	
0.992076	0	0	0	0.584993	0	0	0	0.0827868	
0.992011	0	0	0	0.582407	0	0	0	0.0810998	
0.991946	0	0	0	0.579832	0	0	0	0.0794472	
0.99188	0	0	0	0.577269	0	0	0	0.0778282	
0.991815	0	0	0	0.574716	0	0	0	0.0762423	
0.99175	0	0	0	0.572176	0	0	0	0.0746886	
0.991685	0	0	0	0.569646	0	0	0	0.0731667	
0.99162	0	0	0	0.567128	0	0	0	0.0716757	
0.991554	0	0	0	0.56462	0	0	0	0.0702151	
0.991489	0	0	0	0.562124	0	0	0	0.0687843	
0.991424	0	0	0	0.559639	0	0	0	0.0673826	
0.991359	0	0	0	0.557165	0	0	0	0.0660095	
0.991294	0	0	0	0.554702	0	0	0	0.0646644	
0.991228	0	0	0	0.55225	0	0	0	0.0633467	
0.991163	0	0	0	0.549808	0	0	0	0.0620559	
0.991098	0	0	0	0.547377	0	0	0	0.0607913	
0.991033	0	0	0	0.544957	0	0	0	0.0595525	
0.990968	0	0	0	0.542548	0	0	0	0.058339	
0.990903	0	0	0	0.54015	0	0	0	0.0571502	
0.990838	0	0	0	0.537762	0	0	0	0.0559856	
0.990772	0	0	0	0.535384	0	0	0	0.0548447	
0.990707	0	0	0	0.533017	0	0	0	0.0537271	
0.990642	0	0	0	0.530661	0	0	0	0.0526323	
0.990577	0	0	0	0.528315	0	0	0	0.0515598	
0.990512	0	0	0	0.525979	0	0	0	0.0505091	
0.990447	0	0	0	0.523654	0	0	0	0.0494799	
0.990382	0	0	0	0.521339	0	0	0	0.0484716	
0.990317	0	0	0	0.519034	0	0	0	0.0474838	
0.990251	0	0	0	0.516739	0	0	0	0.0465162	
0.990186	0	0	0	0.514455	0	0	0	0.0455683	
0.990121	0	0	0	0.51218	0	0	0	0.0446398	
0.990056	0	0	0	0.509916	0	0	0	0.0437301	
0.989991	0	0	0	0.507662	0	0	0	0.042839	
0.989926	0	0	0	0.505417	0	0	0	0.041966	
0.989861	0	0	0	0.503183	0	0	0	0.0411109	
0.989796	0	0	0	0.500958	0	0	0	0.0402731	
0.989731	0	0	0	0.498744	0	0	0	0.0394525	
0.989666	0	0	0	0.496539	0	0	0	0.0386485	
0.989601	0	0	0	0.494344	0	0	0	0.0378609	
0.989536	0	0	0	0.492158	0	0	0	0.0370894	
0.98947	0	0	0	0.489982	0	0	0	0.0363336	
0.989405	0	0	0	0.487816	0	0	0	0.0355932	
0.98934	0	0	0	0.485659	0	0	0	0.0348679	
0.989275	0	0	0	0.483512	0	0	0	0.0341574	
0.98921	0	0	0	0.481375	0	0	0	0.0334614	
0.989145	0	0	0	0.479247	0	0	0	0.0327795	
0.98908	0	0	0	0.477128	0	0	0	0.0321115	
0.989015	0	0	0	0.475019	0	0	0	0.0314572	
0.98895	0	0	0	0.472919	0	0	0	0.0308161	
0.988885	0	0	0	0.470828	0	0	0	0.0301882	
0.98882	0	0	0	0.468746	0	0	0	0.029573	
0.988755	0	0	0	0.466674	0	0	0	0.0289704	
0.98869	0	0	0	0.464611	0	0	0	0.02838	
0.988625	0	0	0	0.462557	0	0	0	0.0278017	
0.98856	0	0	0	0.460512	0	0	0	0.0272352	
0.988495	0	0	0	0.458476	0	0	0	0.0266802	
0.98843	0	0	0	0.456449	0	0	0	0.0261365	
0.988365	0	0	0	0.454431	0	0	0	0.0256039	
0.9883	0	0	0	0.452422	0	0	0	0.0250822	
0.988235	0	0	0	0.450422	0	0	0	0.0245711	
0.98817	0	0	0	0.448431	0	0	0	0.0240704	
0.988105	0	0	0	0.446448	0	0	0	0.0235799	
0.98804	0	0	0	0.444474	0	0	0	0.0230994	
0.987975	0	0	0	0.442509	0	0	0	0.0226287	
0.98791	0	0	0	0.440553	0	0	0	0.0221675	
0.987846	0	0	0	0.438605	0	0	0	0.0217158	
0.987781	0	0	0	0.436666	0	0	0	0.0212733	
0.987716	0	0	0	0.434736	0	0	0	0.0208398	
0.987651	0	0	0	0.432814	0	0	0	0.0204151	
0.987586	0	0	0	0.4309	0	0	0	0.0199991	
0.987521	0	0	0	0.428995	0	0	0	0.0195916	
0.987456	0	0	0	0.427099	0	0	0	0.0191924	
0.987391	0	0	0	0.425211	0	0	0	0.0188013	
0.987326	0	0	0	0.423331	0	0	0	0.0184181	
0.987261	0	0	0	0.421459	0	0	0	0.0180428	
0.987196	0	0	0	0.419596	0	0	0	0.0176751	
0.987131	0	0	0	0.417741	0	0	0	0.017315	
0.987066	0	0	0	0.415894	0	0	0	0.0169621	
0.987002	0	0	0	0.414056	0	0	0	0.0166165	
0.986937	0	0	0	0.412225	0	0	0	0.0162779	
0.986872	0	0	0	0.410403	0	0	0	0.0159462	
0.986807	0	0	0	0.408588	0	0	0	0.0156212	
0.986742	0	0	0	0.406782	0	0	0	0.0153029	
0.986677	0	0	0	0.404983	0	0	0	0.0149911	
0.986612	0	0	0	0.403193	0	0	0	0.0146856	
0.986547	0	0	0	0.401411	0	0	0	0.0143863	
0.986483	0	0	0	0.399636	0	0	0	0.0140932	
0.986418	0	0	0	0.397869	0	0	0	0.013806	
0.986353	0	0	0	0.39611	0	0	0	0.0135246	
0.986288	0	0	0	0.394359	0	0	0	0.013249	
0.986223	0	0	0	0.392616	0	0	0	0.0129791	
0.986158	0	0	0	0.39088	0	0	0	0.0127146	
0.986094	0	0	0	0.389152	0	0	0	0.0124555	
0.986029	0	0	0	0.387431	0	0	0	0.0122017	
0.985964	0	0	0	0.385718	0	0	0	0.011953	
0.985899	0	0	0	0.384013	0	0	0	0.0117095	
0.985834	0	0	0	0.382316	0	0	0	0.0114708	
0.985769	0	0	0	0.380625	0	0	0	0.0112371	
0.985705	0	0	0	0.378943	0	0	0	0.0110081	
0.98564	0	0	0	0.377267	0	0	0	0.0107838	
0.985575	0	0	0	0.375599	0	0	0	0.010564	
0.98551	0	0	0	0.373939	0	0	0	0.0103488	
0.985445	0	0	0	0.372286	0	0	0	0.0101379	
0.985381	0	0	0	0.37064	0	0	0	0.00993131	
0.985316	0	0	0	0.369001	0	0	0	0.00972893	
0.985251	0	0	0	0.36737	0	0	0	0.00953068	
0.985186	0	0	0	0.365746	0	0	0	0.00933646	
0.985122	0	0	0	0.364129	0	0	0	0.00914621	
0.985057	0	0	0	0.362519	0	0	0	0.00895983	
0.984992	0	0	0	0.360916	0	0	0	0.00877725	
0.984927	0	0	0	0.359321	0	0	0	0.00859839	
0.984862	0	0	0	0.357732	0	0	0	0.00842318	
0.984798	0	0	0	0.356151	0	0	0	0.00825153	
0.984733	0	0	0	0.354576	0	0	0	0.00808338	
0.984668	0	0	0	0.353009	0	0	0	0.00791866	
0.984604	0	0	0	0.351448	0	0	0	0.0077573	
0.984539	0	0	0	0.349894	0	0	0	0.00759923	
0.984474	0	0	0	0.348347	0	0	0	0.00744437	
0.984409	0	0	0	0.346807	0	0	0	0.00729267	
0.984345	0	0	0	0.345274	0	0	0	0.00714407	
0.98428	0	0	0	0.343748	0	0	0	0.00699849	
0.984215	0	0	0	0.342228	0	0	0	0.00685587	
0.98415	0	0	0	0.340715	0	0	0	0.00671617	
0.984086	0	0	0	0.339209	0	0	0	0.00657931	
0.984021	0	0	0	0.337709	0	0	0	0.00644524	
0.983956	0	0	0	0.336216	0	0	0	0.0063139	
0.983892	0	0	0	0.33473	0	0	0	0.00618524	
0.983827	0	0	0	0.33325	0	0	0	0.0060592	
0.983762	0	0	0	0.331777	0	0	0	0.00593572	
0.983698	0	0	0	0.33031	0	0	0	0.00581477	
0.983633	0	0	0	0.32885	0	0	0	0.00569628	
0.983568	0	0	0	0.327396	0	0	0	0.0055802	
0.983504	0	0	0	0.325948	0	0	0	0.00546649	
0.983439	0	0	0	0.324507	0	0	0	0.00535509	
0.983374	0	0	0	0.323073	0	0	0	0.00524597	
0.98331	0	0	0	0.321644	0	0	0	0.00513907	
0.983245	0	0	0	0.320222	0	0	0	0.00503435	
0.98318	0	0	0	0.318807	0	0	0	0.00493176	
0.983116	0	0	0	0.317397	0	0	0	0.00483126	
0.983051	0	0	0	0.315994	0	0	0	0.00473281	
0.982987	0	0	0	0.314597	0	0	0	0.00463637	
0.982922	0	0	0	0.313206	0	0	0	0.00454189	
0.982857	0	0	0	0.311822	0	0	0	0.00444934	
0.982793	0	0	0	0.310443	0	0	0	0.00435867	
0.982728	0	0	0	0.309071	0	0	0	0.00426985	
0.982663	0	0	0	0.307704	0	0	0	0.00418284	
0.982599	0	0	0	0.306344	0	0	0	0.0040976	
0.982534	0	0	0	0.304989	0	0	0	0.00401411	
0.98247	0	0	0	0.303641	0	0	0	0.00393231	
0.982405	0	0	0	0.302299	0	0	0	0.00385218	
0.98234	0	0	0	0.300962	0	0	0	0.00377368	
0.982276	0	0	0	0.299632	0	0	0	0.00369678	
0.982211	0	0	0	0.298307	0	0	0	0.00362145	
0.982147	0	0	0	0.296988	0	0	0	0.00354765	
0.982082	0	0	0	0.295675	0	0	0	0.00347536	
0.982018	0	0	0	0.294368	0	0	0	0.00340454	
0.981953	0	0	0	0.293067	0	0	0	0.00333516	
0.981888	0	0	0	0.291771	0	0	0	0.0032672	
0.981824	0	0	0	0.290481	0	0	0	0.00320062	
0.981759	0	0	0	0.289197	0	0	0	0.0031354	
0.981695	0	0	0	0.287918	0	0	0	0.00307151	
0.98163	0	0	0	0.286646	0	0	0	0.00300892	
0.981566	0	0	0	0.285378	0	0	0	0.0029476	
0.981501	0	0	0	0.284117	0	0	0	0.00288754	
0.981437	0	0	0	0.282861	0	0	0	0.0028287	
0.981372	0	0	0	0.28161	0	0	0	0.00277106	
0.981308	0	0	0	0.280365	0	0	0	0.00271459	
0.981243	0	0	0	0.279126	0	0	0	0.00265927	
0.981179	0	0	0	0.277892	0	0	0	0.00260508	
0.981114	0	0	0	0.276663	0	0	0	0.002552	
0.98105	0	0	0	0.27544	0	0	0	0.00249999	
0.980985	0	0	0	0.274222	0	0	0	0.00244905	
0.980921	0	0	0	0.27301	0	0	0	0.00239914	
0.980856	0	0	0	0.271803	0	0	0	0.00235025	
0.980792	0	0	0	0.270601	0	0	0	0.00230236	
0.980727	0	0	0	0.269405	0	0	0	0.00225544	
0.980663	0	0	0	0.268214	0	0	0	0.00220948	
0.980598	0	0	0	0.267028	0	0	0	0.00216446	
0.980534	0	0	0	0.265848	0	0	0	0.00212035	
0.980469	0	0	0	0.264672	0	0	0	0.00207715	
0.980405	0	0	0	0.263502	0	0	0	0.00203482	
0.98034	0	0	0	0.262337	0	0	0	0.00199335	
0.980276	0	0	0	0.261178	0	0	0	0.00195273	
0.980211	0	0	0	0.260023	0	0	0	0.00191294	
0.980147	0	0	0	0.258873	0	0	0	0.00187396	
0.980083	0	0	0	0.257729	0	0	0	0.00183577	
0.980018	0	0	0	0.256589	0	0	0	0.00179836	
0.979954	0	0	0	0.255455	0	0	0	0.00176172	
0.979889	0	0	0	0.254326	0	0	0	0.00172582	
0.979825	0	0	0	0.253201	0	0	0	0.00169065	
0.97976	0	0	0	0.252082	0	0	0	0.0016562	
0.979696	0	0	0	0.250967	0	0	0	0.00162245	
0.979632	0	0	0	0.249858	0	0	0	0.00158939	
0.979567	0	0	0	0.248753	0	0	0	0.001557	
0.979503	0	0	0	0.247654	0	0	0	0.00152527	
0.979438	0	0	0	0.246559	0	0	0	0.00149419	
0.979374	0	0	0	0.245469	0	0	0	0.00146374	
0.97931	0	0	0	0.244384	0	0	0	0.00143391	
0.979245	0	0	0	0.243303	0	0	0	0.0014047	
0.979181	0	0	0	0.242227	0	0	0	0.00137607	
0.979117	0	0	0	0.241157	0	0	0	0.00134803	
0.979052	0	0	0	0.24009	0	0	0	0.00132056	
0.978988	0	0	0	0.239029	0	0	0	0.00129365	
0.978923	0	0	0	0.237972	0	0	0	0.00126729	
0.978859	0	0	0	0.23692	0	0	0	0.00124146	
0.978795	0	0	0	0.235873	0	0	0	0.00121617	
0.97873	0	0	0	0.23483	0	0	0	0.00119138	
0.978666	0	0	0	0.233792	0	0	0	0.00116711	
0.978602	0	0	0	0.232758	0	0	0	0.00114332	
0.978537	0	0	0	0.231729	0	0	0	0.00112002	
0.978473	0	0	0	0.230705	0	0	0	0.0010972	
0.978409	0	0	0	0.229685	0	0	0	0.00107484	
0.978344	0	0	0	0.228669	0	0	0	0.00105294	
0.97828	0	0	0	0.227658	0	0	0	0.00103148	
0.978216	0	0	0	0.226652	0	0	0	0.00101046	
0.978151	0	0	0	0.22565	0	0	0	0.000989874	
0.978087	0	0	0	0.224652	0	0	0	0.000969702	
0.978023	0	0	0	0.223659	0	0	0	0.000949942	
0.977959	0	0	0	0.22267	0	0	0	0.000930585	
0.977894	0	0	0	0.221686	0	0	0	0.000911622	
0.97783	0	0	0	0.220706	0	0	0	0.000893045	
0.977766	0	0	0	0.21973	0	0	0	0.000874847	
0.977701	0	0	0	0.218759	0	0	0	0.000857019	
0.977637	0	0	0	0.217792	0	0	0	0.000839555	
0.977573	0	0	0	0.216829	0	0	0	0.000822447	
0.977509	0	0	0	0.21587	0	0	0	0.000805688	
0.977444	0	0	0	0.214916	0	0	0	0.00078927	
0.97738	0	0	0	0.213966	0	0	0	0.000773186	
0.977316	0	0	0	0.21302	0	0	0	0.00075743	
0.977252	0	0	0	0.212078	0	0	0	0.000741996	
0.977187	0	0	0	0.21114	0	0	0	0.000726876	
0.977123	0	0	0	0.210207	0	0	0	0.000712064	
0.977059	0	0	0	0.209278	0	0	0	0.000697554	
0.976995	0	0	0	0.208352	0	0	0	0.000683339	
0.97693	0	0	0	0.207431	0	0	0	0.000669414	
0.976866	0	0	0	0.206514	0	0	0	0.000655773	
0.976802	0	0	0	0.205601	0	0	0	0.00064241	
0.976738	0	0	0	0.204692	0	0	0	0.000629319	
0.976673	0	0	0	0.203787	0	0	0	0.000616495	
0.976609	0	0	0	0.202886	0	0	0	0.000603932	
0.976545	0	0	0	0.20199	0	0	0	0.000591626	
0.976481	0	0	0	0.201097	0	0	0	0.00057957	
0.976417	0	0	0	0.200207	0	0	0	0.00056776	
0.976352	0	0	0	0.199322	0	0	0	0.00055619	
0.976288	0	0	0	0.198441	0	0	0	0.000544856	
0.976224	0	0	0	0.197564	0	0	0	0.000533753	
0.97616	0	0	0	0.19669	0	0	0	0.000522877	
0.976096	0	0	0	0.195821	0	0	0	0.000512222	
0.976032	0	0	0	0.194955	0	0	0	0.000501784	
0.975967	0	0	0	0.194093	0	0	0	0.000491559	
0.975903	0	0	0	0.193235	0	0	0	0.000481542	
0.975839	0	0	0	0.192381	0	0	0	0.000471729	
0.975775	0	0	0	0.19153	0	0	0	0.000462116	
0.975711	0	0	0	0.190684	0	0	0	0.0004527	
0.975647	0	0	0	0.189841	0	0	0	0.000443475	
0.975582	0	0	0	0.189001	0	0	0	0.000434438	
0.975518	0	0	0	0.188166	0	0	0	0.000425585	
0.975454	0	0	0	0.187334	0	0	0	0.000416912	
0.97539	0	0	0	0.186506	0	0	0	0.000408417	
0.975326	0	0	0	0.185681	0	0	0	0.000400094	
0.975262	0	0	0	0.18486	0	0	0	0.000391941	
0.975198	0	0	0	0.184043	0	0	0	0.000383954	
0.975134	0	0	0	0.183229	0	0	0	0.00037613	
0.975069	0	0	0	0.182419	0	0	0	0.000368466	
0.975005	0	0	0	0.181613	0	0	0	0.000360957	
0.974941	0	0	0	0.18081	0	0	0	0.000353602	
0.974877	0	0	0	0.180011	0	0	0	0.000346396	
0.974813	0	0	0	0.179215	0	0	0	0.000339337	
0.974749	0	0	0	0.178423	0	0	0	0.000332423	
0.974685	0	0	0	0.177634	0	0	0	0.000325649	
0.974621	0	0	0	0.176848	0	0	0	0.000319013	
0.974557	0	0	0	0.176067	0	0	0	0.000312512	
0.974493	0	0	0	0.175288	0	0	0	0.000306144	
0.974429	0	0	0	0.174513	0	0	0	0.000299905	
0.974365	0	0	0	0.173742	0	0	0	0.000293794	
0.974301	0	0	0	0.172974	0	0	0	0.000287807	
0.974236	0	0	0	0.172209	0	0	0	0.000281942	
0.974172	0	0	0	0.171448	0	0	0	0.000276197	
0.974108	0	0	0	0.17069	0	0	0	0.000270569	
0.974044	0	0	0	0.169935	0	0	0	0.000265055	
0.97398	0	0	0	0.169184	0	0	0	0.000259654	
0.973916	0	0	0	0.168436	0	0	0	0.000254363	
0.973852	0	0	0	0.167691	0	0	0	0.000249179	
0.973788	0	0	0	0.16695	0	0	0	0.000244102	
0.973724	0	0	0	0.166212	0	0	0	0.000239127	
0.97366	0	0	0	0.165477	0	0	0	0.000234255	
0.973596	0	0	0	0.164745	0	0	0	0.000229481	
0.973532	0	0	0	0.164017	0	0	0	0.000224805	
0.973468	0	0	0	0.163292	0	0	0	0.000220224	
0.973404	0	0	0	0.16257	0	0	0	0.000215736	
0.97334	0	0	0	0.161851	0	0	0	0.00021134	
0.973276	0	0	0	0.161136	0	0	0	0.000207033	
0.973212	0	0	0	0.160423	0	0	0	0.000202815	
0.973148	0	0	0	0.159714	0	0	0	0.000198682	
0.973084	0	0	0	0.159008	0	0	0	0.000194633	
0.97302	0	0	0	0.158305	0	0	0	0.000190667	
0.972956	0	0	0	0.157605	0	0	0	0.000186781	
0.972892	0	0	0	0.156908	0	0	0	0.000182975	
0.972828	0	0	0	0.156215	0	0	0	0.000179247	
0.972764	0	0	0	0.155524	0	0	0	0.000175594	
0.9727	0	0	0	0.154837	0	0	0	0.000172016	
0.972636	0	0	0	0.154152	0	0	0	0.000168511	
0.972573	0	0	0	0.15347	0	0	0	0.000165077	
0.972509	0	0	0	0.152792	0	0	0	0.000161713	
0.972445	0	0	0	0.152117	0	0	0	0.000158418	
0.972381	0	0	0	0.151444	0	0	0	0.000155189	
0.972317	0	0	0	0.150774	0	0	0	0.000152027	
0.972253	0	0	0	0.150108	0	0	0	0.000148929	
0.972189	0	0	0	0.149444	0	0	0	0.000145894	
0.972125	0	0	0	0.148784	0	0	0	0.000142921	
0.972061	0	0	0	0.148126	0	0	0	0.000140009	
0.971997	0	0	0	0.147471	0	0	0	0.000137156	
0.971933	0	0	0	0.146819	0	0	0	0.000134361	
0.971869	0	0	0	0.14617	0	0	0	0.000131623	
0.971806	0	0	0	0.145524	0	0	0	0.000128941	
0.971742	0	0	0	0.14488	0	0	0	0.000126313	
0.971678	0	0	0	0.14424	0	0	0	0.000123739	
0.971614	0	0	0	0.143602	0	0	0	0.000121218	
0.97155	0	0	0	0.142967	0	0	0	0.000118748	
0.971486	0	0	0	0.142335	0	0	0	0.000116328	
0.971422	0	0	0	0.141706	0	0	0	0.000113957	
0.971358	0	0	0	0.14108	0	0	0	0.000111635	
0.971295	0	0	0	0.140456	0	0	0	0.00010936	
0.971231	0	0	0	0.139835	0	0	0	0.000107132	
0.971167	0	0	0	0.139217	0	0	0	0.000104949	
0.971103	0	0	0	0.138601	0	0	0	0.00010281	
0.971039	0	0	0	0.137988	0	0	0	0.000100715	
0.970975	0	0	0	0.137378	0	0	0	9.86628e-05	
0.970911	0	0	0	0.136771	0	0	0	9.66522e-05	
0.970848	0	0	0	0.136166	0	0	0	9.46827e-05	
0.970784	0	0	0	0.135564	0	0	0	9.27533e-05	
0.97072	0	0	0	0.134965	0	0	0	9.08632e-05	
0.970656	0	0	0	0.134368	0	0	0	8.90116e-05	
0.970592	0	0	0	0.133774	0	0	0	8.71978e-05	
0.970529	0	0	0	0.133183	0	0	0	8.54209e-05	
0.970465	0	0	0	0.132594	0	0	0	8.36802e-05	
0.970401	0	0	0	0.132008	0	0	0	8.1975e-05	
0.970337	0	0	0	0.131424	0	0	0	8.03046e-05	
0.970273	0	0	0	0.130843	0	0	0	7.86681e-05	
0.97021	0	0	0	0.130265	0	0	0	7.70651e-05	
0.970146	0	0	0	0.129689	0	0	0	7.54947e-05	
0.970082	0	0	0	0.129116	0	0	0	7.39563e-05	
0.970018	0	0	0	0.128545	0	0	0	7.24492e-05	
0.969954	0	0	0	0.127977	0	0	0	7.09729e-05	
0.969891	0	0	0	0.127411	0	0	0	6.95266e-05	
0.969827	0	0	0	0.126847	0	0	0	6.81098e-05	
0.969763	0	0	0	0.126287	0	0	0	6.67219e-05	
0.969699	0	0	0	0.125728	0	0	0	6.53623e-05	
0.969636	0	0	0	0.125173	0	0	0	6.40303e-05	
0.969572	0	0	0	0.124619	0	0	0	6.27255e-05	
0.969508	0	0	0	0.124068	0	0	0	6.14473e-05	
0.969444	0	0	0	0.12352	0	0	0	6.01952e-05	
0.969381	0	0	0	0.122974	0	0	0	5.89686e-05	
0.969317	0	0	0	0.12243	0	0	0	5.77669e-05	
0.969253	0	0	0	0.121889	0	0	0	5.65898e-05	
0.96919	0	0	0	0.12135	0	0	0	5.54366e-05	
0.969126	0	0	0	0.120813	0	0	0	5.43069e-05	
0.969062	0	0	0	0.120279	0	0	0	5.32003e-05	
0.968998	0	0	0	0.119747	0	0	0	5.21162e-05	
0.968935	0	0	0	0.119218	0	0	0	5.10542e-05	
0.968871	0	0	0	0.118691	0	0	0	5.00138e-05	
0.968807	0	0	0	0.118166	0	0	0	4.89947e-05	
0.968744	0	0	0	0.117644	0	0	0	4.79963e-05	
0.96868	0	0	0	0.117124	0	0	0	4.70182e-05	
0.968616	0	0	0	0.116606	0	0	0	4.60601e-05	
0.968553	0	0	0	0.11609	0	0	0	4.51215e-05	
0.968489	0	0	0	0.115577	0	0	0	4.4202e-05	
0.968425	0	0	0	0.115066	0	0	0	4.33013e-05	
0.968362	0	0	0	0.114558	0	0	0	4.24189e-05	
0.968298	0	0	0	0.114051	0	0	0	4.15545e-05	
0.968234	0	0	0	0.113547	0	0	0	4.07077e-05	
0.968171	0	0	0	0.113045	0	0	0	3.98782e-05	
0.968107	0	0	0	0.112545	0	0	0	3.90656e-05	
0.968043	0	0	0	0.112048	0	0	0	3.82695e-05	
0.96798	0	0	0	0.111552	0	0	0	3.74897e-05	
0.967916	0	0	0	0.111059	0	0	0	3.67257e-05	
0.967852	0	0	0	0.110568	0	0	0	3.59773e-05	
0.967789	0	0	0	0.110079	0	0	0	3.52442e-05	
0.967725	0	0	0	0.109593	0	0	0	3.4526e-05	
0.967661	0	0	0	0.109108	0	0	0	3.38225e-05	
0.967598	0	0	0	0.108626	0	0	0	3.31332e-05	
0.967534	0	0	0	0.108146	0	0	0	3.24581e-05	
0.967471	0	0	0	0.107667	0	0	0	3.17966e-05	
0.967407	0	0	0	0.107191	0	0	0	3.11487e-05	
0.967343	0	0	0	0.106718	0	0	0	3.0514e-05	
0.96728	0	0	0	0.106246	0	0	0	2.98922e-05	
0.967216	0	0	0	0.105776	0	0	0	2.9283e-05	
0.967153	0	0	0	0.105308	0	0	0	2.86863e-05	
0.967089	0	0	0	0.104843	0	0	0	2.81018e-05	
0.967025	0	0	0	0.104379	0	0	0	2.75291e-05	
0.966962	0	0	0	0.103918	0	0	0	2.69681e-05	
0.966898	0	0	0	0.103458	0	0	0	2.64186e-05	
0.966835	0	0	0	0.103001	0	0	0	2.58802e-05	
0.966771	0	0	0	0.102546	0	0	0	2.53529e-05	
0.966708	0	0	0	0.102092	0	0	0	2.48362e-05	
0.966644	0	0	0	0.101641	0	0	0	2.43301e-05	
0.966581	0	0	0	0.101192	0	0	0	2.38343e-05	
0.966517	0	0	0	0.100744	0	0	0	2.33486e-05	
0.966453	0	0	0	0.100299	0	0	0	2.28729e-05	
0.96639	0	0	0	0.0998555	0	0	0	2.24068e-05	
0.966326	0	0	0	0.099414	0	0	0	2.19502e-05	
0.966263	0	0	0	0.0989745	0	0	0	2.15029e-05	
0.966199	0	0	0	0.098537	0	0	0	2.10647e-05	
0.966136	0	0	0	0.0981013	0	0	0	2.06354e-05	
0.966072	0	0	0	0.0976676	0	0	0	2.02149e-05	
0.966009	0	0	0	0.0972358	0	0	0	1.9803e-05	
0.965945	0	0	0	0.096806	0	0	0	1.93995e-05	
0.965882	0	0	0	0.096378	0	0	0	1.90042e-05	
0.965818	0	0	0	0.0959519	0	0	0	1.86169e-05	
0.965755	0	0	0	0.0955277	0	0	0	1.82375e-05	
0.965691	0	0	0	0.0951054	0	0	0	1.78659e-05	
0.965628	0	0	0	0.0946849	0	0	0	1.75018e-05	
0.965564	0	0	0	0.0942663	0	0	0	1.71452e-05	
0.965501	0	0	0	0.0938496	0	0	0	1.67958e-05	
0.965437	0	0	0	0.0934347	0	0	0	1.64535e-05	
0.965374	0	0	0	0.0930216	0	0	0	1.61183e-05	
0.96531	0	0	0	0.0926103	0	0	0	1.57898e-05	
0.965247	0	0	0	0.0922009	0	0	0	1.5468e-05	
0.965183	0	0	0	0.0917933	0	0	0	1.51528e-05	
0.96512	0	0	0	0.0913875	0	0	0	1.48441e-05	
0.965057	0	0	0	0.0909835	0	0	0	1.45416e-05	
0.964993	0	0	0	0.0905812	0	0	0	1.42453e-05	
0.96493	0	0	0	0.0901808	0	0	0	1.3955e-05	
0.964866	0	0	0	0.0897821	0	0	0	1.36706e-05	
0.964803	0	0	0	0.0893852	0	0	0	1.3392e-05	
0.964739	0	0	0	0.08899	0	0	0	1.31191e-05	
0.964676	0	0	0	0.0885966	0	0	0	1.28518e-05	
0.964613	0	0	0	0.0882049	0	0	0	1.25899e-05	
0.964549	0	0	0	0.0878149	0	0	0	1.23334e-05	
0.964486	0	0	0	0.0874267	0	0	0	1.2082e-05	
0.964422	0	0	0	0.0870402	0	0	0	1.18358e-05	
0.964359	0	0	0	0.0866554	0	0	0	1.15946e-05	
0.964295	0	0	0	0.0862723	0	0	0	1.13584e-05	
0.964232	0	0	0	0.0858909	0	0	0	1.11269e-05	
0.964169	0	0	0	0.0855112	0	0	0	1.09002e-05	
0.964105	0	0	0	0.0851331	0	0	0	1.0678e-05	
0.964042	0	0	0	0.0847568	0	0	0	1.04605e-05	
0.963979	0	0	0	0.0843821	0	0	0	1.02473e-05	
0.963915	0	0	0	0.084009	0	0	0	1.00385e-05	
0.963852	0	0	0	0.0836376	0	0	0	9.83392e-06	
0.963788	0	0	0	0.0832678	0	0	0	9.63353e-06	
0.963725	0	0	0	0.0828997	0	0	0	9.43722e-06	
0.963662	0	0	0	0.0825332	0	0	0	9.24491e-06	
0.963598	0	0	0	0.0821683	0	0	0	9.05652e-06	
0.963535	0	0	0	0.0818051	0	0	0	8.87197e-06	
0.963472	0	0	0	0.0814434	0	0	0	8.69118e-06	
0.963408	0	0	0	0.0810834	0	0	0	8.51408e-06	
0.963345	0	0	0	0.0807249	0	0	0	8.34058e-06	
0.963282	0	0	0	0.080368	0	0	0	8.17062e-06	
0.963218	0	0	0	0.0800127	0	0	0	8.00412e-06	
0.963155	0	0	0	0.079659	0	0	0	7.84102e-06	
0.963092	0	0	0	0.0793068	0	0	0	7.68123e-06	
0.963028	0	0	0	0.0789562	0	0	0	7.52471e-06	
0.962965	0	0	0	0.0786071	0	0	0	7.37137e-06	
0.962902	0	0	0	0.0782596	0	0	0	7.22116e-06	
0.962838	0	0	0	0.0779136	0	0	0	7.07401e-06	
0.962775	0	0	0	0.0775692	0	0	0	6.92986e-06	
0.962712	0	0	0	0.0772263	0	0	0	6.78865e-06	
0.962649	0	0	0	0.0768848	0	0	0	6.65031e-06	
0.962585	0	0	0	0.0765449	0	0	0	6.51479e-06	
0.962522	0	0	0	0.0762065	0	0	0	6.38204e-06	
0.962459	0	0	0	0.0758696	0	0	0	6.25198e-06	
0.962395	0	0	0	0.0755342	0	0	0	6.12458e-06	
0.962332	0	0	0	0.0752003	0	0	0	5.99978e-06	
0.962269	0	0	0	0.0748678	0	0	0	5.87752e-06	
0.962206	0	0	0	0.0745368	0	0	0	5.75775e-06	
0.962142	0	0	0	0.0742073	0	0	0	5.64042e-06	
0.962079	0	0	0	0.0738792	0	0	0	5.52548e-06	
0.962016	0	0	0	0.0735526	0	0	0	5.41288e-06	
0.961953	0	0	0	0.0732274	0	0	0	5.30258e-06	
0.961889	0	0	0	0.0729037	0	0	0	5.19453e-06	
0.961826	0	0	0	0.0725814	0	0	0	5.08868e-06	
0.961763	0	0	0	0.0722605	0	0	0	4.98498e-06	
0.9617	0	0	0	0.0719411	0	0	0	4.8834e-06	
0.961636	0	0	0	0.071623	0	0	0	4.78389e-06	
0.961573	0	0	0	0.0713064	0	0	0	4.6864e-06	
0.96151	0	0	0	0.0709911	0	0	0	4.5909e-06	
0.961447	0	0	0	0.0706773	0	0	0	4.49735e-06	
0.961384	0	0	0	0.0703648	0	0	0	4.40571e-06	
0.96132	0	0	0	0.0700537	0	0	0	4.31593e-06	
0.961257	0	0	0	0.069744	0	0	0	4.22798e-06	
0.961194	0	0	0	0.0694357	0	0	0	4.14182e-06	
0.961131	0	0	0	0.0691287	0	0	0	4.05742e-06	
0.961068	0	0	0	0.0688231	0	0	0	3.97474e-06	
0.961004	0	0	0	0.0685188	0	0	0	3.89375e-06	
0.960941	0	0	0	0.0682159	0	0	0	3.8144e-06	
0.960878	0	0	0	0.0679143	0	0	0	3.73667e-06	
0.960815	0	0	0	0.0676141	0	0	0	3.66053e-06	
0.960752	0	0	0	0.0673152	0	0	0	3.58594e-06	
0.960689	0	0	0	0.0670176	0	0	0	3.51286e-06	
0.960625	0	0	0	0.0667213	0	0	0	3.44128e-06	
0.960562	0	0	0	0.0664263	0	0	0	3.37115e-06	
0.960499	0	0	0	0.0661327	0	0	0	3.30246e-06	
0.960436	0	0	0	0.0658403	0	0	0	3.23516e-06	
0.960373	0	0	0	0.0655492	0	0	0	3.16924e-06	
0.96031	0	0	0	0.0652594	0	0	0	3.10466e-06	
0.960247	0	0	0	0.0649709	0	0	0	3.04139e-06	
0.960183	0	0	0	0.0646837	0	0	0	2.97941e-06	
0.96012	0	0	0	0.0643977	0	0	0	2.9187e-06	
0.960057	0	0	0	0.064113	0	0	0	2.85922e-06	
0.959994	0	0	0	0.0638296	0	0	0	2.80096e-06	
0.959931	0	0	0	0.0635474	0	0	0	2.74388e-06	
0.959868	0	0	0	0.0632664	0	0	0	2.68797e-06	
0.959805	0	0	0	0.0629867	0	0	0	2.63319e-06	
0.959742	0	0	0	0.0627083	0	0	0	2.57954e-06	
0.959679	0	0	0	0.062431	0	0	0	2.52697e-06	
0.959615	0	0	0	0.062155	0	0	0	2.47548e-06	
0.959552	0	0	0	0.0618803	0	0	0	2.42503e-06	
0.959489	0	0	0	0.0616067	0	0	0	2.37562e-06	
0.959426	0	0	0	0.0613343	0	0	0	2.32721e-06	
0.959363	0	0	0	0.0610632	0	0	0	2.27978e-06	
0.9593	0	0	0	0.0607932	0	0	0	2.23333e-06	
0.959237	0	0	0	0.0605244	0	0	0	2.18782e-06	
0.959174	0	0	0	0.0602569	0	0	0	2.14324e-06	
0.959111	0	0	0	0.0599905	0	0	0	2.09956e-06	
0.959048	0	0	0	0.0597253	0	0	0	2.05678e-06	
0.958985	0	0	0	0.0594612	0	0	0	2.01486e-06	
0.958922	0	0	0	0.0591983	0	0	0	1.97381e-06	
0.958859	0	0	0	0.0589366	0	0	0	1.93359e-06	
0.958796	0	0	0	0.0586761	0	0	0	1.89418e-06	
0.958733	0	0	0	0.0584167	0	0	0	1.85558e-06	
0.95867	0	0	0	0.0581584	0	0	0	1.81777e-06	
0.958607	0	0	0	0.0579013	0	0	0	1.78073e-06	
0.958544	0	0	0	0.0576453	0	0	0	1.74444e-06	
0.95848	0	0	0	0.0573905	0	0	0	1.7089e-06	
0.958417	0	0	0	0.0571367	0	0	0	1.67407e-06	
0.958354	0	0	0	0.0568841	0	0	0	1.63996e-06	
0.958291	0	0	0	0.0566327	0	0	0	1.60654e-06	
0.958228	0	0	0	0.0563823	0	0	0	1.5738e-06	
0.958165	0	0	0	0.056133	0	0	0	1.54173e-06	
0.958102	0	0	0	0.0558849	0	0	0	1.51032e-06	
0.958039	0	0	0	0.0556378	0	0	0	1.47954e-06	
0.957976	0	0	0	0.0553918	0	0	0	1.44939e-06	
0.957914	0	0	0	0.0551469	0	0	0	1.41985e-06	
0.957851	0	0	0	0.0549031	0	0	0	1.39092e-06	
0.957788	0	0	0	0.0546604	0	0	0	1.36258e-06	
0.957725	0	0	0	0.0544188	0	0	0	1.33481e-06	
0.957662	0	0	0	0.0541782	0	0	0	1.30761e-06	
0.957599	0	0	0	0.0539387	0	0	0	1.28096e-06	
0.957536	0	0	0	0.0537002	0	0	0	1.25486e-06	
0.957473	0	0	0	0.0534628	0	0	0	1.22929e-06	
0.95741	0	0	0	0.0532264	0	0	0	1.20424e-06	
0.957347	0	0	0	0.0529911	0	0	0	1.1797e-06	
0.957284	0	0	0	0.0527568	0	0	0	1.15566e-06	
0.957221	0	0	0	0.0525236	0	0	0	1.13211e-06	
0.957158	0	0	0	0.0522914	0	0	0	1.10904e-06	
0.957095	0	0	0	0.0520602	0	0	0	1.08644e-06	
0.957032	0	0	0	0.0518301	0	0	0	1.0643e-06	
0.956969	0	0	0	0.0516009	0	0	0	1.04262e-06	
0.956906	0	0	0	0.0513728	0	0	0	1.02137e-06	
0.956843	0	0	0	0.0511457	0	0	0	1.00056e-06	
0.956781	0	0	0	0.0509196	0	0	0	9.80167e-07	
0.956718	0	0	0	0.0506945	0	0	0	9.60194e-07	
0.956655	0	0	0	0.0504703	0	0	0	9.40627e-07	
0.956592	0	0	0	0.0502472	0	0	0	9.21459e-07	
0.956529	0	0	0	0.0500251	0	0	0	9.02682e-07	
0.956466	0	0	0	0.0498039	0	0	0	8.84288e-07	
0.956403	0	0	0	0.0495837	0	0	0	8.66268e-07	
0.95634	0	0	0	0.0493645	0	0	0	8.48616e-07	
0.956277	0	0	0	0.0491463	0	0	0	8.31323e-07	
0.956215	0	0	0	0.048929	0	0	0	8.14382e-07	
0.956152	0	0	0	0.0487127	0	0	0	7.97787e-07	
0.956089	0	0	0	0.0484973	0	0	0	7.8153e-07	
0.956026	0	0	0	0.0482829	0	0	0	7.65604e-07	
0.955963	0	0	0	0.0480695	0	0	0	7.50003e-07	
0.9559	0	0	0	0.047857	0	0	0	7.3472e-07	
0.955837	0	0	0	0.0476454	0	0	0	7.19748e-07	
0.955775	0	0	0	0.0474347	0	0	0	7.05081e-07	
0.955712	0	0	0	0.047225	0	0	0	6.90713e-07	
0.955649	0	0	0	0.0470163	0	0	0	6.76638e-07	
0.955586	0	0	0	0.0468084	0	0	0	6.6285e-07	
0.955523	0	0	0	0.0466015	0	0	0	6.49343e-07	
0.955461	0	0	0	0.0463954	0	0	0	6.36111e-07	
0.955398	0	0	0	0.0461903	0	0	0	6.23148e-07	
0.955335	0	0	0	0.0459861	0	0	0	6.1045e-07	
0.955272	0	0	0	0.0457828	0	0	0	5.9801e-07	
0.955209	0	0	0	0.0455804	0	0	0	5.85824e-07	
0.955146	0	0	0	0.0453789	0	0	0	5.73887e-07	
0.955084	0	0	0	0.0451783	0	0	0	5.62192e-07	
0.955021	0	0	0	0.0449786	0	0	0	5.50736e-07	
