1	0	0	0	1	0	0	0	1	
0.999954	8.86512e-07	0	1.73571e-07	0.994504	0	0	0	0.982271	
0.999909	3.48915e-06	0	6.83624e-07	0.989084	0	0	0	0.9651	
0.999864	7.74608e-06	0	1.51758e-06	0.983696	0	0	0	0.948232	
0.999819	1.35931e-05	0	2.66288e-06	0.97834	0	0	0	0.931662	
0.999774	2.09701e-05	0	4.10773e-06	0.973015	0	0	0	0.915384	
0.999729	2.98204e-05	0	5.84106e-06	0.967722	0	0	0	0.899393	
0.999685	4.00907e-05	0	7.85243e-06	0.962459	0	0	0	0.883684	
0.999641	5.17305e-05	0	1.01319e-05	0.957228	0	0	0	0.868251	
0.999597	6.4692e-05	0	1.26702e-05	0.952027	0	0	0	0.853091	
0.999553	7.89297e-05	0	1.54584e-05	0.946856	0	0	0	0.838198	
0.999509	9.44001e-05	0	1.84879e-05	0.941716	0	0	0	0.823568	
0.999465	0.000111062	0	2.17507e-05	0.936605	0	0	0	0.809195	
0.999422	0.000128876	0	2.52391e-05	0.931524	0	0	0	0.795076	
0.999379	0.000147803	0	2.89455e-05	0.926472	0	0	0	0.781205	
0.999336	0.000167808	0	3.28629e-05	0.92145	0	0	0	0.767579	
0.999293	0.000188856	0	3.69844e-05	0.916457	0	0	0	0.754192	
0.99925	0.000210912	0	4.13035e-05	0.911492	0	0	0	0.741041	
0.999208	0.000233945	0	4.58137e-05	0.906556	0	0	0	0.728122	
0.999165	0.000257923	0	5.0509e-05	0.901648	0	0	0	0.715431	
0.999123	0.000282816	0	5.53834e-05	0.896769	0	0	0	0.702962	
0.99908	0.000308595	0	6.04313e-05	0.891918	0	0	0	0.690713	
0.999038	0.000335232	0	6.56471e-05	0.887094	0	0	0	0.67868	
0.998996	0.000362698	0	7.10255e-05	0.882298	0	0	0	0.666858	
0.998955	0.000390969	0	7.65612e-05	0.877529	0	0	0	0.655245	
0.998913	0.000420018	0	8.22494e-05	0.872788	0	0	0	0.643836	
0.998871	0.00044982	0	8.8085e-05	0.868073	0	0	0	0.632627	
0.99883	0.000480352	0	9.40635e-05	0.863386	0	0	0	0.621616	
0.998788	0.000511589	0	0.00010018	0.858725	0	0	0	0.610798	
0.998747	0.00054351	0	0.000106431	0.85409	0	0	0	0.600171	
0.998706	0.000576092	0	0.00011281	0.849482	0	0	0	0.58973	
0.998665	0.000609313	0	0.000119316	0.8449	0	0	0	0.579473	
0.998624	0.000643154	0	0.000125942	0.840344	0	0	0	0.569397	
0.998583	0.000677593	0	0.000132686	0.835814	0	0	0	0.559497	
0.998542	0.000712611	0	0.000139542	0.831309	0	0	0	0.549772	
0.998502	0.000748189	0	0.000146509	0.82683	0	0	0	0.540217	
0.998461	0.000784308	0	0.000153581	0.822376	0	0	0	0.530831	
0.998421	0.00082095	0	0.000160756	0.817947	0	0	0	0.521609	
0.99838	0.000858098	0	0.00016803	0.813543	0	0	0	0.51255	
0.99834	0.000895733	0	0.000175399	0.809163	0	0	0	0.503649	
0.9983	0.00093384	0	0.000182861	0.804809	0	0	0	0.494905	
0.99826	0.000972401	0	0.000190412	0.800479	0	0	0	0.486315	
0.99822	0.0010114	0	0.000198048	0.796173	0	0	0	0.477876	
0.99818	0.00105083	0	0.000205768	0.791891	0	0	0	0.469584	
0.99814	0.00109066	0	0.000213567	0.787633	0	0	0	0.461439	
0.9981	0.00113088	0	0.000221444	0.7834	0	0	0	0.453436	
0.99806	0.00117149	0	0.000229395	0.779189	0	0	0	0.445574	
0.998021	0.00121246	0	0.000237417	0.775003	0	0	0	0.43785	
0.997981	0.00125378	0	0.000245508	0.770839	0	0	0	0.430262	
0.997942	0.00129544	0	0.000253666	0.766699	0	0	0	0.422806	
0.997902	0.00133743	0	0.000261887	0.762582	0	0	0	0.415482	
0.997863	0.00137973	0	0.000270169	0.758488	0	0	0	0.408286	
0.997824	0.00142233	0	0.000278511	0.754417	0	0	0	0.401217	
0.997785	0.00146521	0	0.000286908	0.750368	0	0	0	0.394271	
0.997745	0.00150838	0	0.00029536	0.746342	0	0	0	0.387448	
0.997706	0.00155181	0	0.000303864	0.742339	0	0	0	0.380744	
0.997667	0.00159549	0	0.000312417	0.738357	0	0	0	0.374157	
0.997628	0.00163941	0	0.000321018	0.734398	0	0	0	0.367687	
0.99759	0.00168357	0	0.000329664	0.73046	0	0	0	0.361329	
0.997551	0.00172795	0	0.000338354	0.726545	0	0	0	0.355084	
0.997512	0.00177254	0	0.000347085	0.722651	0	0	0	0.348947	
0.997473	0.00181734	0	0.000355856	0.718778	0	0	0	0.342919	
0.997435	0.00186232	0	0.000364665	0.714927	0	0	0	0.336996	
0.997396	0.00190749	0	0.000373509	0.711098	0	0	0	0.331177	
0.997358	0.00195283	0	0.000382387	0.707289	0	0	0	0.325459	
0.997319	0.00199834	0	0.000391298	0.703502	0	0	0	0.319842	
0.997281	0.002044	0	0.000400239	0.699735	0	0	0	0.314324	
0.997242	0.00208981	0	0.000409209	0.695989	0	0	0	0.308902	
0.997204	0.00213576	0	0.000418206	0.692264	0	0	0	0.303575	
0.997166	0.00218184	0	0.000427229	0.68856	0	0	0	0.298342	
0.997128	0.00222805	0	0.000436276	0.684875	0	0	0	0.2932	
0.997089	0.00227437	0	0.000445345	0.681211	0	0	0	0.288148	
0.997051	0.00232079	0	0.000454436	0.677568	0	0	0	0.283185	
0.997013	0.00236732	0	0.000463546	0.673944	0	0	0	0.278309	
0.996975	0.00241394	0	0.000472674	0.67034	0	0	0	0.273518	
0.996937	0.00246065	0	0.00048182	0.666756	0	0	0	0.268811	
0.996899	0.00250743	0	0.000490981	0.663192	0	0	0	0.264186	
0.996861	0.00255429	0	0.000500156	0.659647	0	0	0	0.259642	
0.996823	0.00260121	0	0.000509344	0.656121	0	0	0	0.255178	
0.996786	0.0026482	0	0.000518543	0.652615	0	0	0	0.250792	
0.996748	0.00269524	0	0.000527754	0.649128	0	0	0	0.246483	
0.99671	0.00274232	0	0.000536973	0.645661	0	0	0	0.242249	
0.996672	0.00278945	0	0.000546201	0.642212	0	0	0	0.238089	
0.996635	0.00283661	0	0.000555436	0.638782	0	0	0	0.234002	
0.996597	0.0028838	0	0.000564676	0.635371	0	0	0	0.229987	
0.99656	0.00293102	0	0.000573922	0.631978	0	0	0	0.226041	
0.996522	0.00297826	0	0.000583171	0.628604	0	0	0	0.222165	
0.996485	0.00302551	0	0.000592423	0.625249	0	0	0	0.218356	
0.996447	0.00307277	0	0.000601677	0.621911	0	0	0	0.214614	
0.99641	0.00312004	0	0.000610932	0.618592	0	0	0	0.210938	
0.996372	0.0031673	0	0.000620187	0.615291	0	0	0	0.207325	
0.996335	0.00321456	0	0.00062944	0.612009	0	0	0	0.203776	
0.996298	0.00326181	0	0.000638692	0.608743	0	0	0	0.200289	
0.99626	0.00330905	0	0.000647941	0.605496	0	0	0	0.196863	
0.996223	0.00335626	0	0.000657186	0.602267	0	0	0	0.193496	
0.996186	0.00340346	0	0.000666427	0.599055	0	0	0	0.190189	
0.996149	0.00345062	0	0.000675663	0.59586	0	0	0	0.186939	
0.996111	0.00349776	0	0.000684892	0.592683	0	0	0	0.183746	
0.996074	0.00354486	0	0.000694115	0.589523	0	0	0	0.180608	
0.996037	0.00359192	0	0.00070333	0.586381	0	0	0	0.177526	
0.996	0.00363894	0	0.000712536	0.583255	0	0	0	0.174497	
0.995963	0.00368592	0	0.000721734	0.580146	0	0	0	0.171521	
0.995926	0.00373284	0	0.000730922	0.577055	0	0	0	0.168597	
0.995889	0.00377971	0	0.000740099	0.57398	0	0	0	0.165724	
0.995852	0.00382652	0	0.000749265	0.570922	0	0	0	0.162902	
0.995815	0.00387328	0	0.00075842	0.56788	0	0	0	0.160128	
0.995778	0.00391997	0	0.000767562	0.564855	0	0	0	0.157403	
0.995741	0.00396659	0	0.000776692	0.561846	0	0	0	0.154725	
0.995704	0.00401315	0	0.000785807	0.558854	0	0	0	0.152094	
0.995667	0.00405963	0	0.000794909	0.555877	0	0	0	0.149509	
0.995631	0.00410604	0	0.000803996	0.552917	0	0	0	0.146969	
0.995594	0.00415237	0	0.000813068	0.549973	0	0	0	0.144473	
0.995557	0.00419862	0	0.000822124	0.547045	0	0	0	0.142021	
0.99552	0.00424479	0	0.000831164	0.544133	0	0	0	0.139611	
0.995484	0.00429087	0	0.000840187	0.541236	0	0	0	0.137244	
0.995447	0.00433687	0	0.000849193	0.538355	0	0	0	0.134918	
0.99541	0.00438277	0	0.000858181	0.53549	0	0	0	0.132632	
0.995374	0.00442858	0	0.000867151	0.53264	0	0	0	0.130386	
0.995337	0.0044743	0	0.000876103	0.529806	0	0	0	0.128179	
0.9953	0.00451992	0	0.000885035	0.526987	0	0	0	0.12601	
0.995264	0.00456544	0	0.000893948	0.524183	0	0	0	0.12388	
0.995227	0.00461086	0	0.000902841	0.521394	0	0	0	0.121786	
0.995191	0.00465617	0	0.000911714	0.51862	0	0	0	0.119729	
0.995154	0.00470138	0	0.000920566	0.515862	0	0	0	0.117707	
0.995117	0.00474648	0	0.000929397	0.513118	0	0	0	0.115721	
0.995081	0.00479147	0	0.000938207	0.510389	0	0	0	0.113769	
0.995045	0.00483636	0	0.000946995	0.507675	0	0	0	0.111851	
0.995008	0.00488113	0	0.000955761	0.504975	0	0	0	0.109967	
0.994972	0.00492578	0	0.000964504	0.50229	0	0	0	0.108115	
0.994935	0.00497032	0	0.000973225	0.499619	0	0	0	0.106296	
0.994899	0.00501474	0	0.000981923	0.496963	0	0	0	0.104508	
0.994862	0.00505904	0	0.000990597	0.494321	0	0	0	0.102751	
0.994826	0.00510322	0	0.000999248	0.491693	0	0	0	0.101025	
0.99479	0.00514728	0	0.00100787	0.48908	0	0	0	0.0993282	
0.994753	0.00519121	0	0.00101648	0.48648	0	0	0	0.0976613	
0.994717	0.00523502	0	0.00102506	0.483895	0	0	0	0.0960233	
0.994681	0.00527871	0	0.00103361	0.481323	0	0	0	0.0944138	
0.994644	0.00532226	0	0.00104214	0.478765	0	0	0	0.0928321	
0.994608	0.00536569	0	0.00105064	0.476221	0	0	0	0.091278	
0.994572	0.00540899	0	0.00105912	0.473691	0	0	0	0.0897508	
0.994536	0.00545216	0	0.00106757	0.471174	0	0	0	0.0882501	
0.994499	0.00549519	0	0.001076	0.468671	0	0	0	0.0867754	
0.994463	0.00553809	0	0.0010844	0.466181	0	0	0	0.0853262	
0.994427	0.00558086	0	0.00109277	0.463705	0	0	0	0.0839022	
0.994391	0.00562349	0	0.00110112	0.461242	0	0	0	0.0825029	
0.994355	0.00566599	0	0.00110944	0.458792	0	0	0	0.0811278	
0.994318	0.00570835	0	0.00111774	0.456355	0	0	0	0.0797765	
0.994282	0.00575057	0	0.001126	0.453931	0	0	0	0.0784487	
0.994246	0.00579266	0	0.00113424	0.451521	0	0	0	0.0771438	
0.99421	0.0058346	0	0.00114246	0.449123	0	0	0	0.0758615	
0.994174	0.0058764	0	0.00115064	0.446738	0	0	0	0.0746014	
0.994138	0.00591807	0	0.0011588	0.444366	0	0	0	0.0733631	
0.994102	0.00595959	0	0.00116693	0.442007	0	0	0	0.0721463	
0.994066	0.00600097	0	0.00117503	0.43966	0	0	0	0.0709504	
0.99403	0.0060422	0	0.0011831	0.437326	0	0	0	0.0697753	
0.993994	0.0060833	0	0.00119115	0.435005	0	0	0	0.0686205	
0.993957	0.00612424	0	0.00119917	0.432696	0	0	0	0.0674856	
0.993921	0.00616505	0	0.00120716	0.430399	0	0	0	0.0663704	
0.993885	0.00620571	0	0.00121512	0.428114	0	0	0	0.0652744	
0.993849	0.00624622	0	0.00122305	0.425842	0	0	0	0.0641974	
0.993813	0.00628659	0	0.00123096	0.423582	0	0	0	0.0631389	
0.993777	0.00632681	0	0.00123883	0.421334	0	0	0	0.0620987	
0.993742	0.00636688	0	0.00124668	0.419098	0	0	0	0.0610765	
0.993706	0.0064068	0	0.00125449	0.416875	0	0	0	0.0600719	
0.99367	0.00644658	0	0.00126228	0.414662	0	0	0	0.0590847	
0.993634	0.00648621	0	0.00127004	0.412462	0	0	0	0.0581145	
0.993598	0.00652569	0	0.00127777	0.410274	0	0	0	0.057161	
0.993562	0.00656502	0	0.00128547	0.408097	0	0	0	0.0562239	
0.993526	0.0066042	0	0.00129315	0.405932	0	0	0	0.055303	
0.99349	0.00664324	0	0.00130079	0.403779	0	0	0	0.054398	
0.993454	0.00668212	0	0.0013084	0.401637	0	0	0	0.0535085	
0.993418	0.00672085	0	0.00131599	0.399506	0	0	0	0.0526344	
0.993382	0.00675944	0	0.00132354	0.397387	0	0	0	0.0517753	
0.993347	0.00679787	0	0.00133107	0.395279	0	0	0	0.050931	
0.993311	0.00683615	0	0.00133856	0.393183	0	0	0	0.0501013	
0.993275	0.00687428	0	0.00134603	0.391098	0	0	0	0.0492858	
0.993239	0.00691226	0	0.00135347	0.389024	0	0	0	0.0484843	
0.993203	0.00695009	0	0.00136087	0.38696	0	0	0	0.0476966	
0.993167	0.00698777	0	0.00136825	0.384908	0	0	0	0.0469224	
0.993132	0.0070253	0	0.0013756	0.382867	0	0	0	0.0461616	
0.993096	0.00706268	0	0.00138292	0.380837	0	0	0	0.0454138	
0.99306	0.0070999	0	0.00139021	0.378818	0	0	0	0.0446789	
0.993024	0.00713698	0	0.00139747	0.376809	0	0	0	0.0439565	
0.992988	0.0071739	0	0.0014047	0.374811	0	0	0	0.0432466	
0.992953	0.00721067	0	0.0014119	0.372824	0	0	0	0.0425489	
0.992917	0.0072473	0	0.00141907	0.370848	0	0	0	0.0418631	
0.992881	0.00728377	0	0.00142621	0.368882	0	0	0	0.0411891	
0.992845	0.00732008	0	0.00143332	0.366926	0	0	0	0.0405266	
0.99281	0.00735625	0	0.0014404	0.364981	0	0	0	0.0398755	
0.992774	0.00739227	0	0.00144745	0.363046	0	0	0	0.0392355	
0.992738	0.00742813	0	0.00145447	0.361122	0	0	0	0.0386065	
0.992703	0.00746385	0	0.00146147	0.359208	0	0	0	0.0379883	
0.992667	0.00749941	0	0.00146843	0.357304	0	0	0	0.0373806	
0.992631	0.00753483	0	0.00147537	0.35541	0	0	0	0.0367834	
0.992595	0.00757009	0	0.00148227	0.353527	0	0	0	0.0361963	
0.99256	0.0076052	0	0.00148915	0.351653	0	0	0	0.0356193	
0.992524	0.00764016	0	0.00149599	0.34979	0	0	0	0.0350522	
0.992488	0.00767498	0	0.00150281	0.347936	0	0	0	0.0344947	
0.992453	0.00770964	0	0.00150959	0.346092	0	0	0	0.0339468	
0.992417	0.00774415	0	0.00151635	0.344258	0	0	0	0.0334082	
0.992381	0.00777852	0	0.00152308	0.342434	0	0	0	0.0328788	
0.992346	0.00781273	0	0.00152978	0.340619	0	0	0	0.0323584	
0.99231	0.0078468	0	0.00153645	0.338815	0	0	0	0.0318469	
0.992275	0.00788071	0	0.00154309	0.337019	0	0	0	0.0313442	
0.992239	0.00791448	0	0.0015497	0.335234	0	0	0	0.03085	
0.992203	0.0079481	0	0.00155629	0.333458	0	0	0	0.0303642	
0.992168	0.00798157	0	0.00156284	0.331691	0	0	0	0.0298867	
0.992132	0.00801489	0	0.00156936	0.329934	0	0	0	0.0294173	
0.992096	0.00804807	0	0.00157586	0.328186	0	0	0	0.0289559	
0.992061	0.0080811	0	0.00158233	0.326447	0	0	0	0.0285023	
0.992025	0.00811398	0	0.00158877	0.324718	0	0	0	0.0280565	
0.99199	0.00814671	0	0.00159518	0.322998	0	0	0	0.0276182	
0.991954	0.0081793	0	0.00160156	0.321287	0	0	0	0.0271874	
0.991919	0.00821174	0	0.00160791	0.319585	0	0	0	0.0267639	
0.991883	0.00824404	0	0.00161423	0.317893	0	0	0	0.0263476	
0.991847	0.00827619	0	0.00162053	0.316209	0	0	0	0.0259383	
0.991812	0.00830819	0	0.00162679	0.314534	0	0	0	0.025536	
0.991776	0.00834005	0	0.00163303	0.312868	0	0	0	0.0251405	
0.991741	0.00837177	0	0.00163924	0.311211	0	0	0	0.0247517	
0.991705	0.00840334	0	0.00164542	0.309563	0	0	0	0.0243695	
0.99167	0.00843477	0	0.00165158	0.307923	0	0	0	0.0239938	
0.991634	0.00846605	0	0.0016577	0.306293	0	0	0	0.0236244	
0.991599	0.00849719	0	0.0016638	0.304671	0	0	0	0.0232612	
0.991563	0.00852819	0	0.00166987	0.303057	0	0	0	0.0229042	
0.991528	0.00855905	0	0.00167591	0.301453	0	0	0	0.0225533	
0.991492	0.00858976	0	0.00168193	0.299856	0	0	0	0.0222082	
0.991457	0.00862033	0	0.00168791	0.298268	0	0	0	0.021869	
0.991421	0.00865076	0	0.00169387	0.296689	0	0	0	0.0215356	
0.991386	0.00868105	0	0.0016998	0.295118	0	0	0	0.0212077	
0.99135	0.0087112	0	0.0017057	0.293556	0	0	0	0.0208854	
0.991315	0.00874121	0	0.00171158	0.292001	0	0	0	0.0205685	
0.991279	0.00877108	0	0.00171743	0.290455	0	0	0	0.0202569	
0.991244	0.00880081	0	0.00172325	0.288918	0	0	0	0.0199506	
0.991208	0.0088304	0	0.00172904	0.287388	0	0	0	0.0196494	
0.991173	0.00885985	0	0.00173481	0.285866	0	0	0	0.0193533	
0.991137	0.00888916	0	0.00174055	0.284353	0	0	0	0.0190622	
0.991102	0.00891834	0	0.00174626	0.282848	0	0	0	0.0187759	
0.991066	0.00894738	0	0.00175195	0.28135	0	0	0	0.0184945	
0.991031	0.00897628	0	0.00175761	0.279861	0	0	0	0.0182178	
0.990995	0.00900505	0	0.00176324	0.278379	0	0	0	0.0179457	
0.99096	0.00903368	0	0.00176885	0.276906	0	0	0	0.0176782	
0.990925	0.00906217	0	0.00177442	0.27544	0	0	0	0.0174152	
0.990889	0.00909053	0	0.00177998	0.273982	0	0	0	0.0171565	
0.990854	0.00911875	0	0.0017855	0.272532	0	0	0	0.0169022	
0.990818	0.00914684	0	0.001791	0.271089	0	0	0	0.0166522	
0.990783	0.0091748	0	0.00179648	0.269654	0	0	0	0.0164063	
0.990748	0.00920262	0	0.00180193	0.268227	0	0	0	0.0161646	
0.990712	0.00923031	0	0.00180735	0.266807	0	0	0	0.0159268	
0.990677	0.00925787	0	0.00181274	0.265395	0	0	0	0.0156931	
0.990641	0.00928529	0	0.00181811	0.263991	0	0	0	0.0154632	
0.990606	0.00931259	0	0.00182346	0.262593	0	0	0	0.0152372	
0.99057	0.00933975	0	0.00182878	0.261204	0	0	0	0.0150149	
0.990535	0.00936678	0	0.00183407	0.259821	0	0	0	0.0147964	
0.9905	0.00939368	0	0.00183934	0.258446	0	0	0	0.0145814	
0.990464	0.00942045	0	0.00184458	0.257079	0	0	0	0.0143701	
0.990429	0.0094471	0	0.00184979	0.255718	0	0	0	0.0141622	
0.990394	0.00947361	0	0.00185499	0.254365	0	0	0	0.0139578	
0.990358	0.0095	0	0.00186015	0.253019	0	0	0	0.0137568	
0.990323	0.00952625	0	0.00186529	0.25168	0	0	0	0.0135592	
0.990287	0.00955238	0	0.00187041	0.250348	0	0	0	0.0133648	
0.990252	0.00957839	0	0.0018755	0.249023	0	0	0	0.0131736	
0.990217	0.00960426	0	0.00188057	0.247706	0	0	0	0.0129856	
0.990181	0.00963001	0	0.00188561	0.246395	0	0	0	0.0128007	
0.990146	0.00965564	0	0.00189063	0.245091	0	0	0	0.0126188	
0.990111	0.00968114	0	0.00189562	0.243794	0	0	0	0.01244	
0.990075	0.00970651	0	0.00190059	0.242505	0	0	0	0.0122641	
0.99004	0.00973176	0	0.00190553	0.241221	0	0	0	0.0120911	
0.990005	0.00975689	0	0.00191045	0.239945	0	0	0	0.0119209	
0.989969	0.00978189	0	0.00191535	0.238676	0	0	0	0.0117536	
0.989934	0.00980677	0	0.00192022	0.237413	0	0	0	0.011589	
0.989899	0.00983153	0	0.00192507	0.236157	0	0	0	0.0114271	
0.989863	0.00985617	0	0.00192989	0.234907	0	0	0	0.0112679	
0.989828	0.00988068	0	0.00193469	0.233665	0	0	0	0.0111112	
0.989793	0.00990508	0	0.00193947	0.232428	0	0	0	0.0109572	
0.989757	0.00992935	0	0.00194422	0.231199	0	0	0	0.0108057	
0.989722	0.00995351	0	0.00194895	0.229976	0	0	0	0.0106566	
0.989687	0.00997754	0	0.00195366	0.228759	0	0	0	0.01051	
0.989651	0.0100015	0	0.00195834	0.227549	0	0	0	0.0103658	
0.989616	0.0100253	0	0.001963	0.226345	0	0	0	0.010224	
0.989581	0.0100489	0	0.00196764	0.225148	0	0	0	0.0100845	
0.989546	0.0100725	0	0.00197225	0.223957	0	0	0	0.00994721	
0.98951	0.0100959	0	0.00197684	0.222772	0	0	0	0.00981219	
0.989475	0.0101193	0	0.00198141	0.221594	0	0	0	0.00967937	
0.98944	0.0101425	0	0.00198595	0.220422	0	0	0	0.00954871	
0.989404	0.0101656	0	0.00199048	0.219256	0	0	0	0.00942018	
0.989369	0.0101886	0	0.00199498	0.218096	0	0	0	0.00929373	
0.989334	0.0102114	0	0.00199945	0.216942	0	0	0	0.00916934	
0.989299	0.0102342	0	0.00200391	0.215795	0	0	0	0.00904696	
0.989263	0.0102568	0	0.00200834	0.214653	0	0	0	0.00892656	
0.989228	0.0102794	0	0.00201275	0.213518	0	0	0	0.00880811	
0.989193	0.0103018	0	0.00201714	0.212389	0	0	0	0.00869158	
0.989158	0.0103241	0	0.00202151	0.211265	0	0	0	0.00857693	
0.989122	0.0103463	0	0.00202585	0.210148	0	0	0	0.00846413	
0.989087	0.0103683	0	0.00203018	0.209036	0	0	0	0.00835315	
0.989052	0.0103903	0	0.00203448	0.207931	0	0	0	0.00824396	
0.989017	0.0104122	0	0.00203876	0.206831	0	0	0	0.00813653	
0.988981	0.0104339	0	0.00204301	0.205737	0	0	0	0.00803082	
0.988946	0.0104555	0	0.00204725	0.204649	0	0	0	0.00792681	
0.988911	0.0104771	0	0.00205147	0.203567	0	0	0	0.00782447	
0.988876	0.0104985	0	0.00205566	0.20249	0	0	0	0.00772377	
0.98884	0.0105198	0	0.00205983	0.20142	0	0	0	0.00762468	
0.988805	0.010541	0	0.00206399	0.200354	0	0	0	0.00752718	
0.98877	0.0105621	0	0.00206812	0.199295	0	0	0	0.00743124	
0.988735	0.0105831	0	0.00207223	0.198241	0	0	0	0.00733682	
0.988699	0.010604	0	0.00207632	0.197193	0	0	0	0.00724392	
0.988664	0.0106248	0	0.00208038	0.19615	0	0	0	0.00715249	
0.988629	0.0106454	0	0.00208443	0.195113	0	0	0	0.00706252	
0.988594	0.010666	0	0.00208846	0.194081	0	0	0	0.00697398	
0.988559	0.0106865	0	0.00209247	0.193054	0	0	0	0.00688685	
0.988523	0.0107068	0	0.00209645	0.192034	0	0	0	0.0068011	
0.988488	0.0107271	0	0.00210042	0.191018	0	0	0	0.00671671	
0.988453	0.0107472	0	0.00210437	0.190008	0	0	0	0.00663365	
0.988418	0.0107673	0	0.00210829	0.189003	0	0	0	0.00655191	
0.988382	0.0107872	0	0.0021122	0.188004	0	0	0	0.00647145	
0.988347	0.0108071	0	0.00211609	0.18701	0	0	0	0.00639227	
0.988312	0.0108268	0	0.00211995	0.186021	0	0	0	0.00631434	
0.988277	0.0108465	0	0.0021238	0.185038	0	0	0	0.00623763	
0.988242	0.010866	0	0.00212763	0.184059	0	0	0	0.00616213	
0.988207	0.0108855	0	0.00213143	0.183086	0	0	0	0.00608781	
0.988171	0.0109048	0	0.00213522	0.182118	0	0	0	0.00601466	
0.988136	0.0109241	0	0.00213899	0.181155	0	0	0	0.00594265	
0.988101	0.0109432	0	0.00214274	0.180197	0	0	0	0.00587177	
0.988066	0.0109623	0	0.00214647	0.179245	0	0	0	0.005802	
0.988031	0.0109812	0	0.00215018	0.178297	0	0	0	0.00573332	
0.987995	0.0110001	0	0.00215388	0.177354	0	0	0	0.00566571	
0.98796	0.0110189	0	0.00215755	0.176417	0	0	0	0.00559915	
0.987925	0.0110375	0	0.0021612	0.175484	0	0	0	0.00553363	
0.98789	0.0110561	0	0.00216484	0.174556	0	0	0	0.00546912	
0.987855	0.0110746	0	0.00216846	0.173633	0	0	0	0.00540562	
0.98782	0.0110929	0	0.00217206	0.172715	0	0	0	0.00534309	
0.987784	0.0111112	0	0.00217564	0.171802	0	0	0	0.00528154	
0.987749	0.0111294	0	0.0021792	0.170894	0	0	0	0.00522093	
0.987714	0.0111475	0	0.00218274	0.169991	0	0	0	0.00516126	
0.987679	0.0111655	0	0.00218627	0.169092	0	0	0	0.00510251	
0.987644	0.0111834	0	0.00218977	0.168198	0	0	0	0.00504467	
0.987609	0.0112013	0	0.00219326	0.167309	0	0	0	0.00498771	
0.987574	0.011219	0	0.00219673	0.166424	0	0	0	0.00493162	
0.987538	0.0112366	0	0.00220019	0.165545	0	0	0	0.0048764	
0.987503	0.0112542	0	0.00220362	0.16467	0	0	0	0.00482202	
0.987468	0.0112716	0	0.00220704	0.163799	0	0	0	0.00476847	
0.987433	0.011289	0	0.00221044	0.162933	0	0	0	0.00471574	
0.987398	0.0113063	0	0.00221382	0.162072	0	0	0	0.00466381	
0.987363	0.0113234	0	0.00221719	0.161215	0	0	0	0.00461267	
0.987328	0.0113405	0	0.00222054	0.160363	0	0	0	0.00456231	
0.987292	0.0113575	0	0.00222387	0.159515	0	0	0	0.00451271	
0.987257	0.0113745	0	0.00222718	0.158672	0	0	0	0.00446386	
0.987222	0.0113913	0	0.00223048	0.157834	0	0	0	0.00441575	
0.987187	0.011408	0	0.00223375	0.156999	0	0	0	0.00436837	
0.987152	0.0114247	0	0.00223702	0.15617	0	0	0	0.0043217	
0.987117	0.0114413	0	0.00224026	0.155344	0	0	0	0.00427574	
0.987082	0.0114578	0	0.00224349	0.154523	0	0	0	0.00423046	
0.987047	0.0114742	0	0.0022467	0.153706	0	0	0	0.00418586	
0.987011	0.0114905	0	0.0022499	0.152894	0	0	0	0.00414194	
0.986976	0.0115067	0	0.00225307	0.152086	0	0	0	0.00409867	
0.986941	0.0115229	0	0.00225624	0.151282	0	0	0	0.00405604	
0.986906	0.0115389	0	0.00225938	0.150482	0	0	0	0.00401405	
0.986871	0.0115549	0	0.00226251	0.149687	0	0	0	0.00397269	
0.986836	0.0115708	0	0.00226562	0.148896	0	0	0	0.00393194	
0.986801	0.0115866	0	0.00226872	0.148109	0	0	0	0.00389179	
0.986766	0.0116023	0	0.0022718	0.147326	0	0	0	0.00385224	
0.986731	0.011618	0	0.00227486	0.146548	0	0	0	0.00381327	
0.986696	0.0116336	0	0.00227791	0.145773	0	0	0	0.00377488	
0.98666	0.011649	0	0.00228094	0.145003	0	0	0	0.00373706	
0.986625	0.0116645	0	0.00228396	0.144236	0	0	0	0.00369979	
0.98659	0.0116798	0	0.00228696	0.143474	0	0	0	0.00366306	
0.986555	0.011695	0	0.00228995	0.142716	0	0	0	0.00362688	
0.98652	0.0117102	0	0.00229292	0.141962	0	0	0	0.00359122	
0.986485	0.0117253	0	0.00229587	0.141211	0	0	0	0.00355609	
0.98645	0.0117403	0	0.00229881	0.140465	0	0	0	0.00352147	
0.986415	0.0117552	0	0.00230173	0.139723	0	0	0	0.00348735	
0.98638	0.0117701	0	0.00230464	0.138984	0	0	0	0.00345373	
0.986345	0.0117848	0	0.00230753	0.13825	0	0	0	0.00342059	
0.98631	0.0117995	0	0.00231041	0.137519	0	0	0	0.00338794	
0.986275	0.0118142	0	0.00231327	0.136793	0	0	0	0.00335575	
0.98624	0.0118287	0	0.00231612	0.13607	0	0	0	0.00332403	
0.986204	0.0118432	0	0.00231895	0.135351	0	0	0	0.00329277	
0.986169	0.0118576	0	0.00232177	0.134636	0	0	0	0.00326195	
0.986134	0.0118719	0	0.00232457	0.133924	0	0	0	0.00323158	
0.986099	0.0118861	0	0.00232736	0.133216	0	0	0	0.00320164	
0.986064	0.0119003	0	0.00233014	0.132512	0	0	0	0.00317213	
0.986029	0.0119144	0	0.0023329	0.131812	0	0	0	0.00314304	
0.985994	0.0119284	0	0.00233564	0.131116	0	0	0	0.00311436	
0.985959	0.0119423	0	0.00233837	0.130423	0	0	0	0.00308609	
0.985924	0.0119562	0	0.00234109	0.129734	0	0	0	0.00305822	
0.985889	0.01197	0	0.00234379	0.129048	0	0	0	0.00303075	
0.985854	0.0119837	0	0.00234648	0.128366	0	0	0	0.00300366	
0.985819	0.0119974	0	0.00234915	0.127688	0	0	0	0.00297695	
0.985784	0.012011	0	0.00235181	0.127013	0	0	0	0.00295062	
0.985749	0.0120245	0	0.00235445	0.126342	0	0	0	0.00292466	
0.985714	0.0120379	0	0.00235709	0.125675	0	0	0	0.00289906	
0.985679	0.0120513	0	0.0023597	0.125011	0	0	0	0.00287382	
0.985644	0.0120646	0	0.00236231	0.12435	0	0	0	0.00284893	
0.985609	0.0120778	0	0.0023649	0.123693	0	0	0	0.00282439	
0.985574	0.012091	0	0.00236747	0.12304	0	0	0	0.00280018	
0.985539	0.0121041	0	0.00237004	0.12239	0	0	0	0.00277632	
0.985504	0.0121171	0	0.00237259	0.121743	0	0	0	0.00275278	
0.985469	0.01213	0	0.00237512	0.1211	0	0	0	0.00272956	
0.985434	0.0121429	0	0.00237764	0.12046	0	0	0	0.00270667	
0.985399	0.0121557	0	0.00238015	0.119824	0	0	0	0.00268409	
0.985363	0.0121685	0	0.00238265	0.119191	0	0	0	0.00266182	
0.985328	0.0121812	0	0.00238513	0.118561	0	0	0	0.00263985	
0.985293	0.0121938	0	0.0023876	0.117934	0	0	0	0.00261818	
0.985258	0.0122063	0	0.00239006	0.117311	0	0	0	0.00259681	
0.985223	0.0122188	0	0.0023925	0.116692	0	0	0	0.00257573	
0.985188	0.0122312	0	0.00239493	0.116075	0	0	0	0.00255493	
0.985153	0.0122435	0	0.00239735	0.115462	0	0	0	0.00253441	
0.985118	0.0122558	0	0.00239975	0.114852	0	0	0	0.00251417	
0.985083	0.012268	0	0.00240215	0.114245	0	0	0	0.00249421	
0.985048	0.0122802	0	0.00240453	0.113642	0	0	0	0.00247451	
0.985013	0.0122923	0	0.00240689	0.113041	0	0	0	0.00245507	
0.984978	0.0123043	0	0.00240925	0.112444	0	0	0	0.00243589	
0.984943	0.0123163	0	0.00241159	0.11185	0	0	0	0.00241697	
0.984908	0.0123282	0	0.00241392	0.111259	0	0	0	0.0023983	
0.984873	0.01234	0	0.00241624	0.110672	0	0	0	0.00237988	
0.984838	0.0123518	0	0.00241854	0.110087	0	0	0	0.0023617	
0.984803	0.0123635	0	0.00242083	0.109505	0	0	0	0.00234376	
0.984768	0.0123751	0	0.00242311	0.108927	0	0	0	0.00232606	
0.984733	0.0123867	0	0.00242538	0.108352	0	0	0	0.00230859	
0.984699	0.0123982	0	0.00242764	0.107779	0	0	0	0.00229134	
0.984664	0.0124097	0	0.00242988	0.10721	0	0	0	0.00227433	
0.984629	0.0124211	0	0.00243211	0.106644	0	0	0	0.00225753	
0.984594	0.0124324	0	0.00243433	0.10608	0	0	0	0.00224096	
0.984559	0.0124437	0	0.00243654	0.10552	0	0	0	0.00222459	
0.984524	0.0124549	0	0.00243874	0.104963	0	0	0	0.00220844	
0.984489	0.0124661	0	0.00244093	0.104408	0	0	0	0.0021925	
0.984454	0.0124772	0	0.0024431	0.103857	0	0	0	0.00217676	
0.984419	0.0124882	0	0.00244526	0.103308	0	0	0	0.00216123	
0.984384	0.0124992	0	0.00244741	0.102762	0	0	0	0.00214589	
0.984349	0.0125102	0	0.00244955	0.10222	0	0	0	0.00213075	
0.984314	0.012521	0	0.00245168	0.10168	0	0	0	0.00211581	
0.984279	0.0125318	0	0.00245379	0.101143	0	0	0	0.00210105	
0.984244	0.0125426	0	0.0024559	0.100608	0	0	0	0.00208648	
0.984209	0.0125533	0	0.00245799	0.100077	0	0	0	0.00207209	
0.984174	0.0125639	0	0.00246008	0.0995485	0	0	0	0.00205789	
0.984139	0.0125745	0	0.00246215	0.0990227	0	0	0	0.00204386	
0.984104	0.012585	0	0.00246421	0.0984997	0	0	0	0.00203001	
0.984069	0.0125955	0	0.00246626	0.0979795	0	0	0	0.00201633	
0.984034	0.0126059	0	0.0024683	0.097462	0	0	0	0.00200282	
0.983999	0.0126162	0	0.00247032	0.0969472	0	0	0	0.00198948	
0.983964	0.0126265	0	0.00247234	0.0964352	0	0	0	0.00197631	
0.983929	0.0126368	0	0.00247435	0.0959259	0	0	0	0.0019633	
0.983894	0.012647	0	0.00247634	0.0954193	0	0	0	0.00195045	
0.983859	0.0126571	0	0.00247833	0.0949154	0	0	0	0.00193776	
0.983825	0.0126672	0	0.0024803	0.0944141	0	0	0	0.00192522	
0.98379	0.0126772	0	0.00248226	0.0939155	0	0	0	0.00191284	
0.983755	0.0126872	0	0.00248422	0.0934195	0	0	0	0.00190061	
0.98372	0.0126971	0	0.00248616	0.0929261	0	0	0	0.00188852	
0.983685	0.012707	0	0.00248809	0.0924354	0	0	0	0.00187659	
0.98365	0.0127168	0	0.00249001	0.0919472	0	0	0	0.00186479	
0.983615	0.0127266	0	0.00249192	0.0914617	0	0	0	0.00185314	
0.98358	0.0127363	0	0.00249382	0.0909787	0	0	0	0.00184163	
0.983545	0.0127459	0	0.00249571	0.0904982	0	0	0	0.00183026	
0.98351	0.0127555	0	0.0024976	0.0900203	0	0	0	0.00181903	
0.983475	0.0127651	0	0.00249947	0.0895449	0	0	0	0.00180793	
0.98344	0.0127746	0	0.00250133	0.0890721	0	0	0	0.00179696	
0.983405	0.012784	0	0.00250318	0.0886017	0	0	0	0.00178612	
0.98337	0.0127934	0	0.00250502	0.0881338	0	0	0	0.00177541	
0.983336	0.0128028	0	0.00250685	0.0876684	0	0	0	0.00176482	
0.983301	0.0128121	0	0.00250867	0.0872055	0	0	0	0.00175436	
0.983266	0.0128213	0	0.00251048	0.086745	0	0	0	0.00174403	
0.983231	0.0128305	0	0.00251228	0.086287	0	0	0	0.00173381	
0.983196	0.0128397	0	0.00251407	0.0858313	0	0	0	0.00172371	
0.983161	0.0128488	0	0.00251585	0.0853781	0	0	0	0.00171373	
0.983126	0.0128578	0	0.00251763	0.0849273	0	0	0	0.00170387	
0.983091	0.0128668	0	0.00251939	0.0844788	0	0	0	0.00169412	
0.983056	0.0128758	0	0.00252114	0.0840328	0	0	0	0.00168448	
0.983021	0.0128847	0	0.00252289	0.0835891	0	0	0	0.00167496	
0.982987	0.0128936	0	0.00252462	0.0831477	0	0	0	0.00166554	
0.982952	0.0129024	0	0.00252635	0.0827087	0	0	0	0.00165623	
0.982917	0.0129111	0	0.00252806	0.082272	0	0	0	0.00164703	
0.982882	0.0129198	0	0.00252977	0.0818376	0	0	0	0.00163793	
0.982847	0.0129285	0	0.00253147	0.0814055	0	0	0	0.00162893	
0.982812	0.0129371	0	0.00253316	0.0809757	0	0	0	0.00162004	
0.982777	0.0129457	0	0.00253483	0.0805481	0	0	0	0.00161125	
0.982742	0.0129542	0	0.0025365	0.0801229	0	0	0	0.00160255	
0.982707	0.0129627	0	0.00253817	0.0796998	0	0	0	0.00159396	
0.982673	0.0129712	0	0.00253982	0.079279	0	0	0	0.00158545	
0.982638	0.0129796	0	0.00254146	0.0788605	0	0	0	0.00157705	
0.982603	0.0129879	0	0.00254309	0.0784441	0	0	0	0.00156874	
0.982568	0.0129962	0	0.00254472	0.07803	0	0	0	0.00156052	
0.982533	0.0130045	0	0.00254634	0.077618	0	0	0	0.00155239	
0.982498	0.0130127	0	0.00254794	0.0772082	0	0	0	0.00154435	
0.982463	0.0130208	0	0.00254954	0.0768006	0	0	0	0.00153639	
0.982428	0.013029	0	0.00255113	0.0763951	0	0	0	0.00152853	
0.982394	0.013037	0	0.00255272	0.0759918	0	0	0	0.00152075	
0.982359	0.0130451	0	0.00255429	0.0755906	0	0	0	0.00151306	
0.982324	0.0130531	0	0.00255585	0.0751916	0	0	0	0.00150545	
0.982289	0.013061	0	0.00255741	0.0747946	0	0	0	0.00149792	
0.982254	0.0130689	0	0.00255896	0.0743998	0	0	0	0.00149047	
0.982219	0.0130768	0	0.0025605	0.074007	0	0	0	0.00148311	
0.982184	0.0130846	0	0.00256203	0.0736163	0	0	0	0.00147582	
0.982149	0.0130924	0	0.00256355	0.0732277	0	0	0	0.00146861	
0.982115	0.0131001	0	0.00256507	0.0728412	0	0	0	0.00146148	
0.98208	0.0131078	0	0.00256657	0.0724566	0	0	0	0.00145442	
0.982045	0.0131155	0	0.00256807	0.0720741	0	0	0	0.00144744	
0.98201	0.0131231	0	0.00256956	0.0716937	0	0	0	0.00144053	
0.981975	0.0131306	0	0.00257104	0.0713152	0	0	0	0.0014337	
0.98194	0.0131382	0	0.00257252	0.0709388	0	0	0	0.00142693	
0.981905	0.0131456	0	0.00257398	0.0705643	0	0	0	0.00142024	
0.981871	0.0131531	0	0.00257544	0.0701918	0	0	0	0.00141362	
0.981836	0.0131605	0	0.00257689	0.0698213	0	0	0	0.00140707	
0.981801	0.0131679	0	0.00257833	0.0694528	0	0	0	0.00140059	
0.981766	0.0131752	0	0.00257976	0.0690862	0	0	0	0.00139417	
0.981731	0.0131825	0	0.00258119	0.0687215	0	0	0	0.00138782	
0.981696	0.0131897	0	0.00258261	0.0683588	0	0	0	0.00138153	
0.981662	0.0131969	0	0.00258402	0.067998	0	0	0	0.00137531	
0.981627	0.0132041	0	0.00258542	0.0676391	0	0	0	0.00136916	
0.981592	0.0132112	0	0.00258682	0.067282	0	0	0	0.00136307	
0.981557	0.0132183	0	0.00258821	0.0669269	0	0	0	0.00135704	
0.981522	0.0132253	0	0.00258959	0.0665737	0	0	0	0.00135107	
0.981487	0.0132324	0	0.00259096	0.0662223	0	0	0	0.00134516	
0.981453	0.0132393	0	0.00259232	0.0658728	0	0	0	0.00133931	
0.981418	0.0132463	0	0.00259368	0.0655251	0	0	0	0.00133352	
0.981383	0.0132532	0	0.00259503	0.0651793	0	0	0	0.00132779	
0.981348	0.01326	0	0.00259638	0.0648353	0	0	0	0.00132212	
0.981313	0.0132668	0	0.00259771	0.0644931	0	0	0	0.0013165	
0.981279	0.0132736	0	0.00259904	0.0641527	0	0	0	0.00131094	
0.981244	0.0132804	0	0.00260036	0.0638141	0	0	0	0.00130543	
0.981209	0.0132871	0	0.00260167	0.0634773	0	0	0	0.00129999	
0.981174	0.0132937	0	0.00260298	0.0631423	0	0	0	0.00129459	
0.981139	0.0133004	0	0.00260428	0.0628091	0	0	0	0.00128925	
0.981104	0.013307	0	0.00260557	0.0624776	0	0	0	0.00128396	
0.98107	0.0133135	0	0.00260686	0.0621479	0	0	0	0.00127872	
0.981035	0.0133201	0	0.00260814	0.0618199	0	0	0	0.00127354	
0.981	0.0133266	0	0.00260941	0.0614937	0	0	0	0.0012684	
0.980965	0.013333	0	0.00261067	0.0611692	0	0	0	0.00126332	
0.98093	0.0133394	0	0.00261193	0.0608464	0	0	0	0.00125828	
0.980896	0.0133458	0	0.00261318	0.0605253	0	0	0	0.0012533	
0.980861	0.0133522	0	0.00261442	0.0602059	0	0	0	0.00124836	
0.980826	0.0133585	0	0.00261566	0.0598882	0	0	0	0.00124347	
0.980791	0.0133648	0	0.00261689	0.0595721	0	0	0	0.00123863	
0.980756	0.013371	0	0.00261811	0.0592578	0	0	0	0.00123383	
0.980722	0.0133772	0	0.00261933	0.0589451	0	0	0	0.00122908	
0.980687	0.0133834	0	0.00262054	0.058634	0	0	0	0.00122438	
0.980652	0.0133896	0	0.00262174	0.0583247	0	0	0	0.00121972	
0.980617	0.0133957	0	0.00262294	0.0580169	0	0	0	0.00121511	
0.980582	0.0134017	0	0.00262413	0.0577108	0	0	0	0.00121054	
0.980548	0.0134078	0	0.00262531	0.0574062	0	0	0	0.00120601	
0.980513	0.0134138	0	0.00262649	0.0571033	0	0	0	0.00120153	
0.980478	0.0134198	0	0.00262766	0.056802	0	0	0	0.00119709	
0.980443	0.0134257	0	0.00262882	0.0565023	0	0	0	0.00119269	
0.980409	0.0134316	0	0.00262998	0.0562042	0	0	0	0.00118833	
0.980374	0.0134375	0	0.00263113	0.0559076	0	0	0	0.00118402	
0.980339	0.0134433	0	0.00263227	0.0556127	0	0	0	0.00117974	
0.980304	0.0134492	0	0.00263341	0.0553192	0	0	0	0.00117551	
0.980269	0.0134549	0	0.00263454	0.0550274	0	0	0	0.00117131	
0.980235	0.0134607	0	0.00263567	0.054737	0	0	0	0.00116716	
0.9802	0.0134664	0	0.00263679	0.0544482	0	0	0	0.00116304	
0.980165	0.0134721	0	0.0026379	0.054161	0	0	0	0.00115896	
0.98013	0.0134777	0	0.00263901	0.0538752	0	0	0	0.00115492	
0.980096	0.0134834	0	0.00264011	0.053591	0	0	0	0.00115092	
0.980061	0.013489	0	0.0026412	0.0533083	0	0	0	0.00114695	
0.980026	0.0134945	0	0.00264229	0.053027	0	0	0	0.00114303	
0.979991	0.0135001	0	0.00264338	0.0527473	0	0	0	0.00113913	
0.979957	0.0135056	0	0.00264445	0.052469	0	0	0	0.00113528	
0.979922	0.013511	0	0.00264552	0.0521922	0	0	0	0.00113146	
0.979887	0.0135165	0	0.00264659	0.0519169	0	0	0	0.00112767	
0.979852	0.0135219	0	0.00264765	0.051643	0	0	0	0.00112392	
0.979818	0.0135272	0	0.0026487	0.0513705	0	0	0	0.0011202	
0.979783	0.0135326	0	0.00264975	0.0510995	0	0	0	0.00111652	
0.979748	0.0135379	0	0.00265079	0.05083	0	0	0	0.00111287	
0.979713	0.0135432	0	0.00265182	0.0505618	0	0	0	0.00110926	
0.979679	0.0135485	0	0.00265285	0.0502951	0	0	0	0.00110568	
0.979644	0.0135537	0	0.00265388	0.0500298	0	0	0	0.00110213	
0.979609	0.0135589	0	0.0026549	0.0497659	0	0	0	0.00109861	
0.979574	0.0135641	0	0.00265591	0.0495034	0	0	0	0.00109513	
0.97954	0.0135692	0	0.00265692	0.0492423	0	0	0	0.00109168	
0.979505	0.0135743	0	0.00265792	0.0489825	0	0	0	0.00108825	
0.97947	0.0135794	0	0.00265891	0.0487241	0	0	0	0.00108486	
0.979435	0.0135845	0	0.00265991	0.0484671	0	0	0	0.00108151	
0.979401	0.0135895	0	0.00266089	0.0482115	0	0	0	0.00107818	
0.979366	0.0135945	0	0.00266187	0.0479572	0	0	0	0.00107488	
0.979331	0.0135995	0	0.00266284	0.0477043	0	0	0	0.00107161	
0.979296	0.0136044	0	0.00266381	0.0474526	0	0	0	0.00106837	
0.979262	0.0136093	0	0.00266477	0.0472024	0	0	0	0.00106516	
0.979227	0.0136142	0	0.00266573	0.0469534	0	0	0	0.00106198	
0.979192	0.0136191	0	0.00266668	0.0467058	0	0	0	0.00105883	
0.979158	0.0136239	0	0.00266763	0.0464594	0	0	0	0.00105571	
0.979123	0.0136287	0	0.00266857	0.0462144	0	0	0	0.00105261	
0.979088	0.0136335	0	0.00266951	0.0459707	0	0	0	0.00104955	
0.979053	0.0136383	0	0.00267044	0.0457282	0	0	0	0.00104651	
0.979019	0.013643	0	0.00267137	0.045487	0	0	0	0.0010435	
0.978984	0.0136477	0	0.00267229	0.0452471	0	0	0	0.00104051	
0.978949	0.0136524	0	0.0026732	0.0450085	0	0	0	0.00103756	
0.978914	0.013657	0	0.00267411	0.0447712	0	0	0	0.00103463	
0.97888	0.0136617	0	0.00267502	0.0445351	0	0	0	0.00103172	
0.978845	0.0136663	0	0.00267592	0.0443002	0	0	0	0.00102885	
0.97881	0.0136708	0	0.00267682	0.0440666	0	0	0	0.001026	
0.978776	0.0136754	0	0.00267771	0.0438342	0	0	0	0.00102317	
0.978741	0.0136799	0	0.00267859	0.043603	0	0	0	0.00102037	
0.978706	0.0136844	0	0.00267947	0.0433731	0	0	0	0.0010176	
0.978672	0.0136889	0	0.00268035	0.0431444	0	0	0	0.00101485	
0.978637	0.0136933	0	0.00268122	0.0429169	0	0	0	0.00101213	
0.978602	0.0136977	0	0.00268208	0.0426906	0	0	0	0.00100943	
0.978567	0.0137021	0	0.00268294	0.0424655	0	0	0	0.00100675	
0.978533	0.0137065	0	0.0026838	0.0422415	0	0	0	0.0010041	
0.978498	0.0137108	0	0.00268465	0.0420188	0	0	0	0.00100148	
0.978463	0.0137152	0	0.0026855	0.0417973	0	0	0	0.000998878	
0.978429	0.0137195	0	0.00268634	0.0415769	0	0	0	0.0009963	
0.978394	0.0137237	0	0.00268717	0.0413576	0	0	0	0.000993747	
0.978359	0.013728	0	0.00268801	0.0411396	0	0	0	0.000991216	
0.978325	0.0137322	0	0.00268883	0.0409227	0	0	0	0.000988709	
0.97829	0.0137364	0	0.00268966	0.0407069	0	0	0	0.000986226	
0.978255	0.0137406	0	0.00269047	0.0404923	0	0	0	0.000983765	
0.978221	0.0137447	0	0.00269129	0.0402788	0	0	0	0.000981327	
0.978186	0.0137489	0	0.0026921	0.0400664	0	0	0	0.000978912	
0.978151	0.013753	0	0.0026929	0.0398552	0	0	0	0.000976519	
0.978116	0.0137571	0	0.0026937	0.0396451	0	0	0	0.000974149	
0.978082	0.0137611	0	0.00269449	0.0394361	0	0	0	0.000971801	
0.978047	0.0137652	0	0.00269528	0.0392282	0	0	0	0.000969475	
0.978012	0.0137692	0	0.00269607	0.0390214	0	0	0	0.000967171	
0.977978	0.0137732	0	0.00269685	0.0388156	0	0	0	0.000964888	
0.977943	0.0137771	0	0.00269763	0.038611	0	0	0	0.000962628	
0.977908	0.0137811	0	0.0026984	0.0384075	0	0	0	0.000960389	
0.977874	0.013785	0	0.00269917	0.038205	0	0	0	0.000958171	
0.977839	0.0137889	0	0.00269993	0.0380036	0	0	0	0.000955974	
0.977804	0.0137928	0	0.00270069	0.0378033	0	0	0	0.000953799	
0.97777	0.0137966	0	0.00270145	0.037604	0	0	0	0.000951645	
0.977735	0.0138005	0	0.0027022	0.0374058	0	0	0	0.000949511	
0.9777	0.0138043	0	0.00270295	0.0372086	0	0	0	0.000947398	
0.977666	0.0138081	0	0.00270369	0.0370125	0	0	0	0.000945306	
0.977631	0.0138119	0	0.00270443	0.0368174	0	0	0	0.000943235	
0.977596	0.0138156	0	0.00270516	0.0366233	0	0	0	0.000941184	
0.977562	0.0138193	0	0.00270589	0.0364303	0	0	0	0.000939153	
0.977527	0.013823	0	0.00270662	0.0362383	0	0	0	0.000937143	
0.977492	0.0138267	0	0.00270734	0.0360473	0	0	0	0.000935153	
0.977458	0.0138304	0	0.00270806	0.0358573	0	0	0	0.000933182	
0.977423	0.013834	0	0.00270877	0.0356683	0	0	0	0.000931232	
0.977389	0.0138377	0	0.00270948	0.0354803	0	0	0	0.000929302	
0.977354	0.0138413	0	0.00271019	0.0352933	0	0	0	0.000927391	
0.977319	0.0138448	0	0.00271089	0.0351073	0	0	0	0.000925501	
0.977285	0.0138484	0	0.00271158	0.0349223	0	0	0	0.00092363	
0.97725	0.0138519	0	0.00271228	0.0347382	0	0	0	0.000921778	
0.977215	0.0138555	0	0.00271297	0.0345552	0	0	0	0.000919946	
0.977181	0.013859	0	0.00271365	0.0343731	0	0	0	0.000918134	
0.977146	0.0138624	0	0.00271433	0.0341919	0	0	0	0.000916341	
0.977111	0.0138659	0	0.00271501	0.0340117	0	0	0	0.000914567	
0.977077	0.0138693	0	0.00271568	0.0338325	0	0	0	0.000912813	
0.977042	0.0138728	0	0.00271635	0.0336542	0	0	0	0.000911078	
0.977007	0.0138762	0	0.00271702	0.0334769	0	0	0	0.000909362	
0.976973	0.0138795	0	0.00271768	0.0333005	0	0	0	0.000907665	
0.976938	0.0138829	0	0.00271834	0.033125	0	0	0	0.000905988	
0.976904	0.0138863	0	0.00271899	0.0329505	0	0	0	0.000904329	
0.976869	0.0138896	0	0.00271965	0.0327768	0	0	0	0.00090269	
0.976834	0.0138929	0	0.00272029	0.0326041	0	0	0	0.00090107	
0.9768	0.0138962	0	0.00272094	0.0324323	0	0	0	0.000899468	
0.976765	0.0138994	0	0.00272157	0.0322615	0	0	0	0.000897886	
0.97673	0.0139027	0	0.00272221	0.0320915	0	0	0	0.000896323	
0.976696	0.0139059	0	0.00272284	0.0319224	0	0	0	0.000894779	
0.976661	0.0139091	0	0.00272347	0.0317542	0	0	0	0.000893254	
0.976627	0.0139123	0	0.0027241	0.0315869	0	0	0	0.000891748	
0.976592	0.0139155	0	0.00272472	0.0314205	0	0	0	0.000890261	
0.976557	0.0139186	0	0.00272534	0.031255	0	0	0	0.000888794	
0.976523	0.0139218	0	0.00272595	0.0310903	0	0	0	0.000887345	
0.976488	0.0139249	0	0.00272656	0.0309265	0	0	0	0.000885915	
0.976454	0.013928	0	0.00272717	0.0307636	0	0	0	0.000884505	
0.976419	0.0139311	0	0.00272777	0.0306015	0	0	0	0.000883114	
0.976384	0.0139341	0	0.00272837	0.0304403	0	0	0	0.000881742	
0.97635	0.0139372	0	0.00272897	0.03028	0	0	0	0.00088039	
0.976315	0.0139402	0	0.00272956	0.0301205	0	0	0	0.000879057	
0.976281	0.0139432	0	0.00273015	0.0299618	0	0	0	0.000877743	
0.976246	0.0139462	0	0.00273074	0.029804	0	0	0	0.000876449	
0.976211	0.0139492	0	0.00273132	0.029647	0	0	0	0.000875175	
0.976177	0.0139522	0	0.0027319	0.0294908	0	0	0	0.000873921	
0.976142	0.0139551	0	0.00273248	0.0293355	0	0	0	0.000872687	
0.976108	0.013958	0	0.00273305	0.029181	0	0	0	0.000871472	
0.976073	0.0139609	0	0.00273362	0.0290273	0	0	0	0.000870278	
0.976038	0.0139638	0	0.00273418	0.0288744	0	0	0	0.000869104	
0.976004	0.0139667	0	0.00273475	0.0287223	0	0	0	0.000867951	
0.975969	0.0139696	0	0.00273531	0.028571	0	0	0	0.000866818	
0.975935	0.0139724	0	0.00273586	0.0284206	0	0	0	0.000865707	
0.9759	0.0139752	0	0.00273642	0.0282709	0	0	0	0.000864616	
0.975865	0.013978	0	0.00273697	0.028122	0	0	0	0.000863547	
0.975831	0.0139808	0	0.00273751	0.0279739	0	0	0	0.000862499	
0.975796	0.0139836	0	0.00273806	0.0278266	0	0	0	0.000861473	
0.975762	0.0139864	0	0.0027386	0.0276801	0	0	0	0.00086047	
0.975727	0.0139891	0	0.00273913	0.0275343	0	0	0	0.000859488	
0.975692	0.0139918	0	0.00273967	0.0273893	0	0	0	0.00085853	
0.975658	0.0139945	0	0.0027402	0.0272451	0	0	0	0.000857595	
0.975623	0.0139972	0	0.00274073	0.0271016	0	0	0	0.000856683	
0.975589	0.0139999	0	0.00274125	0.0269589	0	0	0	0.000855796	
0.975554	0.0140026	0	0.00274177	0.026817	0	0	0	0.000854932	
0.97552	0.0140052	0	0.00274229	0.0266758	0	0	0	0.000854094	
0.975485	0.0140079	0	0.00274281	0.0265353	0	0	0	0.000853282	
0.97545	0.0140105	0	0.00274332	0.0263956	0	0	0	0.000852495	
0.975416	0.0140131	0	0.00274383	0.0262566	0	0	0	0.000851736	
0.975381	0.0140157	0	0.00274434	0.0261184	0	0	0	0.000851004	
0.975347	0.0140183	0	0.00274484	0.0259809	0	0	0	0.0008503	
0.975312	0.0140208	0	0.00274534	0.0258441	0	0	0	0.000849625	
0.975278	0.0140234	0	0.00274584	0.0257081	0	0	0	0.000848981	
0.975243	0.0140259	0	0.00274633	0.0255727	0	0	0	0.000848368	
0.975209	0.0140284	0	0.00274683	0.0254381	0	0	0	0.000847787	
0.975174	0.0140309	0	0.00274732	0.0253042	0	0	0	0.00084724	
0.975139	0.0140334	0	0.0027478	0.025171	0	0	0	0.000846727	
0.975105	0.0140358	0	0.00274829	0.0250385	0	0	0	0.000846252	
0.97507	0.0140383	0	0.00274877	0.0249067	0	0	0	0.000845814	
0.975036	0.0140407	0	0.00274924	0.0247756	0	0	0	0.000845417	
0.975001	0.0140432	0	0.00274972	0.0246452	0	0	0	0.000845063	
0.974967	0.0140456	0	0.00275019	0.0245155	0	0	0	0.000844753	
0.974932	0.014048	0	0.00275066	0.0243865	0	0	0	0.00084449	
0.974898	0.0140504	0	0.00275113	0.0242581	0	0	0	0.000844278	
