1	0	0	0	1	0	0	0	1	
0.999885	1.46681e-06	0	4.21429e-07	0.995953	0	0	0	0.977729	
0.999772	5.75048e-06	0	1.65301e-06	0.991954	0	0	0	0.95631	
0.999659	1.27002e-05	0	3.65062e-06	0.987976	0	0	0	0.935364	
0.999547	2.21688e-05	0	6.3719e-06	0.984018	0	0	0	0.914882	
0.999435	3.40208e-05	0	9.778e-06	0.980079	0	0	0	0.894852	
0.999324	4.81318e-05	0	1.38331e-05	0.97616	0	0	0	0.875265	
0.999213	6.43865e-05	0	1.85042e-05	0.972259	0	0	0	0.856112	
0.999102	8.26783e-05	0	2.37605e-05	0.968378	0	0	0	0.837381	
0.998992	0.000102908	0	2.95736e-05	0.964515	0	0	0	0.819064	
0.998882	0.000124982	0	3.59168e-05	0.96067	0	0	0	0.801152	
0.998772	0.000148815	0	4.27652e-05	0.956844	0	0	0	0.783635	
0.998663	0.000174326	0	5.00955e-05	0.953035	0	0	0	0.766504	
0.998555	0.000201437	0	5.78858e-05	0.949244	0	0	0	0.749752	
0.998446	0.000230077	0	6.61155e-05	0.945471	0	0	0	0.73337	
0.998338	0.000260179	0	7.4765e-05	0.941715	0	0	0	0.717348	
0.99823	0.000291678	0	8.38159e-05	0.937976	0	0	0	0.701681	
0.998122	0.000324513	0	9.32508e-05	0.934255	0	0	0	0.686358	
0.998015	0.000358627	0	0.000103053	0.93055	0	0	0	0.671374	
0.997908	0.000393966	0	0.000113207	0.926862	0	0	0	0.65672	
0.997801	0.000430476	0	0.000123698	0.923191	0	0	0	0.642389	
0.997695	0.00046811	0	0.000134512	0.919536	0	0	0	0.628373	
0.997589	0.000506818	0	0.000145634	0.915898	0	0	0	0.614667	
0.997482	0.000546557	0	0.000157052	0.912276	0	0	0	0.601262	
0.997377	0.000587282	0	0.000168754	0.90867	0	0	0	0.588153	
0.997271	0.000628954	0	0.000180728	0.905079	0	0	0	0.575333	
0.997166	0.000671531	0	0.000192962	0.901505	0	0	0	0.562794	
0.997061	0.000714977	0	0.000205445	0.897946	0	0	0	0.550532	
0.996956	0.000759255	0	0.000218168	0.894403	0	0	0	0.53854	
0.996851	0.000804331	0	0.00023112	0.890876	0	0	0	0.526812	
0.996746	0.00085017	0	0.000244291	0.887364	0	0	0	0.515342	
0.996642	0.000896741	0	0.000257672	0.883867	0	0	0	0.504125	
0.996538	0.000944013	0	0.000271255	0.880385	0	0	0	0.493154	
0.996434	0.000991955	0	0.00028503	0.876918	0	0	0	0.482424	
0.99633	0.00104054	0	0.00029899	0.873466	0	0	0	0.471931	
0.996226	0.00108974	0	0.000313127	0.870029	0	0	0	0.461669	
0.996122	0.00113953	0	0.000327433	0.866607	0	0	0	0.451632	
0.996019	0.00118988	0	0.000341901	0.863199	0	0	0	0.441816	
0.995916	0.00124077	0	0.000356523	0.859806	0	0	0	0.432215	
0.995813	0.00129218	0	0.000371293	0.856427	0	0	0	0.422826	
0.99571	0.00134407	0	0.000386204	0.853062	0	0	0	0.413643	
0.995607	0.00139644	0	0.00040125	0.849712	0	0	0	0.404662	
0.995504	0.00144925	0	0.000416425	0.846376	0	0	0	0.395878	
0.995402	0.00150249	0	0.000431723	0.843054	0	0	0	0.387288	
0.995299	0.00155614	0	0.000447138	0.839746	0	0	0	0.378886	
0.995197	0.00161018	0	0.000462665	0.836452	0	0	0	0.370668	
0.995095	0.00166459	0	0.000478298	0.833172	0	0	0	0.362632	
0.994993	0.00171935	0	0.000494032	0.829906	0	0	0	0.354771	
0.994891	0.00177444	0	0.000509862	0.826653	0	0	0	0.347084	
0.994789	0.00182985	0	0.000525784	0.823414	0	0	0	0.339565	
0.994687	0.00188557	0	0.000541792	0.820188	0	0	0	0.332211	
0.994586	0.00194157	0	0.000557882	0.816976	0	0	0	0.325018	
0.994484	0.00199784	0	0.000574051	0.813777	0	0	0	0.317984	
0.994383	0.00205437	0	0.000590293	0.810591	0	0	0	0.311103	
0.994282	0.00211113	0	0.000606604	0.807418	0	0	0	0.304374	
0.99418	0.00216813	0	0.000622981	0.804259	0	0	0	0.297793	
0.994079	0.00222535	0	0.00063942	0.801113	0	0	0	0.291355	
0.993978	0.00228276	0	0.000655917	0.797979	0	0	0	0.285059	
0.993877	0.00234037	0	0.000672469	0.794859	0	0	0	0.278901	
0.993777	0.00239815	0	0.000689072	0.791751	0	0	0	0.272878	
0.993676	0.0024561	0	0.000705722	0.788656	0	0	0	0.266988	
0.993575	0.0025142	0	0.000722417	0.785574	0	0	0	0.261226	
0.993475	0.00257245	0	0.000739154	0.782504	0	0	0	0.255591	
0.993374	0.00263083	0	0.000755928	0.779447	0	0	0	0.250079	
0.993274	0.00268934	0	0.000772738	0.776403	0	0	0	0.244688	
0.993173	0.00274796	0	0.000789581	0.77337	0	0	0	0.239415	
0.993073	0.00280668	0	0.000806453	0.770351	0	0	0	0.234257	
0.992973	0.00286549	0	0.000823353	0.767343	0	0	0	0.229213	
0.992873	0.00292439	0	0.000840277	0.764348	0	0	0	0.224279	
0.992773	0.00298337	0	0.000857223	0.761365	0	0	0	0.219453	
0.992673	0.00304242	0	0.000874188	0.758394	0	0	0	0.214733	
0.992573	0.00310152	0	0.000891171	0.755435	0	0	0	0.210116	
0.992473	0.00316068	0	0.000908169	0.752488	0	0	0	0.2056	
0.992373	0.00321989	0	0.000925179	0.749553	0	0	0	0.201183	
0.992273	0.00327912	0	0.0009422	0.74663	0	0	0	0.196862	
0.992174	0.00333839	0	0.00095923	0.743719	0	0	0	0.192637	
0.992074	0.00339769	0	0.000976266	0.740819	0	0	0	0.188503	
0.991975	0.00345699	0	0.000993307	0.737931	0	0	0	0.18446	
0.991875	0.00351631	0	0.00101035	0.735055	0	0	0	0.180506	
0.991776	0.00357563	0	0.00102739	0.73219	0	0	0	0.176638	
0.991676	0.00363495	0	0.00104444	0.729337	0	0	0	0.172854	
0.991577	0.00369426	0	0.00106148	0.726495	0	0	0	0.169154	
0.991478	0.00375355	0	0.00107852	0.723665	0	0	0	0.165534	
0.991379	0.00381282	0	0.00109555	0.720846	0	0	0	0.161993	
0.99128	0.00387207	0	0.00111257	0.718039	0	0	0	0.15853	
0.99118	0.00393129	0	0.00112958	0.715242	0	0	0	0.155142	
0.991081	0.00399047	0	0.00114659	0.712457	0	0	0	0.151828	
0.990982	0.00404961	0	0.00116358	0.709683	0	0	0	0.148587	
0.990883	0.0041087	0	0.00118056	0.70692	0	0	0	0.145417	
0.990785	0.00416774	0	0.00119752	0.704169	0	0	0	0.142315	
0.990686	0.00422673	0	0.00121447	0.701428	0	0	0	0.139282	
0.990587	0.00428566	0	0.00123141	0.698698	0	0	0	0.136315	
0.990488	0.00434453	0	0.00124832	0.695979	0	0	0	0.133412	
0.990389	0.00440332	0	0.00126521	0.693271	0	0	0	0.130573	
0.990291	0.00446205	0	0.00128209	0.690573	0	0	0	0.127795	
0.990192	0.0045207	0	0.00129894	0.687887	0	0	0	0.125079	
0.990093	0.00457928	0	0.00131577	0.685211	0	0	0	0.122421	
0.989995	0.00463777	0	0.00133257	0.682545	0	0	0	0.119822	
0.989896	0.00469617	0	0.00134936	0.679891	0	0	0	0.117279	
0.989798	0.00475449	0	0.00136611	0.677246	0	0	0	0.114792	
0.989699	0.00481271	0	0.00138284	0.674613	0	0	0	0.112358	
0.989601	0.00487084	0	0.00139954	0.671989	0	0	0	0.109978	
0.989503	0.00492887	0	0.00141622	0.669377	0	0	0	0.10765	
0.989404	0.0049868	0	0.00143286	0.666774	0	0	0	0.105372	
0.989306	0.00504462	0	0.00144948	0.664182	0	0	0	0.103144	
0.989208	0.00510234	0	0.00146606	0.6616	0	0	0	0.100965	
0.989109	0.00515995	0	0.00148261	0.659029	0	0	0	0.0988329	
0.989011	0.00521745	0	0.00149913	0.656467	0	0	0	0.0967472	
0.988913	0.00527483	0	0.00151562	0.653916	0	0	0	0.094707	
0.988815	0.00533209	0	0.00153207	0.651375	0	0	0	0.0927112	
0.988717	0.00538924	0	0.00154849	0.648843	0	0	0	0.0907588	
0.988619	0.00544626	0	0.00156488	0.646322	0	0	0	0.0888488	
0.988521	0.00550317	0	0.00158123	0.643811	0	0	0	0.0869804	
0.988423	0.00555994	0	0.00159754	0.64131	0	0	0	0.0851526	
0.988325	0.00561659	0	0.00161382	0.638818	0	0	0	0.0833646	
0.988227	0.00567311	0	0.00163006	0.636337	0	0	0	0.0816154	
0.988129	0.0057295	0	0.00164626	0.633865	0	0	0	0.0799042	
0.988031	0.00578576	0	0.00166242	0.631403	0	0	0	0.0782302	
0.987933	0.00584188	0	0.00167855	0.628951	0	0	0	0.0765925	
0.987835	0.00589786	0	0.00169463	0.626508	0	0	0	0.0749904	
0.987738	0.00595371	0	0.00171068	0.624075	0	0	0	0.0734231	
0.98764	0.00600942	0	0.00172669	0.621651	0	0	0	0.0718898	
0.987542	0.00606498	0	0.00174265	0.619237	0	0	0	0.0703897	
0.987444	0.00612041	0	0.00175858	0.616833	0	0	0	0.0689222	
0.987347	0.00617569	0	0.00177446	0.614438	0	0	0	0.0674866	
0.987249	0.00623082	0	0.0017903	0.612052	0	0	0	0.066082	
0.987151	0.00628581	0	0.0018061	0.609676	0	0	0	0.0647079	
0.987054	0.00634066	0	0.00182186	0.607309	0	0	0	0.0633636	
0.986956	0.00639535	0	0.00183758	0.604952	0	0	0	0.0620485	
0.986858	0.0064499	0	0.00185325	0.602603	0	0	0	0.0607618	
0.986761	0.00650429	0	0.00186888	0.600264	0	0	0	0.0595029	
0.986663	0.00655853	0	0.00188446	0.597935	0	0	0	0.0582714	
0.986566	0.00661262	0	0.0019	0.595614	0	0	0	0.0570665	
0.986468	0.00666656	0	0.0019155	0.593302	0	0	0	0.0558877	
0.986371	0.00672034	0	0.00193095	0.591	0	0	0	0.0547343	
0.986274	0.00677397	0	0.00194636	0.588706	0	0	0	0.053606	
0.986176	0.00682744	0	0.00196173	0.586422	0	0	0	0.052502	
0.986079	0.00688075	0	0.00197704	0.584146	0	0	0	0.0514219	
0.985981	0.00693391	0	0.00199232	0.581879	0	0	0	0.0503651	
0.985884	0.00698691	0	0.00200754	0.579622	0	0	0	0.0493312	
0.985787	0.00703974	0	0.00202273	0.577373	0	0	0	0.0483196	
0.985689	0.00709242	0	0.00203786	0.575132	0	0	0	0.0473298	
0.985592	0.00714494	0	0.00205295	0.572901	0	0	0	0.0463614	
0.985495	0.0071973	0	0.002068	0.570679	0	0	0	0.0454139	
0.985398	0.0072495	0	0.00208299	0.568465	0	0	0	0.0444869	
0.9853	0.00730154	0	0.00209795	0.566259	0	0	0	0.0435798	
0.985203	0.00735341	0	0.00211285	0.564063	0	0	0	0.0426924	
0.985106	0.00740512	0	0.00212771	0.561875	0	0	0	0.041824	
0.985009	0.00745667	0	0.00214252	0.559695	0	0	0	0.0409743	
0.984912	0.00750805	0	0.00215728	0.557524	0	0	0	0.040143	
0.984815	0.00755927	0	0.002172	0.555362	0	0	0	0.0393296	
0.984717	0.00761033	0	0.00218667	0.553208	0	0	0	0.0385336	
0.98462	0.00766122	0	0.00220129	0.551062	0	0	0	0.0377548	
0.984523	0.00771195	0	0.00221587	0.548925	0	0	0	0.0369928	
0.984426	0.00776251	0	0.0022304	0.546796	0	0	0	0.0362471	
0.984329	0.00781291	0	0.00224488	0.544676	0	0	0	0.0355175	
0.984232	0.00786314	0	0.00225931	0.542563	0	0	0	0.0348035	
0.984135	0.00791321	0	0.0022737	0.540459	0	0	0	0.0341049	
0.984038	0.00796311	0	0.00228803	0.538364	0	0	0	0.0334213	
0.983941	0.00801285	0	0.00230232	0.536276	0	0	0	0.0327524	
0.983844	0.00806241	0	0.00231657	0.534197	0	0	0	0.0320979	
0.983747	0.00811182	0	0.00233076	0.532125	0	0	0	0.0314573	
0.983651	0.00816105	0	0.00234491	0.530062	0	0	0	0.0308305	
0.983554	0.00821012	0	0.00235901	0.528007	0	0	0	0.0302172	
0.983457	0.00825903	0	0.00237306	0.52596	0	0	0	0.029617	
0.98336	0.00830776	0	0.00238706	0.523921	0	0	0	0.0290296	
0.983263	0.00835633	0	0.00240102	0.521889	0	0	0	0.0284549	
0.983166	0.00840474	0	0.00241492	0.519866	0	0	0	0.0278924	
0.983069	0.00845298	0	0.00242878	0.517851	0	0	0	0.027342	
0.982973	0.00850105	0	0.0024426	0.515843	0	0	0	0.0268033	
0.982876	0.00854895	0	0.00245636	0.513843	0	0	0	0.0262762	
0.982779	0.00859669	0	0.00247008	0.511851	0	0	0	0.0257603	
0.982682	0.00864426	0	0.00248375	0.509867	0	0	0	0.0252554	
0.982586	0.00869167	0	0.00249737	0.507891	0	0	0	0.0247613	
0.982489	0.00873891	0	0.00251094	0.505922	0	0	0	0.0242778	
0.982392	0.00878598	0	0.00252446	0.503961	0	0	0	0.0238046	
0.982296	0.00883289	0	0.00253794	0.502008	0	0	0	0.0233414	
0.982199	0.00887963	0	0.00255137	0.500062	0	0	0	0.0228882	
0.982102	0.0089262	0	0.00256475	0.498123	0	0	0	0.0224446	
0.982006	0.00897261	0	0.00257809	0.496193	0	0	0	0.0220104	
0.981909	0.00901886	0	0.00259138	0.49427	0	0	0	0.0215855	
0.981812	0.00906494	0	0.00260462	0.492354	0	0	0	0.0211696	
0.981716	0.00911085	0	0.00261781	0.490446	0	0	0	0.0207626	
0.981619	0.0091566	0	0.00263095	0.488545	0	0	0	0.0203642	
0.981523	0.00920219	0	0.00264405	0.486652	0	0	0	0.0199743	
0.981426	0.00924761	0	0.0026571	0.484766	0	0	0	0.0195926	
0.98133	0.00929287	0	0.00267011	0.482887	0	0	0	0.0192191	
0.981233	0.00933796	0	0.00268306	0.481015	0	0	0	0.0188535	
0.981137	0.00938289	0	0.00269597	0.479151	0	0	0	0.0184956	
0.98104	0.00942765	0	0.00270883	0.477295	0	0	0	0.0181453	
0.980944	0.00947226	0	0.00272165	0.475445	0	0	0	0.0178024	
0.980847	0.0095167	0	0.00273442	0.473603	0	0	0	0.0174668	
0.980751	0.00956097	0	0.00274714	0.471767	0	0	0	0.0171383	
0.980654	0.00960509	0	0.00275982	0.469939	0	0	0	0.0168167	
0.980558	0.00964904	0	0.00277244	0.468118	0	0	0	0.016502	
0.980462	0.00969283	0	0.00278503	0.466304	0	0	0	0.0161938	
0.980365	0.00973646	0	0.00279756	0.464498	0	0	0	0.0158922	
0.980269	0.00977992	0	0.00281005	0.462698	0	0	0	0.0155969	
0.980172	0.00982323	0	0.00282249	0.460905	0	0	0	0.0153079	
0.980076	0.00986638	0	0.00283489	0.459119	0	0	0	0.0150249	
0.97998	0.00990936	0	0.00284724	0.45734	0	0	0	0.0147479	
0.979883	0.00995219	0	0.00285955	0.455568	0	0	0	0.0144768	
0.979787	0.00999485	0	0.00287181	0.453803	0	0	0	0.0142113	
0.979691	0.0100374	0	0.00288402	0.452045	0	0	0	0.0139514	
0.979594	0.0100797	0	0.00289619	0.450293	0	0	0	0.013697	
0.979498	0.0101219	0	0.00290831	0.448549	0	0	0	0.0134479	
0.979402	0.0101639	0	0.00292038	0.446811	0	0	0	0.013204	
0.979306	0.0102058	0	0.00293242	0.44508	0	0	0	0.0129653	
0.979209	0.0102475	0	0.0029444	0.443356	0	0	0	0.0127315	
0.979113	0.0102891	0	0.00295634	0.441638	0	0	0	0.0125027	
0.979017	0.0103305	0	0.00296824	0.439927	0	0	0	0.0122786	
0.978921	0.0103717	0	0.00298009	0.438223	0	0	0	0.0120592	
0.978825	0.0104128	0	0.00299189	0.436525	0	0	0	0.0118444	
0.978729	0.0104537	0	0.00300366	0.434834	0	0	0	0.011634	
0.978632	0.0104945	0	0.00301537	0.433149	0	0	0	0.0114281	
0.978536	0.0105351	0	0.00302704	0.431472	0	0	0	0.0112265	
0.97844	0.0105756	0	0.00303867	0.4298	0	0	0	0.011029	
0.978344	0.0106159	0	0.00305026	0.428135	0	0	0	0.0108357	
0.978248	0.0106561	0	0.00306179	0.426477	0	0	0	0.0106463	
0.978152	0.0106961	0	0.00307329	0.424825	0	0	0	0.0104609	
0.978056	0.010736	0	0.00308474	0.423179	0	0	0	0.0102794	
0.97796	0.0107757	0	0.00309615	0.42154	0	0	0	0.0101016	
0.977864	0.0108152	0	0.00310751	0.419907	0	0	0	0.00992751	
0.977768	0.0108546	0	0.00311883	0.41828	0	0	0	0.00975701	
0.977672	0.0108938	0	0.00313011	0.41666	0	0	0	0.00959005	
0.977576	0.0109329	0	0.00314134	0.415046	0	0	0	0.00942653	
0.97748	0.0109719	0	0.00315253	0.413438	0	0	0	0.00926639	
0.977384	0.0110107	0	0.00316368	0.411837	0	0	0	0.00910956	
0.977288	0.0110493	0	0.00317478	0.410242	0	0	0	0.00895596	
0.977192	0.0110878	0	0.00318584	0.408653	0	0	0	0.00880552	
0.977096	0.0111262	0	0.00319686	0.40707	0	0	0	0.00865818	
0.977	0.0111644	0	0.00320784	0.405493	0	0	0	0.00851386	
0.976904	0.0112024	0	0.00321877	0.403923	0	0	0	0.00837251	
0.976808	0.0112403	0	0.00322966	0.402358	0	0	0	0.00823406	
0.976712	0.0112781	0	0.00324051	0.4008	0	0	0	0.00809845	
0.976616	0.0113157	0	0.00325132	0.399248	0	0	0	0.00796561	
0.97652	0.0113532	0	0.00326208	0.397701	0	0	0	0.0078355	
0.976424	0.0113905	0	0.00327281	0.396161	0	0	0	0.00770804	
0.976328	0.0114277	0	0.00328349	0.394627	0	0	0	0.00758318	
0.976233	0.0114647	0	0.00329413	0.393098	0	0	0	0.00746087	
0.976137	0.0115016	0	0.00330472	0.391576	0	0	0	0.00734105	
0.976041	0.0115383	0	0.00331528	0.390059	0	0	0	0.00722367	
0.975945	0.0115749	0	0.0033258	0.388549	0	0	0	0.00710867	
0.975849	0.0116114	0	0.00333627	0.387044	0	0	0	0.00699602	
0.975754	0.0116477	0	0.0033467	0.385545	0	0	0	0.00688564	
0.975658	0.0116838	0	0.0033571	0.384052	0	0	0	0.0067775	
0.975562	0.0117199	0	0.00336745	0.382564	0	0	0	0.00667155	
0.975466	0.0117558	0	0.00337776	0.381083	0	0	0	0.00656774	
0.975371	0.0117915	0	0.00338803	0.379607	0	0	0	0.00646603	
0.975275	0.0118271	0	0.00339826	0.378137	0	0	0	0.00636637	
0.975179	0.0118626	0	0.00340845	0.376672	0	0	0	0.00626872	
0.975083	0.0118979	0	0.0034186	0.375214	0	0	0	0.00617303	
0.974988	0.0119331	0	0.00342871	0.373761	0	0	0	0.00607926	
0.974892	0.0119681	0	0.00343878	0.372313	0	0	0	0.00598738	
0.974796	0.012003	0	0.00344881	0.370872	0	0	0	0.00589734	
0.974701	0.0120378	0	0.0034588	0.369435	0	0	0	0.0058091	
0.974605	0.0120725	0	0.00346875	0.368005	0	0	0	0.00572262	
0.974509	0.012107	0	0.00347867	0.36658	0	0	0	0.00563787	
0.974414	0.0121413	0	0.00348854	0.36516	0	0	0	0.00555481	
0.974318	0.0121755	0	0.00349837	0.363746	0	0	0	0.0054734	
0.974223	0.0122096	0	0.00350817	0.362337	0	0	0	0.00539362	
0.974127	0.0122436	0	0.00351792	0.360934	0	0	0	0.00531541	
0.974031	0.0122774	0	0.00352764	0.359537	0	0	0	0.00523876	
0.973936	0.0123111	0	0.00353732	0.358144	0	0	0	0.00516362	
0.97384	0.0123446	0	0.00354696	0.356758	0	0	0	0.00508998	
0.973745	0.0123781	0	0.00355656	0.355376	0	0	0	0.00501778	
0.973649	0.0124114	0	0.00356613	0.354	0	0	0	0.00494701	
0.973554	0.0124445	0	0.00357565	0.352629	0	0	0	0.00487763	
0.973458	0.0124775	0	0.00358514	0.351264	0	0	0	0.00480962	
0.973363	0.0125104	0	0.00359459	0.349904	0	0	0	0.00474294	
0.973267	0.0125432	0	0.003604	0.348549	0	0	0	0.00467756	
0.973172	0.0125758	0	0.00361338	0.347199	0	0	0	0.00461347	
0.973076	0.0126083	0	0.00362272	0.345855	0	0	0	0.00455063	
0.972981	0.0126407	0	0.00363202	0.344516	0	0	0	0.00448901	
0.972885	0.0126729	0	0.00364128	0.343182	0	0	0	0.00442859	
0.97279	0.012705	0	0.00365051	0.341853	0	0	0	0.00436935	
0.972694	0.012737	0	0.0036597	0.340529	0	0	0	0.00431126	
0.972599	0.0127689	0	0.00366885	0.339211	0	0	0	0.00425429	
0.972504	0.0128006	0	0.00367797	0.337897	0	0	0	0.00419842	
0.972408	0.0128322	0	0.00368705	0.336589	0	0	0	0.00414364	
0.972313	0.0128637	0	0.00369609	0.335286	0	0	0	0.0040899	
0.972217	0.012895	0	0.0037051	0.333988	0	0	0	0.00403721	
0.972122	0.0129262	0	0.00371407	0.332695	0	0	0	0.00398552	
0.972027	0.0129573	0	0.003723	0.331406	0	0	0	0.00393483	
0.971931	0.0129883	0	0.0037319	0.330123	0	0	0	0.0038851	
0.971836	0.0130192	0	0.00374077	0.328845	0	0	0	0.00383633	
0.971741	0.0130499	0	0.00374959	0.327572	0	0	0	0.00378848	
0.971645	0.0130805	0	0.00375839	0.326304	0	0	0	0.00374155	
0.97155	0.013111	0	0.00376714	0.32504	0	0	0	0.0036955	
0.971455	0.0131413	0	0.00377587	0.323782	0	0	0	0.00365033	
0.97136	0.0131716	0	0.00378455	0.322528	0	0	0	0.00360602	
0.971264	0.0132017	0	0.0037932	0.32128	0	0	0	0.00356254	
0.971169	0.0132317	0	0.00380182	0.320036	0	0	0	0.00351988	
0.971074	0.0132615	0	0.0038104	0.318797	0	0	0	0.00347802	
0.970979	0.0132913	0	0.00381895	0.317562	0	0	0	0.00343695	
0.970883	0.0133209	0	0.00382746	0.316333	0	0	0	0.00339664	
0.970788	0.0133504	0	0.00383594	0.315108	0	0	0	0.00335709	
0.970693	0.0133798	0	0.00384439	0.313888	0	0	0	0.00331828	
0.970598	0.0134091	0	0.0038528	0.312673	0	0	0	0.00328019	
0.970503	0.0134382	0	0.00386117	0.311463	0	0	0	0.00324281	
0.970407	0.0134673	0	0.00386952	0.310257	0	0	0	0.00320611	
0.970312	0.0134962	0	0.00387782	0.309056	0	0	0	0.0031701	
0.970217	0.013525	0	0.0038861	0.307859	0	0	0	0.00313475	
0.970122	0.0135537	0	0.00389434	0.306667	0	0	0	0.00310005	
0.970027	0.0135822	0	0.00390255	0.30548	0	0	0	0.00306599	
0.969932	0.0136107	0	0.00391072	0.304297	0	0	0	0.00303256	
0.969837	0.013639	0	0.00391886	0.303119	0	0	0	0.00299973	
0.969742	0.0136672	0	0.00392697	0.301946	0	0	0	0.0029675	
0.969647	0.0136953	0	0.00393505	0.300777	0	0	0	0.00293586	
0.969551	0.0137233	0	0.00394309	0.299613	0	0	0	0.00290479	
0.969456	0.0137512	0	0.0039511	0.298453	0	0	0	0.00287428	
0.969361	0.013779	0	0.00395908	0.297297	0	0	0	0.00284433	
0.969266	0.0138066	0	0.00396702	0.296146	0	0	0	0.00281491	
0.969171	0.0138342	0	0.00397494	0.295	0	0	0	0.00278603	
0.969076	0.0138616	0	0.00398282	0.293858	0	0	0	0.00275766	
0.968981	0.0138889	0	0.00399067	0.29272	0	0	0	0.00272979	
0.968886	0.0139161	0	0.00399848	0.291587	0	0	0	0.00270243	
0.968791	0.0139432	0	0.00400627	0.290459	0	0	0	0.00267555	
0.968696	0.0139702	0	0.00401402	0.289334	0	0	0	0.00264914	
0.968601	0.0139971	0	0.00402174	0.288214	0	0	0	0.00262321	
0.968506	0.0140238	0	0.00402943	0.287098	0	0	0	0.00259773	
0.968411	0.0140505	0	0.00403709	0.285987	0	0	0	0.0025727	
0.968317	0.014077	0	0.00404472	0.28488	0	0	0	0.0025481	
0.968222	0.0141035	0	0.00405231	0.283777	0	0	0	0.00252394	
0.968127	0.0141298	0	0.00405988	0.282679	0	0	0	0.0025002	
0.968032	0.014156	0	0.00406741	0.281584	0	0	0	0.00247687	
0.967937	0.0141821	0	0.00407491	0.280494	0	0	0	0.00245395	
0.967842	0.0142081	0	0.00408239	0.279409	0	0	0	0.00243142	
0.967747	0.014234	0	0.00408983	0.278327	0	0	0	0.00240928	
0.967652	0.0142598	0	0.00409724	0.27725	0	0	0	0.00238752	
0.967557	0.0142855	0	0.00410462	0.276177	0	0	0	0.00236614	
0.967463	0.0143111	0	0.00411197	0.275108	0	0	0	0.00234512	
0.967368	0.0143366	0	0.00411929	0.274043	0	0	0	0.00232446	
0.967273	0.0143619	0	0.00412658	0.272982	0	0	0	0.00230415	
0.967178	0.0143872	0	0.00413384	0.271925	0	0	0	0.00228418	
0.967083	0.0144124	0	0.00414107	0.270873	0	0	0	0.00226455	
0.966989	0.0144374	0	0.00414828	0.269824	0	0	0	0.00224525	
0.966894	0.0144624	0	0.00415545	0.26878	0	0	0	0.00222627	
0.966799	0.0144873	0	0.00416259	0.267739	0	0	0	0.00220761	
0.966704	0.014512	0	0.0041697	0.266703	0	0	0	0.00218926	
0.96661	0.0145367	0	0.00417678	0.265671	0	0	0	0.00217122	
0.966515	0.0145612	0	0.00418384	0.264642	0	0	0	0.00215347	
0.96642	0.0145857	0	0.00419086	0.263618	0	0	0	0.00213602	
0.966325	0.01461	0	0.00419786	0.262598	0	0	0	0.00211886	
0.966231	0.0146343	0	0.00420483	0.261581	0	0	0	0.00210197	
0.966136	0.0146584	0	0.00421177	0.260569	0	0	0	0.00208537	
0.966041	0.0146825	0	0.00421868	0.25956	0	0	0	0.00206903	
0.965947	0.0147064	0	0.00422556	0.258556	0	0	0	0.00205296	
0.965852	0.0147303	0	0.00423241	0.257555	0	0	0	0.00203714	
0.965757	0.014754	0	0.00423924	0.256558	0	0	0	0.00202159	
0.965663	0.0147777	0	0.00424603	0.255565	0	0	0	0.00200628	
0.965568	0.0148012	0	0.0042528	0.254576	0	0	0	0.00199121	
0.965473	0.0148247	0	0.00425954	0.25359	0	0	0	0.00197639	
0.965379	0.0148481	0	0.00426626	0.252609	0	0	0	0.0019618	
0.965284	0.0148713	0	0.00427294	0.251631	0	0	0	0.00194745	
0.96519	0.0148945	0	0.0042796	0.250657	0	0	0	0.00193332	
0.965095	0.0149176	0	0.00428623	0.249687	0	0	0	0.00191941	
0.965001	0.0149406	0	0.00429283	0.248721	0	0	0	0.00190572	
0.964906	0.0149634	0	0.00429941	0.247758	0	0	0	0.00189224	
0.964811	0.0149862	0	0.00430595	0.246799	0	0	0	0.00187897	
0.964717	0.0150089	0	0.00431247	0.245844	0	0	0	0.00186591	
0.964622	0.0150315	0	0.00431897	0.244893	0	0	0	0.00185305	
0.964528	0.015054	0	0.00432543	0.243945	0	0	0	0.00184039	
0.964433	0.0150764	0	0.00433187	0.243001	0	0	0	0.00182792	
0.964339	0.0150988	0	0.00433829	0.24206	0	0	0	0.00181564	
0.964244	0.015121	0	0.00434467	0.241123	0	0	0	0.00180355	
0.96415	0.0151431	0	0.00435103	0.24019	0	0	0	0.00179164	
0.964055	0.0151652	0	0.00435737	0.239261	0	0	0	0.00177991	
0.963961	0.0151871	0	0.00436367	0.238335	0	0	0	0.00176836	
0.963867	0.015209	0	0.00436995	0.237412	0	0	0	0.00175698	
0.963772	0.0152307	0	0.00437621	0.236493	0	0	0	0.00174576	
0.963678	0.0152524	0	0.00438244	0.235578	0	0	0	0.00173472	
0.963583	0.015274	0	0.00438864	0.234666	0	0	0	0.00172384	
0.963489	0.0152955	0	0.00439482	0.233758	0	0	0	0.00171312	
0.963394	0.0153169	0	0.00440097	0.232854	0	0	0	0.00170255	
0.9633	0.0153382	0	0.00440709	0.231952	0	0	0	0.00169214	
0.963206	0.0153595	0	0.00441319	0.231055	0	0	0	0.00168188	
0.963111	0.0153806	0	0.00441927	0.230161	0	0	0	0.00167177	
0.963017	0.0154017	0	0.00442532	0.22927	0	0	0	0.00166181	
0.962923	0.0154226	0	0.00443134	0.228383	0	0	0	0.00165199	
0.962828	0.0154435	0	0.00443734	0.227499	0	0	0	0.00164231	
0.962734	0.0154643	0	0.00444331	0.226618	0	0	0	0.00163276	
0.96264	0.015485	0	0.00444926	0.225741	0	0	0	0.00162336	
0.962545	0.0155056	0	0.00445519	0.224868	0	0	0	0.00161408	
0.962451	0.0155261	0	0.00446109	0.223998	0	0	0	0.00160494	
0.962357	0.0155466	0	0.00446696	0.223131	0	0	0	0.00159592	
0.962263	0.0155669	0	0.00447281	0.222267	0	0	0	0.00158703	
0.962168	0.0155872	0	0.00447863	0.221407	0	0	0	0.00157827	
0.962074	0.0156074	0	0.00448443	0.22055	0	0	0	0.00156962	
0.96198	0.0156275	0	0.00449021	0.219697	0	0	0	0.0015611	
0.961886	0.0156475	0	0.00449596	0.218847	0	0	0	0.00155269	
0.961791	0.0156675	0	0.00450169	0.218	0	0	0	0.00154439	
0.961697	0.0156873	0	0.0045074	0.217156	0	0	0	0.00153621	
0.961603	0.0157071	0	0.00451308	0.216316	0	0	0	0.00152814	
0.961509	0.0157268	0	0.00451873	0.215479	0	0	0	0.00152018	
0.961415	0.0157464	0	0.00452436	0.214645	0	0	0	0.00151232	
0.96132	0.0157659	0	0.00452997	0.213814	0	0	0	0.00150457	
0.961226	0.0157853	0	0.00453556	0.212987	0	0	0	0.00149693	
0.961132	0.0158047	0	0.00454112	0.212163	0	0	0	0.00148938	
0.961038	0.015824	0	0.00454666	0.211342	0	0	0	0.00148194	
0.960944	0.0158432	0	0.00455217	0.210524	0	0	0	0.00147459	
0.96085	0.0158623	0	0.00455766	0.209709	0	0	0	0.00146734	
0.960756	0.0158813	0	0.00456313	0.208898	0	0	0	0.00146018	
0.960661	0.0159003	0	0.00456858	0.208089	0	0	0	0.00145312	
0.960567	0.0159191	0	0.004574	0.207284	0	0	0	0.00144614	
0.960473	0.0159379	0	0.0045794	0.206482	0	0	0	0.00143926	
0.960379	0.0159566	0	0.00458478	0.205683	0	0	0	0.00143247	
0.960285	0.0159753	0	0.00459013	0.204887	0	0	0	0.00142576	
0.960191	0.0159938	0	0.00459546	0.204095	0	0	0	0.00141913	
0.960097	0.0160123	0	0.00460077	0.203305	0	0	0	0.00141259	
0.960003	0.0160307	0	0.00460606	0.202518	0	0	0	0.00140614	
0.959909	0.016049	0	0.00461132	0.201735	0	0	0	0.00139976	
0.959815	0.0160673	0	0.00461656	0.200954	0	0	0	0.00139347	
0.959721	0.0160854	0	0.00462178	0.200176	0	0	0	0.00138725	
0.959627	0.0161035	0	0.00462698	0.199402	0	0	0	0.00138111	
0.959533	0.0161215	0	0.00463215	0.19863	0	0	0	0.00137504	
0.959439	0.0161395	0	0.00463731	0.197862	0	0	0	0.00136905	
0.959345	0.0161573	0	0.00464244	0.197096	0	0	0	0.00136313	
0.959251	0.0161751	0	0.00464755	0.196334	0	0	0	0.00135729	
0.959157	0.0161928	0	0.00465264	0.195574	0	0	0	0.00135151	
0.959063	0.0162104	0	0.0046577	0.194817	0	0	0	0.00134581	
0.958969	0.016228	0	0.00466275	0.194063	0	0	0	0.00134017	
0.958875	0.0162455	0	0.00466777	0.193313	0	0	0	0.0013346	
0.958782	0.0162629	0	0.00467277	0.192565	0	0	0	0.0013291	
0.958688	0.0162802	0	0.00467775	0.191819	0	0	0	0.00132366	
0.958594	0.0162975	0	0.00468271	0.191077	0	0	0	0.00131829	
0.9585	0.0163147	0	0.00468765	0.190338	0	0	0	0.00131298	
0.958406	0.0163318	0	0.00469257	0.189602	0	0	0	0.00130773	
0.958312	0.0163488	0	0.00469747	0.188868	0	0	0	0.00130254	
0.958218	0.0163658	0	0.00470234	0.188137	0	0	0	0.00129742	
0.958125	0.0163827	0	0.0047072	0.187409	0	0	0	0.00129235	
0.958031	0.0163995	0	0.00471203	0.186684	0	0	0	0.00128734	
0.957937	0.0164163	0	0.00471684	0.185962	0	0	0	0.00128239	
0.957843	0.016433	0	0.00472164	0.185243	0	0	0	0.0012775	
0.957749	0.0164496	0	0.00472641	0.184526	0	0	0	0.00127266	
0.957656	0.0164661	0	0.00473116	0.183812	0	0	0	0.00126788	
0.957562	0.0164826	0	0.00473589	0.183101	0	0	0	0.00126315	
0.957468	0.016499	0	0.00474061	0.182392	0	0	0	0.00125848	
0.957374	0.0165153	0	0.0047453	0.181687	0	0	0	0.00125385	
0.957281	0.0165316	0	0.00474997	0.180984	0	0	0	0.00124928	
0.957187	0.0165477	0	0.00475462	0.180284	0	0	0	0.00124476	
0.957093	0.0165639	0	0.00475925	0.179586	0	0	0	0.00124029	
0.956999	0.0165799	0	0.00476386	0.178891	0	0	0	0.00123587	
0.956906	0.0165959	0	0.00476845	0.178199	0	0	0	0.0012315	
0.956812	0.0166118	0	0.00477303	0.17751	0	0	0	0.00122718	
0.956718	0.0166277	0	0.00477758	0.176823	0	0	0	0.0012229	
0.956625	0.0166434	0	0.00478211	0.176139	0	0	0	0.00121867	
0.956531	0.0166591	0	0.00478662	0.175458	0	0	0	0.00121449	
0.956437	0.0166748	0	0.00479112	0.174779	0	0	0	0.00121035	
0.956344	0.0166904	0	0.00479559	0.174103	0	0	0	0.00120626	
0.95625	0.0167059	0	0.00480005	0.173429	0	0	0	0.00120221	
0.956156	0.0167213	0	0.00480448	0.172758	0	0	0	0.00119821	
0.956063	0.0167367	0	0.0048089	0.17209	0	0	0	0.00119424	
0.955969	0.016752	0	0.0048133	0.171424	0	0	0	0.00119032	
0.955876	0.0167672	0	0.00481768	0.170761	0	0	0	0.00118645	
0.955782	0.0167824	0	0.00482204	0.1701	0	0	0	0.00118261	
0.955688	0.0167975	0	0.00482638	0.169442	0	0	0	0.00117881	
0.955595	0.0168125	0	0.0048307	0.168787	0	0	0	0.00117506	
0.955501	0.0168275	0	0.004835	0.168134	0	0	0	0.00117134	
0.955408	0.0168424	0	0.00483929	0.167484	0	0	0	0.00116766	
0.955314	0.0168573	0	0.00484356	0.166836	0	0	0	0.00116402	
0.955221	0.0168721	0	0.0048478	0.16619	0	0	0	0.00116042	
0.955127	0.0168868	0	0.00485203	0.165547	0	0	0	0.00115686	
0.955034	0.0169014	0	0.00485625	0.164907	0	0	0	0.00115333	
0.95494	0.016916	0	0.00486044	0.164269	0	0	0	0.00114984	
0.954847	0.0169306	0	0.00486461	0.163634	0	0	0	0.00114638	
0.954753	0.016945	0	0.00486877	0.163001	0	0	0	0.00114296	
0.95466	0.0169594	0	0.00487291	0.16237	0	0	0	0.00113958	
0.954566	0.0169738	0	0.00487703	0.161742	0	0	0	0.00113623	
0.954473	0.0169881	0	0.00488113	0.161116	0	0	0	0.00113292	
0.954379	0.0170023	0	0.00488522	0.160493	0	0	0	0.00112964	
0.954286	0.0170164	0	0.00488929	0.159872	0	0	0	0.00112639	
0.954193	0.0170305	0	0.00489334	0.159254	0	0	0	0.00112318	
0.954099	0.0170446	0	0.00489737	0.158638	0	0	0	0.00111999	
0.954006	0.0170585	0	0.00490138	0.158024	0	0	0	0.00111684	
0.953912	0.0170725	0	0.00490538	0.157413	0	0	0	0.00111373	
0.953819	0.0170863	0	0.00490936	0.156804	0	0	0	0.00111064	
0.953726	0.0171001	0	0.00491332	0.156198	0	0	0	0.00110759	
0.953632	0.0171138	0	0.00491727	0.155593	0	0	0	0.00110456	
0.953539	0.0171275	0	0.00492119	0.154992	0	0	0	0.00110157	
0.953446	0.0171411	0	0.0049251	0.154392	0	0	0	0.00109861	
0.953352	0.0171547	0	0.004929	0.153795	0	0	0	0.00109567	
0.953259	0.0171681	0	0.00493287	0.1532	0	0	0	0.00109277	
0.953166	0.0171816	0	0.00493673	0.152608	0	0	0	0.00108989	
0.953072	0.017195	0	0.00494058	0.152017	0	0	0	0.00108705	
0.952979	0.0172083	0	0.0049444	0.151429	0	0	0	0.00108423	
0.952886	0.0172215	0	0.00494821	0.150844	0	0	0	0.00108144	
0.952792	0.0172347	0	0.004952	0.15026	0	0	0	0.00107868	
0.952699	0.0172479	0	0.00495578	0.149679	0	0	0	0.00107594	
0.952606	0.0172609	0	0.00495954	0.1491	0	0	0	0.00107324	
0.952513	0.017274	0	0.00496328	0.148523	0	0	0	0.00107056	
0.95242	0.0172869	0	0.00496701	0.147949	0	0	0	0.0010679	
0.952326	0.0172999	0	0.00497072	0.147377	0	0	0	0.00106527	
0.952233	0.0173127	0	0.00497441	0.146807	0	0	0	0.00106267	
0.95214	0.0173255	0	0.00497809	0.146239	0	0	0	0.0010601	
0.952047	0.0173382	0	0.00498175	0.145673	0	0	0	0.00105755	
0.951954	0.0173509	0	0.00498539	0.14511	0	0	0	0.00105503	
0.95186	0.0173636	0	0.00498902	0.144549	0	0	0	0.00105253	
0.951767	0.0173761	0	0.00499264	0.14399	0	0	0	0.00105005	
0.951674	0.0173887	0	0.00499623	0.143433	0	0	0	0.0010476	
0.951581	0.0174011	0	0.00499981	0.142878	0	0	0	0.00104518	
0.951488	0.0174135	0	0.00500338	0.142325	0	0	0	0.00104278	
0.951395	0.0174259	0	0.00500693	0.141775	0	0	0	0.0010404	
0.951301	0.0174382	0	0.00501046	0.141227	0	0	0	0.00103805	
0.951208	0.0174504	0	0.00501398	0.140681	0	0	0	0.00103572	
0.951115	0.0174626	0	0.00501748	0.140136	0	0	0	0.00103342	
0.951022	0.0174748	0	0.00502097	0.139594	0	0	0	0.00103113	
0.950929	0.0174868	0	0.00502444	0.139055	0	0	0	0.00102887	
0.950836	0.0174989	0	0.0050279	0.138517	0	0	0	0.00102664	
0.950743	0.0175108	0	0.00503134	0.137981	0	0	0	0.00102442	
0.95065	0.0175228	0	0.00503476	0.137448	0	0	0	0.00102223	
0.950557	0.0175346	0	0.00503817	0.136916	0	0	0	0.00102006	
0.950464	0.0175464	0	0.00504157	0.136387	0	0	0	0.00101791	
0.950371	0.0175582	0	0.00504495	0.135859	0	0	0	0.00101579	
0.950278	0.0175699	0	0.00504831	0.135334	0	0	0	0.00101368	
0.950185	0.0175816	0	0.00505166	0.13481	0	0	0	0.0010116	
0.950092	0.0175932	0	0.005055	0.134289	0	0	0	0.00100954	
0.949999	0.0176047	0	0.00505832	0.13377	0	0	0	0.0010075	
0.949906	0.0176162	0	0.00506163	0.133252	0	0	0	0.00100548	
0.949813	0.0176277	0	0.00506492	0.132737	0	0	0	0.00100348	
0.94972	0.0176391	0	0.00506819	0.132224	0	0	0	0.0010015	
0.949627	0.0176505	0	0.00507145	0.131713	0	0	0	0.000999547	
0.949534	0.0176618	0	0.0050747	0.131203	0	0	0	0.000997611	
0.949441	0.017673	0	0.00507793	0.130696	0	0	0	0.000995695	
0.949348	0.0176842	0	0.00508115	0.13019	0	0	0	0.000993799	
0.949255	0.0176954	0	0.00508435	0.129687	0	0	0	0.000991923	
0.949163	0.0177065	0	0.00508754	0.129186	0	0	0	0.000990066	
0.94907	0.0177175	0	0.00509072	0.128686	0	0	0	0.00098823	
0.948977	0.0177285	0	0.00509388	0.128188	0	0	0	0.000986413	
0.948884	0.0177394	0	0.00509702	0.127693	0	0	0	0.000984616	
0.948791	0.0177504	0	0.00510016	0.127199	0	0	0	0.000982838	
0.948698	0.0177612	0	0.00510327	0.126707	0	0	0	0.00098108	
0.948605	0.017772	0	0.00510638	0.126217	0	0	0	0.00097934	
0.948513	0.0177828	0	0.00510947	0.125729	0	0	0	0.00097762	
0.94842	0.0177935	0	0.00511255	0.125243	0	0	0	0.000975919	
0.948327	0.0178041	0	0.00511561	0.124759	0	0	0	0.000974236	
0.948234	0.0178147	0	0.00511866	0.124276	0	0	0	0.000972572	
0.948141	0.0178253	0	0.00512169	0.123796	0	0	0	0.000970927	
0.948049	0.0178358	0	0.00512471	0.123317	0	0	0	0.000969301	
0.947956	0.0178463	0	0.00512772	0.12284	0	0	0	0.000967692	
0.947863	0.0178567	0	0.00513071	0.122365	0	0	0	0.000966103	
0.94777	0.0178671	0	0.00513369	0.121892	0	0	0	0.000964531	
0.947678	0.0178774	0	0.00513666	0.121421	0	0	0	0.000962978	
0.947585	0.0178877	0	0.00513961	0.120952	0	0	0	0.000961443	
0.947492	0.0178979	0	0.00514255	0.120484	0	0	0	0.000959926	
0.947399	0.0179081	0	0.00514548	0.120018	0	0	0	0.000958427	
0.947307	0.0179182	0	0.00514839	0.119554	0	0	0	0.000956945	
0.947214	0.0179283	0	0.00515129	0.119092	0	0	0	0.000955482	
0.947121	0.0179384	0	0.00515418	0.118631	0	0	0	0.000954036	
0.947029	0.0179484	0	0.00515705	0.118173	0	0	0	0.000952608	
0.946936	0.0179583	0	0.00515992	0.117716	0	0	0	0.000951198	
0.946843	0.0179682	0	0.00516276	0.117261	0	0	0	0.000949805	
0.946751	0.0179781	0	0.0051656	0.116807	0	0	0	0.00094843	
0.946658	0.0179879	0	0.00516842	0.116356	0	0	0	0.000947072	
0.946565	0.0179977	0	0.00517123	0.115906	0	0	0	0.000945732	
0.946473	0.0180074	0	0.00517402	0.115458	0	0	0	0.000944408	
0.94638	0.0180171	0	0.00517681	0.115012	0	0	0	0.000943103	
0.946288	0.0180268	0	0.00517958	0.114567	0	0	0	0.000941814	
0.946195	0.0180364	0	0.00518234	0.114124	0	0	0	0.000940543	
0.946102	0.0180459	0	0.00518508	0.113683	0	0	0	0.000939288	
0.94601	0.0180554	0	0.00518782	0.113243	0	0	0	0.000938051	
0.945917	0.0180649	0	0.00519054	0.112806	0	0	0	0.000936831	
0.945825	0.0180743	0	0.00519324	0.112369	0	0	0	0.000935628	
0.945732	0.0180837	0	0.00519594	0.111935	0	0	0	0.000934442	
0.94564	0.018093	0	0.00519862	0.111502	0	0	0	0.000933273	
0.945547	0.0181023	0	0.00520129	0.111071	0	0	0	0.000932121	
0.945455	0.0181116	0	0.00520395	0.110642	0	0	0	0.000930986	
0.945362	0.0181208	0	0.0052066	0.110214	0	0	0	0.000929868	
0.94527	0.01813	0	0.00520923	0.109788	0	0	0	0.000928766	
0.945177	0.0181391	0	0.00521185	0.109364	0	0	0	0.000927682	
0.945085	0.0181482	0	0.00521446	0.108941	0	0	0	0.000926614	
0.944992	0.0181572	0	0.00521706	0.10852	0	0	0	0.000925563	
0.9449	0.0181662	0	0.00521965	0.1081	0	0	0	0.000924529	
0.944807	0.0181752	0	0.00522222	0.107683	0	0	0	0.000923512	
0.944715	0.0181841	0	0.00522478	0.107266	0	0	0	0.000922512	
0.944623	0.018193	0	0.00522733	0.106852	0	0	0	0.000921529	
0.94453	0.0182018	0	0.00522987	0.106439	0	0	0	0.000920562	
0.944438	0.0182106	0	0.0052324	0.106027	0	0	0	0.000919612	
0.944345	0.0182193	0	0.00523491	0.105617	0	0	0	0.000918679	
0.944253	0.0182281	0	0.00523741	0.105209	0	0	0	0.000917763	
0.944161	0.0182367	0	0.0052399	0.104802	0	0	0	0.000916863	
0.944068	0.0182454	0	0.00524238	0.104397	0	0	0	0.000915981	
0.943976	0.0182539	0	0.00524485	0.103994	0	0	0	0.000915115	
0.943884	0.0182625	0	0.00524731	0.103592	0	0	0	0.000914267	
0.943791	0.018271	0	0.00524976	0.103192	0	0	0	0.000913435	
0.943699	0.0182795	0	0.00525219	0.102793	0	0	0	0.00091262	
0.943607	0.0182879	0	0.00525461	0.102395	0	0	0	0.000911822	
0.943514	0.0182963	0	0.00525702	0.102	0	0	0	0.000911041	
0.943422	0.0183047	0	0.00525942	0.101605	0	0	0	0.000910277	
0.94333	0.018313	0	0.00526181	0.101213	0	0	0	0.00090953	
0.943237	0.0183212	0	0.00526419	0.100821	0	0	0	0.0009088	
0.943145	0.0183295	0	0.00526656	0.100432	0	0	0	0.000908087	
0.943053	0.0183377	0	0.00526891	0.100044	0	0	0	0.000907392	
0.942961	0.0183458	0	0.00527126	0.099657	0	0	0	0.000906714	
0.942868	0.018354	0	0.00527359	0.0992719	0	0	0	0.000906053	
0.942776	0.018362	0	0.00527591	0.0988882	0	0	0	0.000905409	
0.942684	0.0183701	0	0.00527822	0.098506	0	0	0	0.000904782	
0.942592	0.0183781	0	0.00528052	0.0981253	0	0	0	0.000904174	
0.942499	0.0183861	0	0.00528281	0.0977461	0	0	0	0.000903582	
0.942407	0.018394	0	0.00528509	0.0973684	0	0	0	0.000903008	
0.942315	0.0184019	0	0.00528736	0.0969921	0	0	0	0.000902452	
0.942223	0.0184098	0	0.00528962	0.0966172	0	0	0	0.000901914	
0.942131	0.0184176	0	0.00529187	0.0962439	0	0	0	0.000901393	
0.942039	0.0184254	0	0.0052941	0.0958719	0	0	0	0.00090089	
0.941946	0.0184331	0	0.00529633	0.0955014	0	0	0	0.000900405	
0.941854	0.0184408	0	0.00529854	0.0951324	0	0	0	0.000899938	
0.941762	0.0184485	0	0.00530075	0.0947647	0	0	0	0.00089949	
0.94167	0.0184561	0	0.00530294	0.0943985	0	0	0	0.000899059	
0.941578	0.0184637	0	0.00530513	0.0940338	0	0	0	0.000898647	
0.941486	0.0184713	0	0.0053073	0.0936704	0	0	0	0.000898253	
0.941394	0.0184788	0	0.00530946	0.0933084	0	0	0	0.000897878	
0.941302	0.0184863	0	0.00531162	0.0929479	0	0	0	0.000897522	
0.94121	0.0184938	0	0.00531376	0.0925887	0	0	0	0.000897184	
0.941118	0.0185012	0	0.00531589	0.0922309	0	0	0	0.000896865	
0.941026	0.0185086	0	0.00531801	0.0918745	0	0	0	0.000896565	
0.940933	0.0185159	0	0.00532013	0.0915195	0	0	0	0.000896284	
0.940841	0.0185232	0	0.00532223	0.0911659	0	0	0	0.000896023	
0.940749	0.0185305	0	0.00532432	0.0908137	0	0	0	0.000895781	
0.940657	0.0185378	0	0.0053264	0.0904628	0	0	0	0.000895559	
0.940565	0.018545	0	0.00532847	0.0901132	0	0	0	0.000895356	
0.940473	0.0185522	0	0.00533054	0.089765	0	0	0	0.000895173	
0.940381	0.0185593	0	0.00533259	0.0894182	0	0	0	0.000895011	
0.940289	0.0185664	0	0.00533463	0.0890727	0	0	0	0.000894868	
0.940197	0.0185735	0	0.00533666	0.0887286	0	0	0	0.000894746	
0.940106	0.0185805	0	0.00533869	0.0883857	0	0	0	0.000894645	
0.940014	0.0185875	0	0.0053407	0.0880443	0	0	0	0.000894564	
0.939922	0.0185945	0	0.0053427	0.0877041	0	0	0	0.000894505	
0.93983	0.0186014	0	0.0053447	0.0873652	0	0	0	0.000894466	
0.939738	0.0186084	0	0.00534668	0.0870277	0	0	0	0.000894449	
0.939646	0.0186152	0	0.00534866	0.0866915	0	0	0	0.000894454	
0.939554	0.0186221	0	0.00535062	0.0863566	0	0	0	0.00089448	
0.939462	0.0186289	0	0.00535258	0.0860229	0	0	0	0.000894529	
0.93937	0.0186356	0	0.00535452	0.0856906	0	0	0	0.0008946	
0.939278	0.0186424	0	0.00535646	0.0853595	0	0	0	0.000894694	
0.939186	0.0186491	0	0.00535839	0.0850298	0	0	0	0.00089481	
0.939095	0.0186558	0	0.00536031	0.0847013	0	0	0	0.000894949	
0.939003	0.0186624	0	0.00536222	0.0843741	0	0	0	0.000895112	
0.938911	0.018669	0	0.00536411	0.0840481	0	0	0	0.000895299	
0.938819	0.0186756	0	0.00536601	0.0837234	0	0	0	0.00089551	
0.938727	0.0186822	0	0.00536789	0.0834	0	0	0	0.000895745	
0.938636	0.0186887	0	0.00536976	0.0830779	0	0	0	0.000896005	
0.938544	0.0186952	0	0.00537162	0.0827569	0	0	0	0.00089629	
0.938452	0.0187016	0	0.00537348	0.0824372	0	0	0	0.0008966	
0.93836	0.018708	0	0.00537532	0.0821188	0	0	0	0.000896936	
0.938268	0.0187144	0	0.00537716	0.0818016	0	0	0	0.000897298	
0.938177	0.0187208	0	0.00537898	0.0814856	0	0	0	0.000897686	
0.938085	0.0187271	0	0.0053808	0.0811709	0	0	0	0.000898102	
0.937993	0.0187334	0	0.00538261	0.0808573	0	0	0	0.000898545	
0.937901	0.0187397	0	0.00538441	0.080545	0	0	0	0.000899016	
0.93781	0.0187459	0	0.0053862	0.0802339	0	0	0	0.000899515	
0.937718	0.0187521	0	0.00538798	0.079924	0	0	0	0.000900043	
0.937626	0.0187583	0	0.00538976	0.0796153	0	0	0	0.0009006	
0.937535	0.0187644	0	0.00539152	0.0793078	0	0	0	0.000901187	
0.937443	0.0187705	0	0.00539328	0.0790015	0	0	0	0.000901804	
0.937351	0.0187766	0	0.00539503	0.0786963	0	0	0	0.000902453	
0.93726	0.0187827	0	0.00539677	0.0783924	0	0	0	0.000903132	
0.937168	0.0187887	0	0.0053985	0.0780896	0	0	0	0.000903844	
0.937076	0.0187947	0	0.00540022	0.077788	0	0	0	0.000904589	
0.936985	0.0188007	0	0.00540193	0.0774876	0	0	0	0.000905368	
0.936893	0.0188066	0	0.00540364	0.0771883	0	0	0	0.00090618	
0.936801	0.0188125	0	0.00540534	0.0768902	0	0	0	0.000907028	
0.93671	0.0188184	0	0.00540703	0.0765933	0	0	0	0.000907911	
0.936618	0.0188242	0	0.00540871	0.0762975	0	0	0	0.000908831	
0.936527	0.01883	0	0.00541038	0.0760028	0	0	0	0.000909789	
0.936435	0.0188358	0	0.00541204	0.0757093	0	0	0	0.000910785	
0.936343	0.0188416	0	0.0054137	0.075417	0	0	0	0.00091182	
0.936252	0.0188473	0	0.00541534	0.0751257	0	0	0	0.000912895	
0.93616	0.018853	0	0.00541698	0.0748356	0	0	0	0.000914012	
0.936069	0.0188587	0	0.00541861	0.0745466	0	0	0	0.000915172	
0.935977	0.0188643	0	0.00542024	0.0742588	0	0	0	0.000916375	
0.935886	0.01887	0	0.00542185	0.073972	0	0	0	0.000917623	
0.935794	0.0188756	0	0.00542346	0.0736864	0	0	0	0.000918917	
0.935703	0.0188811	0	0.00542506	0.0734018	0	0	0	0.000920259	
0.935611	0.0188867	0	0.00542665	0.0731184	0	0	0	0.00092165	
0.93552	0.0188922	0	0.00542823	0.0728361	0	0	0	0.000923092	
0.935428	0.0188977	0	0.00542981	0.0725549	0	0	0	0.000924586	
0.935337	0.0189031	0	0.00543137	0.0722747	0	0	0	0.000926134	
0.935245	0.0189085	0	0.00543293	0.0719957	0	0	0	0.000927739	
0.935154	0.0189139	0	0.00543448	0.0717177	0	0	0	0.000929401	
0.935062	0.0189193	0	0.00543603	0.0714408	0	0	0	0.000931124	
0.934971	0.0189247	0	0.00543756	0.071165	0	0	0	0.00093291	
0.93488	0.01893	0	0.00543909	0.0708902	0	0	0	0.00093476	
0.934788	0.0189353	0	0.00544061	0.0706165	0	0	0	0.000936679	
0.934697	0.0189405	0	0.00544213	0.0703439	0	0	0	0.000938668	
0.934605	0.0189458	0	0.00544363	0.0700723	0	0	0	0.000940731	
0.934514	0.018951	0	0.00544513	0.0698018	0	0	0	0.000942871	
0.934423	0.0189562	0	0.00544662	0.0695323	0	0	0	0.000945092	
0.934331	0.0189613	0	0.0054481	0.0692639	0	0	0	0.000947399	
0.93424	0.0189665	0	0.00544958	0.0689965	0	0	0	0.000949794	
0.934149	0.0189716	0	0.00545105	0.0687302	0	0	0	0.000952284	
0.934057	0.0189767	0	0.00545251	0.0684649	0	0	0	0.000954873	
0.933966	0.0189817	0	0.00545396	0.0682006	0	0	0	0.000957568	
0.933875	0.0189868	0	0.00545541	0.0679373	0	0	0	0.000960374	
0.933783	0.0189918	0	0.00545685	0.0676751	0	0	0	0.000963298	
0.933692	0.0189968	0	0.00545828	0.0674139	0	0	0	0.000966349	
0.933601	0.0190017	0	0.00545971	0.0671537	0	0	0	0.000969534	
0.933509	0.0190067	0	0.00546113	0.0668945	0	0	0	0.000972864	
0.933418	0.0190116	0	0.00546254	0.0666363	0	0	0	0.000976348	
0.933327	0.0190165	0	0.00546394	0.0663791	0	0	0	0.00098	
0.933236	0.0190213	0	0.00546534	0.0661229	0	0	0	0.000983831	
0.933144	0.0190262	0	0.00546673	0.0658677	0	0	0	0.000987858	
