1	0	0	0	1	0	0	0	1	
0.999935	1.17792e-06	0	2.67397e-07	0.995046	0	0	0	0.980802	
0.999871	4.6255e-06	0	1.05069e-06	0.990157	0	0	0	0.962252	
0.999808	1.0239e-05	0	2.3257e-06	0.985296	0	0	0	0.944055	
0.999744	1.79148e-05	0	4.06885e-06	0.980462	0	0	0	0.926207	
0.999681	2.75567e-05	0	6.25837e-06	0.975654	0	0	0	0.908699	
0.999618	3.90758e-05	0	8.87402e-06	0.970874	0	0	0	0.891526	
0.999556	5.2389e-05	0	1.1897e-05	0.966119	0	0	0	0.874681	
0.999493	6.74188e-05	0	1.53096e-05	0.96139	0	0	0	0.858157	
0.999431	8.40925e-05	0	1.90954e-05	0.956687	0	0	0	0.841949	
0.99937	0.000102342	0	2.32389e-05	0.95201	0	0	0	0.82605	
0.999308	0.000122102	0	2.77255e-05	0.947358	0	0	0	0.810454	
0.999247	0.000143314	0	3.25414e-05	0.942731	0	0	0	0.795156	
0.999186	0.000165918	0	3.76735e-05	0.938129	0	0	0	0.780149	
0.999125	0.00018986	0	4.31095e-05	0.933552	0	0	0	0.765429	
0.999064	0.000215089	0	4.88375e-05	0.928999	0	0	0	0.750989	
0.999004	0.000241556	0	5.48464e-05	0.924471	0	0	0	0.736825	
0.998944	0.000269212	0	6.11255e-05	0.919966	0	0	0	0.72293	
0.998883	0.000298014	0	6.76646e-05	0.915486	0	0	0	0.7093	
0.998824	0.000327919	0	7.4454e-05	0.911029	0	0	0	0.69593	
0.998764	0.000358884	0	8.14842e-05	0.906596	0	0	0	0.682814	
0.998704	0.000390871	0	8.87464e-05	0.902186	0	0	0	0.669948	
0.998645	0.000423842	0	9.6232e-05	0.8978	0	0	0	0.657328	
0.998586	0.000457761	0	0.000103933	0.893436	0	0	0	0.644947	
0.998527	0.000492592	0	0.000111841	0.889095	0	0	0	0.632802	
0.998468	0.000528302	0	0.000119948	0.884777	0	0	0	0.620888	
0.998409	0.000564859	0	0.000128248	0.880482	0	0	0	0.609202	
0.998351	0.000602232	0	0.000136732	0.876209	0	0	0	0.597737	
0.998293	0.000640389	0	0.000145395	0.871958	0	0	0	0.586491	
0.998234	0.000679303	0	0.00015423	0.867729	0	0	0	0.575458	
0.998176	0.000718945	0	0.00016323	0.863522	0	0	0	0.564636	
0.998118	0.000759289	0	0.000172389	0.859337	0	0	0	0.554019	
0.99806	0.000800307	0	0.000181701	0.855174	0	0	0	0.543604	
0.998003	0.000841975	0	0.000191161	0.851032	0	0	0	0.533387	
0.997945	0.000884268	0	0.000200763	0.846911	0	0	0	0.523365	
0.997888	0.000927162	0	0.000210501	0.842812	0	0	0	0.513533	
0.99783	0.000970636	0	0.000220371	0.838733	0	0	0	0.503887	
0.997773	0.00101467	0	0.000230367	0.834676	0	0	0	0.494426	
0.997716	0.00105923	0	0.000240484	0.830639	0	0	0	0.485144	
0.997659	0.00110431	0	0.000250718	0.826623	0	0	0	0.476038	
0.997602	0.00114988	0	0.000261065	0.822627	0	0	0	0.467105	
0.997546	0.00119593	0	0.000271518	0.818652	0	0	0	0.458342	
0.997489	0.00124243	0	0.000282075	0.814697	0	0	0	0.449746	
0.997432	0.00128937	0	0.000292732	0.810762	0	0	0	0.441313	
0.997376	0.00133672	0	0.000303483	0.806848	0	0	0	0.433039	
0.997319	0.00138448	0	0.000314325	0.802953	0	0	0	0.424923	
0.997263	0.00143262	0	0.000325255	0.799078	0	0	0	0.416962	
0.997207	0.00148114	0	0.000336269	0.795222	0	0	0	0.409151	
0.997151	0.00153	0	0.000347362	0.791386	0	0	0	0.401488	
0.997095	0.0015792	0	0.000358532	0.787569	0	0	0	0.393971	
0.997039	0.00162872	0	0.000369775	0.783772	0	0	0	0.386597	
0.996983	0.00167855	0	0.000381088	0.779994	0	0	0	0.379362	
0.996927	0.00172868	0	0.000392467	0.776235	0	0	0	0.372265	
0.996872	0.00177908	0	0.00040391	0.772494	0	0	0	0.365302	
0.996816	0.00182975	0	0.000415414	0.768773	0	0	0	0.358472	
0.996761	0.00188067	0	0.000426974	0.76507	0	0	0	0.351771	
0.996705	0.00193184	0	0.00043859	0.761386	0	0	0	0.345197	
0.99665	0.00198323	0	0.000450257	0.75772	0	0	0	0.338747	
0.996595	0.00203484	0	0.000461974	0.754073	0	0	0	0.33242	
0.99654	0.00208665	0	0.000473737	0.750444	0	0	0	0.326213	
0.996484	0.00213866	0	0.000485544	0.746833	0	0	0	0.320124	
0.996429	0.00219085	0	0.000497393	0.74324	0	0	0	0.31415	
0.996374	0.00224322	0	0.000509281	0.739665	0	0	0	0.308289	
0.996319	0.00229574	0	0.000521205	0.736108	0	0	0	0.302539	
0.996265	0.00234842	0	0.000533164	0.732569	0	0	0	0.296898	
0.99621	0.00240124	0	0.000545156	0.729047	0	0	0	0.291364	
0.996155	0.00245419	0	0.000557177	0.725543	0	0	0	0.285935	
0.9961	0.00250726	0	0.000569227	0.722056	0	0	0	0.280609	
0.996046	0.00256045	0	0.000581302	0.718587	0	0	0	0.275383	
0.995991	0.00261375	0	0.000593402	0.715135	0	0	0	0.270257	
0.995937	0.00266714	0	0.000605523	0.7117	0	0	0	0.265227	
0.995882	0.00272062	0	0.000617665	0.708282	0	0	0	0.260293	
0.995828	0.00277419	0	0.000629825	0.704881	0	0	0	0.255452	
0.995773	0.00282782	0	0.000642002	0.701496	0	0	0	0.250702	
0.995719	0.00288152	0	0.000654193	0.698129	0	0	0	0.246043	
0.995665	0.00293528	0	0.000666398	0.694778	0	0	0	0.241472	
0.995611	0.0029891	0	0.000678614	0.691444	0	0	0	0.236987	
0.995557	0.00304295	0	0.000690841	0.688126	0	0	0	0.232587	
0.995502	0.00309684	0	0.000703075	0.684825	0	0	0	0.22827	
0.995448	0.00315076	0	0.000715317	0.68154	0	0	0	0.224035	
0.995394	0.00320471	0	0.000727564	0.678271	0	0	0	0.21988	
0.99534	0.00325868	0	0.000739816	0.675018	0	0	0	0.215803	
0.995287	0.00331265	0	0.00075207	0.671781	0	0	0	0.211804	
0.995233	0.00336663	0	0.000764325	0.66856	0	0	0	0.20788	
0.995179	0.00342062	0	0.00077658	0.665355	0	0	0	0.20403	
0.995125	0.00347459	0	0.000788835	0.662166	0	0	0	0.200253	
0.995071	0.00352856	0	0.000801086	0.658992	0	0	0	0.196547	
0.995018	0.00358251	0	0.000813334	0.655834	0	0	0	0.192912	
0.994964	0.00363644	0	0.000825578	0.652692	0	0	0	0.189345	
0.99491	0.00369034	0	0.000837815	0.649565	0	0	0	0.185845	
0.994857	0.00374422	0	0.000850045	0.646453	0	0	0	0.182411	
0.994803	0.00379805	0	0.000862267	0.643357	0	0	0	0.179043	
0.99475	0.00385185	0	0.00087448	0.640275	0	0	0	0.175737	
0.994696	0.0039056	0	0.000886683	0.637209	0	0	0	0.172495	
0.994643	0.0039593	0	0.000898875	0.634158	0	0	0	0.169313	
0.994589	0.00401295	0	0.000911055	0.631122	0	0	0	0.166191	
0.994536	0.00406654	0	0.000923221	0.6281	0	0	0	0.163129	
0.994483	0.00412007	0	0.000935374	0.625094	0	0	0	0.160124	
0.994429	0.00417354	0	0.000947512	0.622102	0	0	0	0.157176	
0.994376	0.00422694	0	0.000959634	0.619124	0	0	0	0.154283	
0.994323	0.00428026	0	0.00097174	0.616162	0	0	0	0.151445	
0.99427	0.00433351	0	0.000983829	0.613213	0	0	0	0.14866	
0.994216	0.00438668	0	0.000995899	0.610279	0	0	0	0.145928	
0.994163	0.00443976	0	0.00100795	0.60736	0	0	0	0.143247	
0.99411	0.00449276	0	0.00101998	0.604454	0	0	0	0.140617	
0.994057	0.00454567	0	0.001032	0.601563	0	0	0	0.138036	
0.994004	0.00459849	0	0.00104399	0.598686	0	0	0	0.135504	
0.993951	0.00465122	0	0.00105596	0.595823	0	0	0	0.13302	
0.993898	0.00470384	0	0.0010679	0.592974	0	0	0	0.130583	
0.993845	0.00475637	0	0.00107983	0.590138	0	0	0	0.128191	
0.993792	0.00480879	0	0.00109173	0.587317	0	0	0	0.125844	
0.993739	0.00486111	0	0.00110361	0.584509	0	0	0	0.123542	
0.993686	0.00491332	0	0.00111546	0.581715	0	0	0	0.121283	
0.993633	0.00496541	0	0.00112729	0.578934	0	0	0	0.119066	
0.99358	0.0050174	0	0.00113909	0.576167	0	0	0	0.116891	
0.993528	0.00506927	0	0.00115086	0.573413	0	0	0	0.114757	
0.993475	0.00512102	0	0.00116261	0.570673	0	0	0	0.112663	
0.993422	0.00517265	0	0.00117433	0.567946	0	0	0	0.110608	
0.993369	0.00522416	0	0.00118603	0.565232	0	0	0	0.108592	
0.993316	0.00527554	0	0.00119769	0.562532	0	0	0	0.106614	
0.993264	0.0053268	0	0.00120933	0.559844	0	0	0	0.104673	
0.993211	0.00537793	0	0.00122094	0.55717	0	0	0	0.102769	
0.993158	0.00542893	0	0.00123252	0.554508	0	0	0	0.1009	
0.993106	0.0054798	0	0.00124406	0.551859	0	0	0	0.0990664	
0.993053	0.00553054	0	0.00125558	0.549224	0	0	0	0.0972672	
0.993001	0.00558114	0	0.00126707	0.546601	0	0	0	0.0955018	
0.992948	0.00563161	0	0.00127853	0.54399	0	0	0	0.0937695	
0.992895	0.00568194	0	0.00128995	0.541392	0	0	0	0.0920698	
0.992843	0.00573212	0	0.00130135	0.538807	0	0	0	0.0904019	
0.99279	0.00578217	0	0.00131271	0.536235	0	0	0	0.0887653	
0.992738	0.00583208	0	0.00132404	0.533675	0	0	0	0.0871593	
0.992685	0.00588184	0	0.00133534	0.531127	0	0	0	0.0855835	
0.992633	0.00593146	0	0.0013466	0.528591	0	0	0	0.0840373	
0.99258	0.00598093	0	0.00135783	0.526068	0	0	0	0.08252	
0.992528	0.00603026	0	0.00136903	0.523557	0	0	0	0.0810311	
0.992475	0.00607943	0	0.0013802	0.521058	0	0	0	0.0795701	
0.992423	0.00612846	0	0.00139133	0.518571	0	0	0	0.0781365	
0.992371	0.00617734	0	0.00140242	0.516096	0	0	0	0.0767297	
0.992318	0.00622606	0	0.00141348	0.513633	0	0	0	0.0753493	
0.992266	0.00627464	0	0.00142451	0.511182	0	0	0	0.0739947	
0.992214	0.00632306	0	0.0014355	0.508743	0	0	0	0.0726654	
0.992161	0.00637132	0	0.00144646	0.506316	0	0	0	0.071361	
0.992109	0.00641944	0	0.00145738	0.5039	0	0	0	0.070081	
0.992057	0.00646739	0	0.00146827	0.501496	0	0	0	0.068825	
0.992004	0.00651519	0	0.00147912	0.499103	0	0	0	0.0675924	
0.991952	0.00656283	0	0.00148994	0.496722	0	0	0	0.0663828	
0.9919	0.00661032	0	0.00150072	0.494353	0	0	0	0.0651959	
0.991848	0.00665764	0	0.00151146	0.491995	0	0	0	0.0640311	
0.991795	0.00670481	0	0.00152217	0.489648	0	0	0	0.0628881	
0.991743	0.00675181	0	0.00153284	0.487312	0	0	0	0.0617664	
0.991691	0.00679866	0	0.00154348	0.484988	0	0	0	0.0606657	
0.991639	0.00684534	0	0.00155407	0.482675	0	0	0	0.0595855	
0.991587	0.00689187	0	0.00156464	0.480373	0	0	0	0.0585255	
0.991535	0.00693823	0	0.00157516	0.478083	0	0	0	0.0574852	
0.991482	0.00698443	0	0.00158565	0.475803	0	0	0	0.0564643	
0.99143	0.00703046	0	0.0015961	0.473534	0	0	0	0.0554625	
0.991378	0.00707633	0	0.00160651	0.471276	0	0	0	0.0544793	
0.991326	0.00712204	0	0.00161689	0.469029	0	0	0	0.0535145	
0.991274	0.00716759	0	0.00162723	0.466793	0	0	0	0.0525676	
0.991222	0.00721297	0	0.00163753	0.464567	0	0	0	0.0516383	
0.99117	0.00725818	0	0.0016478	0.462353	0	0	0	0.0507264	
0.991118	0.00730323	0	0.00165803	0.460148	0	0	0	0.0498314	
0.991066	0.00734812	0	0.00166822	0.457955	0	0	0	0.0489531	
0.991014	0.00739284	0	0.00167837	0.455772	0	0	0	0.0480911	
0.990962	0.0074374	0	0.00168848	0.453599	0	0	0	0.0472452	
0.99091	0.00748178	0	0.00169856	0.451437	0	0	0	0.046415	
0.990858	0.00752601	0	0.0017086	0.449286	0	0	0	0.0456002	
0.990806	0.00757006	0	0.0017186	0.447144	0	0	0	0.0448005	
0.990754	0.00761396	0	0.00172857	0.445013	0	0	0	0.0440157	
0.990702	0.00765768	0	0.00173849	0.442892	0	0	0	0.0432455	
0.99065	0.00770124	0	0.00174838	0.440782	0	0	0	0.0424895	
0.990598	0.00774463	0	0.00175823	0.438681	0	0	0	0.0417476	
0.990546	0.00778785	0	0.00176805	0.436591	0	0	0	0.0410195	
0.990494	0.00783091	0	0.00177782	0.43451	0	0	0	0.0403049	
0.990442	0.0078738	0	0.00178756	0.43244	0	0	0	0.0396035	
0.99039	0.00791653	0	0.00179726	0.430379	0	0	0	0.0389151	
0.990338	0.00795909	0	0.00180692	0.428329	0	0	0	0.0382394	
0.990286	0.00800148	0	0.00181654	0.426288	0	0	0	0.0375763	
0.990234	0.00804371	0	0.00182613	0.424257	0	0	0	0.0369255	
0.990183	0.00808577	0	0.00183568	0.422236	0	0	0	0.0362867	
0.990131	0.00812766	0	0.00184519	0.420224	0	0	0	0.0356597	
0.990079	0.00816939	0	0.00185466	0.418222	0	0	0	0.0350443	
0.990027	0.00821095	0	0.0018641	0.41623	0	0	0	0.0344403	
0.989975	0.00825234	0	0.0018735	0.414247	0	0	0	0.0338474	
0.989923	0.00829357	0	0.00188286	0.412274	0	0	0	0.0332655	
0.989872	0.00833463	0	0.00189218	0.41031	0	0	0	0.0326944	
0.98982	0.00837553	0	0.00190146	0.408355	0	0	0	0.0321338	
0.989768	0.00841626	0	0.00191071	0.40641	0	0	0	0.0315835	
0.989716	0.00845683	0	0.00191992	0.404474	0	0	0	0.0310434	
0.989664	0.00849723	0	0.00192909	0.402548	0	0	0	0.0305133	
0.989613	0.00853747	0	0.00193823	0.400631	0	0	0	0.0299929	
0.989561	0.00857754	0	0.00194732	0.398723	0	0	0	0.0294821	
0.989509	0.00861745	0	0.00195638	0.396824	0	0	0	0.0289807	
0.989457	0.00865719	0	0.00196541	0.394934	0	0	0	0.0284886	
0.989406	0.00869677	0	0.00197439	0.393053	0	0	0	0.0280055	
0.989354	0.00873619	0	0.00198334	0.391181	0	0	0	0.0275313	
0.989302	0.00877544	0	0.00199225	0.389318	0	0	0	0.0270658	
0.989251	0.00881453	0	0.00200112	0.387464	0	0	0	0.0266089	
0.989199	0.00885345	0	0.00200996	0.385619	0	0	0	0.0261604	
0.989147	0.00889222	0	0.00201876	0.383783	0	0	0	0.0257201	
0.989095	0.00893082	0	0.00202752	0.381956	0	0	0	0.0252879	
0.989044	0.00896926	0	0.00203625	0.380137	0	0	0	0.0248636	
0.988992	0.00900753	0	0.00204494	0.378327	0	0	0	0.0244471	
0.98894	0.00904565	0	0.00205359	0.376526	0	0	0	0.0240382	
0.988889	0.00908361	0	0.00206221	0.374733	0	0	0	0.0236369	
0.988837	0.0091214	0	0.00207079	0.372949	0	0	0	0.0232429	
0.988786	0.00915903	0	0.00207934	0.371173	0	0	0	0.0228561	
0.988734	0.00919651	0	0.00208784	0.369406	0	0	0	0.0224763	
0.988682	0.00923382	0	0.00209631	0.367647	0	0	0	0.0221036	
0.988631	0.00927098	0	0.00210475	0.365897	0	0	0	0.0217376	
0.988579	0.00930797	0	0.00211315	0.364155	0	0	0	0.0213783	
0.988527	0.00934481	0	0.00212151	0.362422	0	0	0	0.0210256	
0.988476	0.00938149	0	0.00212984	0.360696	0	0	0	0.0206793	
0.988424	0.00941801	0	0.00213813	0.358979	0	0	0	0.0203394	
0.988373	0.00945437	0	0.00214638	0.357271	0	0	0	0.0200056	
0.988321	0.00949058	0	0.0021546	0.35557	0	0	0	0.0196779	
0.988269	0.00952663	0	0.00216279	0.353877	0	0	0	0.0193562	
0.988218	0.00956253	0	0.00217094	0.352193	0	0	0	0.0190404	
0.988166	0.00959826	0	0.00217905	0.350517	0	0	0	0.0187303	
0.988115	0.00963385	0	0.00218713	0.348848	0	0	0	0.0184258	
0.988063	0.00966927	0	0.00219517	0.347188	0	0	0	0.0181269	
0.988012	0.00970455	0	0.00220318	0.345535	0	0	0	0.0178334	
0.98796	0.00973967	0	0.00221115	0.343891	0	0	0	0.0175453	
0.987909	0.00977463	0	0.00221909	0.342254	0	0	0	0.0172624	
0.987857	0.00980944	0	0.00222699	0.340625	0	0	0	0.0169846	
0.987806	0.0098441	0	0.00223486	0.339004	0	0	0	0.0167118	
0.987754	0.00987861	0	0.0022427	0.337391	0	0	0	0.016444	
0.987702	0.00991296	0	0.00225049	0.335785	0	0	0	0.016181	
0.987651	0.00994717	0	0.00225826	0.334187	0	0	0	0.0159228	
0.987599	0.00998122	0	0.00226599	0.332596	0	0	0	0.0156693	
0.987548	0.0100151	0	0.00227369	0.331014	0	0	0	0.0154203	
0.987497	0.0100489	0	0.00228135	0.329438	0	0	0	0.0151758	
0.987445	0.0100825	0	0.00228898	0.327871	0	0	0	0.0149358	
0.987394	0.0101159	0	0.00229657	0.32631	0	0	0	0.0147001	
0.987342	0.0101492	0	0.00230413	0.324758	0	0	0	0.0144686	
0.987291	0.0101824	0	0.00231166	0.323212	0	0	0	0.0142413	
0.987239	0.0102154	0	0.00231915	0.321674	0	0	0	0.0140181	
0.987188	0.0102483	0	0.00232661	0.320144	0	0	0	0.0137989	
0.987136	0.010281	0	0.00233404	0.31862	0	0	0	0.0135837	
0.987085	0.0103135	0	0.00234143	0.317104	0	0	0	0.0133723	
0.987033	0.010346	0	0.00234879	0.315595	0	0	0	0.0131648	
0.986982	0.0103782	0	0.00235612	0.314094	0	0	0	0.0129609	
0.986931	0.0104104	0	0.00236342	0.312599	0	0	0	0.0127607	
0.986879	0.0104423	0	0.00237068	0.311112	0	0	0	0.0125641	
0.986828	0.0104742	0	0.00237791	0.309632	0	0	0	0.012371	
0.986776	0.0105059	0	0.0023851	0.308159	0	0	0	0.0121814	
0.986725	0.0105374	0	0.00239227	0.306692	0	0	0	0.0119952	
0.986674	0.0105689	0	0.0023994	0.305233	0	0	0	0.0118123	
0.986622	0.0106001	0	0.0024065	0.303781	0	0	0	0.0116326	
0.986571	0.0106313	0	0.00241356	0.302336	0	0	0	0.0114562	
0.986519	0.0106622	0	0.0024206	0.300897	0	0	0	0.0112829	
0.986468	0.0106931	0	0.0024276	0.299466	0	0	0	0.0111127	
0.986417	0.0107238	0	0.00243457	0.298041	0	0	0	0.0109455	
0.986365	0.0107544	0	0.00244151	0.296623	0	0	0	0.0107813	
0.986314	0.0107848	0	0.00244842	0.295212	0	0	0	0.01062	
0.986263	0.0108151	0	0.0024553	0.293808	0	0	0	0.0104616	
0.986211	0.0108452	0	0.00246214	0.29241	0	0	0	0.010306	
0.98616	0.0108753	0	0.00246896	0.291019	0	0	0	0.0101532	
0.986108	0.0109051	0	0.00247574	0.289635	0	0	0	0.010003	
0.986057	0.0109349	0	0.00248249	0.288257	0	0	0	0.00985556	
0.986006	0.0109645	0	0.00248921	0.286886	0	0	0	0.00971069	
0.985954	0.010994	0	0.0024959	0.285521	0	0	0	0.00956839	
0.985903	0.0110233	0	0.00250256	0.284163	0	0	0	0.00942859	
0.985852	0.0110525	0	0.00250919	0.282811	0	0	0	0.00929127	
0.9858	0.0110816	0	0.00251579	0.281466	0	0	0	0.00915636	
0.985749	0.0111105	0	0.00252236	0.280127	0	0	0	0.00902383	
0.985698	0.0111393	0	0.0025289	0.278795	0	0	0	0.00889363	
0.985647	0.011168	0	0.00253541	0.277469	0	0	0	0.00876572	
0.985595	0.0111965	0	0.00254188	0.276149	0	0	0	0.00864006	
0.985544	0.0112249	0	0.00254833	0.274835	0	0	0	0.00851661	
0.985493	0.0112532	0	0.00255475	0.273528	0	0	0	0.00839531	
0.985441	0.0112813	0	0.00256114	0.272227	0	0	0	0.00827615	
0.98539	0.0113093	0	0.0025675	0.270932	0	0	0	0.00815906	
0.985339	0.0113372	0	0.00257383	0.269644	0	0	0	0.00804403	
0.985288	0.011365	0	0.00258013	0.268361	0	0	0	0.007931	
0.985236	0.0113926	0	0.0025864	0.267085	0	0	0	0.00781995	
0.985185	0.0114201	0	0.00259264	0.265815	0	0	0	0.00771083	
0.985134	0.0114474	0	0.00259886	0.26455	0	0	0	0.00760361	
0.985083	0.0114747	0	0.00260504	0.263292	0	0	0	0.00749826	
0.985031	0.0115018	0	0.0026112	0.26204	0	0	0	0.00739474	
0.98498	0.0115288	0	0.00261732	0.260794	0	0	0	0.00729302	
0.984929	0.0115557	0	0.00262342	0.259554	0	0	0	0.00719306	
0.984878	0.0115824	0	0.00262949	0.258319	0	0	0	0.00709483	
0.984826	0.011609	0	0.00263553	0.257091	0	0	0	0.0069983	
0.984775	0.0116355	0	0.00264155	0.255868	0	0	0	0.00690344	
0.984724	0.0116619	0	0.00264753	0.254651	0	0	0	0.00681021	
0.984673	0.0116881	0	0.00265349	0.25344	0	0	0	0.0067186	
0.984622	0.0117142	0	0.00265942	0.252235	0	0	0	0.00662856	
0.98457	0.0117402	0	0.00266532	0.251035	0	0	0	0.00654008	
0.984519	0.0117661	0	0.0026712	0.249842	0	0	0	0.00645311	
0.984468	0.0117919	0	0.00267705	0.248654	0	0	0	0.00636764	
0.984417	0.0118175	0	0.00268287	0.247471	0	0	0	0.00628363	
0.984366	0.011843	0	0.00268866	0.246294	0	0	0	0.00620106	
0.984314	0.0118684	0	0.00269442	0.245123	0	0	0	0.00611991	
0.984263	0.0118937	0	0.00270016	0.243957	0	0	0	0.00604014	
0.984212	0.0119188	0	0.00270587	0.242797	0	0	0	0.00596173	
0.984161	0.0119439	0	0.00271156	0.241643	0	0	0	0.00588466	
0.98411	0.0119688	0	0.00271722	0.240494	0	0	0	0.0058089	
0.984058	0.0119936	0	0.00272285	0.23935	0	0	0	0.00573443	
0.984007	0.0120183	0	0.00272845	0.238212	0	0	0	0.00566123	
0.983956	0.0120429	0	0.00273403	0.237079	0	0	0	0.00558927	
0.983905	0.0120673	0	0.00273958	0.235952	0	0	0	0.00551852	
0.983854	0.0120917	0	0.00274511	0.23483	0	0	0	0.00544897	
0.983803	0.0121159	0	0.00275061	0.233714	0	0	0	0.0053806	
0.983752	0.01214	0	0.00275608	0.232602	0	0	0	0.00531338	
0.9837	0.012164	0	0.00276153	0.231496	0	0	0	0.00524729	
0.983649	0.0121879	0	0.00276695	0.230396	0	0	0	0.00518232	
0.983598	0.0122117	0	0.00277235	0.2293	0	0	0	0.00511844	
0.983547	0.0122353	0	0.00277772	0.22821	0	0	0	0.00505563	
0.983496	0.0122589	0	0.00278307	0.227125	0	0	0	0.00499387	
0.983445	0.0122823	0	0.00278839	0.226045	0	0	0	0.00493314	
0.983394	0.0123056	0	0.00279368	0.22497	0	0	0	0.00487343	
0.983343	0.0123288	0	0.00279895	0.223901	0	0	0	0.00481472	
0.983291	0.012352	0	0.0028042	0.222836	0	0	0	0.00475698	
0.98324	0.0123749	0	0.00280942	0.221777	0	0	0	0.00470021	
0.983189	0.0123978	0	0.00281462	0.220722	0	0	0	0.00464438	
0.983138	0.0124206	0	0.00281979	0.219673	0	0	0	0.00458947	
0.983087	0.0124433	0	0.00282493	0.218628	0	0	0	0.00453548	
0.983036	0.0124658	0	0.00283006	0.217589	0	0	0	0.00448237	
0.982985	0.0124883	0	0.00283515	0.216555	0	0	0	0.00443015	
0.982934	0.0125106	0	0.00284023	0.215525	0	0	0	0.00437878	
0.982883	0.0125329	0	0.00284528	0.2145	0	0	0	0.00432826	
0.982832	0.012555	0	0.0028503	0.213481	0	0	0	0.00427857	
0.982781	0.0125771	0	0.0028553	0.212466	0	0	0	0.00422969	
0.98273	0.012599	0	0.00286028	0.211456	0	0	0	0.00418162	
0.982678	0.0126208	0	0.00286523	0.21045	0	0	0	0.00413433	
0.982627	0.0126425	0	0.00287017	0.20945	0	0	0	0.00408782	
0.982576	0.0126641	0	0.00287507	0.208454	0	0	0	0.00404206	
0.982525	0.0126856	0	0.00287996	0.207463	0	0	0	0.00399705	
0.982474	0.012707	0	0.00288482	0.206477	0	0	0	0.00395277	
0.982423	0.0127284	0	0.00288965	0.205495	0	0	0	0.0039092	
0.982372	0.0127496	0	0.00289447	0.204518	0	0	0	0.00386635	
0.982321	0.0127707	0	0.00289926	0.203546	0	0	0	0.00382418	
0.98227	0.0127917	0	0.00290402	0.202579	0	0	0	0.0037827	
0.982219	0.0128126	0	0.00290877	0.201616	0	0	0	0.00374188	
0.982168	0.0128334	0	0.00291349	0.200657	0	0	0	0.00370172	
0.982117	0.0128541	0	0.00291819	0.199703	0	0	0	0.0036622	
0.982066	0.0128747	0	0.00292287	0.198754	0	0	0	0.00362332	
0.982015	0.0128952	0	0.00292752	0.197809	0	0	0	0.00358506	
0.981964	0.0129156	0	0.00293215	0.196869	0	0	0	0.00354741	
0.981913	0.0129359	0	0.00293677	0.195933	0	0	0	0.00351036	
0.981862	0.0129561	0	0.00294135	0.195002	0	0	0	0.00347389	
0.981811	0.0129762	0	0.00294592	0.194075	0	0	0	0.00343801	
0.98176	0.0129962	0	0.00295046	0.193152	0	0	0	0.0034027	
0.981709	0.0130161	0	0.00295499	0.192234	0	0	0	0.00336794	
0.981658	0.013036	0	0.00295949	0.191321	0	0	0	0.00333373	
0.981607	0.0130557	0	0.00296396	0.190411	0	0	0	0.00330006	
0.981556	0.0130753	0	0.00296842	0.189506	0	0	0	0.00326692	
0.981505	0.0130949	0	0.00297286	0.188605	0	0	0	0.0032343	
0.981454	0.0131143	0	0.00297727	0.187709	0	0	0	0.00320219	
0.981403	0.0131337	0	0.00298167	0.186817	0	0	0	0.00317059	
0.981352	0.0131529	0	0.00298604	0.185929	0	0	0	0.00313947	
0.981301	0.0131721	0	0.00299039	0.185045	0	0	0	0.00310884	
0.98125	0.0131912	0	0.00299472	0.184165	0	0	0	0.00307869	
0.981199	0.0132101	0	0.00299903	0.18329	0	0	0	0.003049	
0.981148	0.013229	0	0.00300332	0.182419	0	0	0	0.00301977	
0.981097	0.0132478	0	0.00300758	0.181552	0	0	0	0.00299099	
0.981047	0.0132665	0	0.00301183	0.180689	0	0	0	0.00296266	
0.980996	0.0132852	0	0.00301606	0.17983	0	0	0	0.00293476	
0.980945	0.0133037	0	0.00302026	0.178975	0	0	0	0.00290729	
0.980894	0.0133221	0	0.00302445	0.178125	0	0	0	0.00288023	
0.980843	0.0133405	0	0.00302862	0.177278	0	0	0	0.0028536	
0.980792	0.0133587	0	0.00303276	0.176436	0	0	0	0.00282736	
0.980741	0.0133769	0	0.00303689	0.175597	0	0	0	0.00280153	
0.98069	0.013395	0	0.00304099	0.174763	0	0	0	0.00277609	
0.980639	0.013413	0	0.00304508	0.173932	0	0	0	0.00275103	
0.980588	0.0134309	0	0.00304914	0.173105	0	0	0	0.00272635	
0.980537	0.0134487	0	0.00305319	0.172283	0	0	0	0.00270204	
0.980486	0.0134665	0	0.00305722	0.171464	0	0	0	0.0026781	
0.980436	0.0134841	0	0.00306122	0.170649	0	0	0	0.00265451	
0.980385	0.0135017	0	0.00306521	0.169838	0	0	0	0.00263128	
0.980334	0.0135191	0	0.00306918	0.169031	0	0	0	0.0026084	
0.980283	0.0135365	0	0.00307313	0.168227	0	0	0	0.00258585	
0.980232	0.0135539	0	0.00307706	0.167428	0	0	0	0.00256364	
0.980181	0.0135711	0	0.00308097	0.166632	0	0	0	0.00254176	
0.98013	0.0135882	0	0.00308486	0.16584	0	0	0	0.00252021	
0.980079	0.0136053	0	0.00308873	0.165052	0	0	0	0.00249897	
0.980028	0.0136223	0	0.00309259	0.164268	0	0	0	0.00247804	
0.979978	0.0136391	0	0.00309642	0.163487	0	0	0	0.00245742	
0.979927	0.013656	0	0.00310024	0.16271	0	0	0	0.0024371	
0.979876	0.0136727	0	0.00310404	0.161937	0	0	0	0.00241708	
0.979825	0.0136893	0	0.00310782	0.161168	0	0	0	0.00239735	
0.979774	0.0137059	0	0.00311158	0.160402	0	0	0	0.0023779	
0.979723	0.0137224	0	0.00311532	0.159639	0	0	0	0.00235874	
0.979672	0.0137388	0	0.00311904	0.158881	0	0	0	0.00233985	
0.979622	0.0137551	0	0.00312275	0.158126	0	0	0	0.00232124	
0.979571	0.0137714	0	0.00312644	0.157374	0	0	0	0.00230289	
0.97952	0.0137875	0	0.00313011	0.156627	0	0	0	0.00228481	
0.979469	0.0138036	0	0.00313376	0.155882	0	0	0	0.00226698	
0.979418	0.0138196	0	0.0031374	0.155142	0	0	0	0.00224941	
0.979367	0.0138356	0	0.00314101	0.154404	0	0	0	0.00223209	
0.979317	0.0138514	0	0.00314461	0.153671	0	0	0	0.00221501	
0.979266	0.0138672	0	0.00314819	0.15294	0	0	0	0.00219818	
0.979215	0.0138829	0	0.00315176	0.152214	0	0	0	0.00218158	
0.979164	0.0138985	0	0.0031553	0.15149	0	0	0	0.00216522	
0.979113	0.0139141	0	0.00315883	0.150771	0	0	0	0.00214908	
0.979062	0.0139295	0	0.00316235	0.150054	0	0	0	0.00213318	
0.979012	0.0139449	0	0.00316584	0.149341	0	0	0	0.00211749	
0.978961	0.0139602	0	0.00316932	0.148631	0	0	0	0.00210202	
0.97891	0.0139755	0	0.00317278	0.147925	0	0	0	0.00208677	
0.978859	0.0139907	0	0.00317622	0.147222	0	0	0	0.00207172	
0.978808	0.0140058	0	0.00317965	0.146523	0	0	0	0.00205689	
0.978758	0.0140208	0	0.00318306	0.145827	0	0	0	0.00204226	
0.978707	0.0140357	0	0.00318645	0.145134	0	0	0	0.00202783	
0.978656	0.0140506	0	0.00318983	0.144444	0	0	0	0.00201359	
0.978605	0.0140654	0	0.00319319	0.143758	0	0	0	0.00199956	
0.978555	0.0140801	0	0.00319653	0.143075	0	0	0	0.00198571	
0.978504	0.0140948	0	0.00319986	0.142395	0	0	0	0.00197205	
0.978453	0.0141094	0	0.00320317	0.141718	0	0	0	0.00195857	
0.978402	0.0141239	0	0.00320647	0.141045	0	0	0	0.00194528	
0.978352	0.0141383	0	0.00320975	0.140375	0	0	0	0.00193216	
0.978301	0.0141527	0	0.00321301	0.139708	0	0	0	0.00191922	
0.97825	0.014167	0	0.00321625	0.139044	0	0	0	0.00190645	
0.978199	0.0141812	0	0.00321948	0.138384	0	0	0	0.00189386	
0.978148	0.0141954	0	0.0032227	0.137726	0	0	0	0.00188143	
0.978098	0.0142095	0	0.0032259	0.137072	0	0	0	0.00186916	
0.978047	0.0142235	0	0.00322908	0.136421	0	0	0	0.00185706	
0.977996	0.0142374	0	0.00323225	0.135772	0	0	0	0.00184512	
0.977946	0.0142513	0	0.0032354	0.135127	0	0	0	0.00183333	
0.977895	0.0142651	0	0.00323853	0.134485	0	0	0	0.0018217	
0.977844	0.0142789	0	0.00324165	0.133846	0	0	0	0.00181022	
0.977793	0.0142926	0	0.00324476	0.133211	0	0	0	0.00179889	
0.977743	0.0143062	0	0.00324785	0.132578	0	0	0	0.0017877	
0.977692	0.0143197	0	0.00325092	0.131948	0	0	0	0.00177666	
0.977641	0.0143332	0	0.00325398	0.131321	0	0	0	0.00176576	
0.97759	0.0143466	0	0.00325703	0.130697	0	0	0	0.00175501	
0.97754	0.0143599	0	0.00326006	0.130076	0	0	0	0.00174439	
0.977489	0.0143732	0	0.00326307	0.129458	0	0	0	0.0017339	
0.977438	0.0143864	0	0.00326607	0.128843	0	0	0	0.00172355	
0.977388	0.0143996	0	0.00326906	0.128231	0	0	0	0.00171333	
0.977337	0.0144127	0	0.00327203	0.127622	0	0	0	0.00170324	
0.977286	0.0144257	0	0.00327498	0.127016	0	0	0	0.00169328	
0.977236	0.0144386	0	0.00327792	0.126412	0	0	0	0.00168344	
0.977185	0.0144515	0	0.00328085	0.125812	0	0	0	0.00167372	
0.977134	0.0144643	0	0.00328376	0.125214	0	0	0	0.00166413	
0.977084	0.0144771	0	0.00328665	0.124619	0	0	0	0.00165466	
0.977033	0.0144898	0	0.00328954	0.124027	0	0	0	0.0016453	
0.976982	0.0145024	0	0.00329241	0.123438	0	0	0	0.00163606	
0.976931	0.014515	0	0.00329526	0.122852	0	0	0	0.00162693	
0.976881	0.0145275	0	0.0032981	0.122268	0	0	0	0.00161792	
0.97683	0.01454	0	0.00330093	0.121687	0	0	0	0.00160902	
0.976779	0.0145523	0	0.00330374	0.121109	0	0	0	0.00160022	
0.976729	0.0145647	0	0.00330654	0.120534	0	0	0	0.00159153	
0.976678	0.0145769	0	0.00330932	0.119961	0	0	0	0.00158295	
0.976628	0.0145891	0	0.00331209	0.119392	0	0	0	0.00157447	
0.976577	0.0146013	0	0.00331485	0.118824	0	0	0	0.0015661	
0.976526	0.0146134	0	0.00331759	0.11826	0	0	0	0.00155782	
0.976476	0.0146254	0	0.00332032	0.117698	0	0	0	0.00154965	
0.976425	0.0146373	0	0.00332303	0.117139	0	0	0	0.00154157	
0.976374	0.0146492	0	0.00332573	0.116583	0	0	0	0.00153359	
0.976324	0.0146611	0	0.00332842	0.116029	0	0	0	0.0015257	
0.976273	0.0146729	0	0.0033311	0.115478	0	0	0	0.00151791	
0.976222	0.0146846	0	0.00333376	0.114929	0	0	0	0.00151021	
0.976172	0.0146962	0	0.00333641	0.114384	0	0	0	0.0015026	
0.976121	0.0147079	0	0.00333904	0.11384	0	0	0	0.00149507	
0.976071	0.0147194	0	0.00334167	0.1133	0	0	0	0.00148764	
0.97602	0.0147309	0	0.00334427	0.112761	0	0	0	0.00148029	
0.975969	0.0147423	0	0.00334687	0.112226	0	0	0	0.00147303	
0.975919	0.0147537	0	0.00334945	0.111693	0	0	0	0.00146586	
0.975868	0.014765	0	0.00335202	0.111162	0	0	0	0.00145876	
0.975818	0.0147763	0	0.00335458	0.110634	0	0	0	0.00145175	
0.975767	0.0147875	0	0.00335713	0.110109	0	0	0	0.00144482	
0.975716	0.0147987	0	0.00335966	0.109586	0	0	0	0.00143796	
0.975666	0.0148098	0	0.00336218	0.109065	0	0	0	0.00143119	
0.975615	0.0148208	0	0.00336468	0.108547	0	0	0	0.00142449	
0.975565	0.0148318	0	0.00336718	0.108032	0	0	0	0.00141787	
0.975514	0.0148427	0	0.00336966	0.107519	0	0	0	0.00141133	
0.975463	0.0148536	0	0.00337213	0.107008	0	0	0	0.00140485	
0.975413	0.0148644	0	0.00337458	0.1065	0	0	0	0.00139845	
0.975362	0.0148752	0	0.00337703	0.105994	0	0	0	0.00139213	
0.975312	0.0148859	0	0.00337946	0.105491	0	0	0	0.00138587	
0.975261	0.0148965	0	0.00338188	0.10499	0	0	0	0.00137968	
0.975211	0.0149072	0	0.00338429	0.104491	0	0	0	0.00137356	
0.97516	0.0149177	0	0.00338668	0.103995	0	0	0	0.00136751	
0.975109	0.0149282	0	0.00338907	0.103501	0	0	0	0.00136153	
0.975059	0.0149386	0	0.00339144	0.103009	0	0	0	0.00135561	
0.975008	0.014949	0	0.0033938	0.10252	0	0	0	0.00134976	
0.974958	0.0149594	0	0.00339615	0.102033	0	0	0	0.00134397	
0.974907	0.0149697	0	0.00339848	0.101549	0	0	0	0.00133824	
0.974857	0.0149799	0	0.00340081	0.101066	0	0	0	0.00133258	
0.974806	0.0149901	0	0.00340312	0.100587	0	0	0	0.00132698	
0.974756	0.0150002	0	0.00340542	0.100109	0	0	0	0.00132144	
0.974705	0.0150103	0	0.00340771	0.0996335	0	0	0	0.00131596	
0.974655	0.0150204	0	0.00340999	0.0991603	0	0	0	0.00131053	
0.974604	0.0150303	0	0.00341225	0.0986894	0	0	0	0.00130517	
0.974553	0.0150403	0	0.00341451	0.0982208	0	0	0	0.00129986	
0.974503	0.0150502	0	0.00341675	0.0977544	0	0	0	0.00129462	
0.974452	0.01506	0	0.00341898	0.0972901	0	0	0	0.00128942	
0.974402	0.0150698	0	0.00342121	0.0968282	0	0	0	0.00128428	
0.974351	0.0150795	0	0.00342341	0.0963684	0	0	0	0.0012792	
0.974301	0.0150892	0	0.00342561	0.0959107	0	0	0	0.00127417	
0.97425	0.0150988	0	0.0034278	0.0954553	0	0	0	0.00126919	
0.9742	0.0151084	0	0.00342998	0.095002	0	0	0	0.00126427	
0.974149	0.0151179	0	0.00343214	0.0945509	0	0	0	0.0012594	
0.974099	0.0151274	0	0.0034343	0.094102	0	0	0	0.00125457	
0.974048	0.0151369	0	0.00343644	0.0936551	0	0	0	0.0012498	
0.973998	0.0151463	0	0.00343857	0.0932104	0	0	0	0.00124508	
0.973947	0.0151556	0	0.0034407	0.0927678	0	0	0	0.00124041	
0.973897	0.0151649	0	0.00344281	0.0923273	0	0	0	0.00123579	
0.973846	0.0151742	0	0.00344491	0.091889	0	0	0	0.00123121	
0.973796	0.0151834	0	0.003447	0.0914527	0	0	0	0.00122668	
0.973745	0.0151925	0	0.00344908	0.0910184	0	0	0	0.0012222	
0.973695	0.0152016	0	0.00345115	0.0905863	0	0	0	0.00121777	
0.973645	0.0152107	0	0.0034532	0.0901561	0	0	0	0.00121338	
0.973594	0.0152197	0	0.00345525	0.0897281	0	0	0	0.00120903	
0.973544	0.0152287	0	0.00345729	0.089302	0	0	0	0.00120473	
0.973493	0.0152376	0	0.00345932	0.088878	0	0	0	0.00120047	
0.973443	0.0152465	0	0.00346133	0.0884561	0	0	0	0.00119626	
0.973392	0.0152554	0	0.00346334	0.0880361	0	0	0	0.00119209	
0.973342	0.0152642	0	0.00346533	0.0876181	0	0	0	0.00118796	
0.973291	0.0152729	0	0.00346732	0.0872021	0	0	0	0.00118388	
0.973241	0.0152816	0	0.0034693	0.0867881	0	0	0	0.00117983	
0.97319	0.0152903	0	0.00347126	0.086376	0	0	0	0.00117583	
0.97314	0.0152989	0	0.00347322	0.085966	0	0	0	0.00117186	
0.97309	0.0153074	0	0.00347516	0.0855578	0	0	0	0.00116794	
0.973039	0.015316	0	0.0034771	0.0851516	0	0	0	0.00116406	
0.972989	0.0153245	0	0.00347903	0.0847474	0	0	0	0.00116021	
0.972938	0.0153329	0	0.00348094	0.084345	0	0	0	0.00115641	
0.972888	0.0153413	0	0.00348285	0.0839446	0	0	0	0.00115264	
0.972837	0.0153497	0	0.00348475	0.0835461	0	0	0	0.00114891	
0.972787	0.015358	0	0.00348663	0.0831495	0	0	0	0.00114521	
0.972737	0.0153662	0	0.00348851	0.0827547	0	0	0	0.00114156	
0.972686	0.0153745	0	0.00349038	0.0823618	0	0	0	0.00113794	
0.972636	0.0153826	0	0.00349224	0.0819709	0	0	0	0.00113435	
0.972585	0.0153908	0	0.00349408	0.0815817	0	0	0	0.0011308	
0.972535	0.0153989	0	0.00349592	0.0811944	0	0	0	0.00112729	
0.972485	0.015407	0	0.00349775	0.080809	0	0	0	0.00112381	
0.972434	0.015415	0	0.00349957	0.0804254	0	0	0	0.00112037	
0.972384	0.0154229	0	0.00350139	0.0800436	0	0	0	0.00111696	
0.972333	0.0154309	0	0.00350319	0.0796636	0	0	0	0.00111359	
0.972283	0.0154388	0	0.00350498	0.0792855	0	0	0	0.00111024	
0.972233	0.0154466	0	0.00350676	0.0789091	0	0	0	0.00110693	
0.972182	0.0154545	0	0.00350854	0.0785345	0	0	0	0.00110366	
0.972132	0.0154622	0	0.0035103	0.0781617	0	0	0	0.00110041	
0.972081	0.01547	0	0.00351206	0.0777907	0	0	0	0.0010972	
0.972031	0.0154777	0	0.00351381	0.0774215	0	0	0	0.00109402	
0.971981	0.0154853	0	0.00351554	0.077054	0	0	0	0.00109087	
0.97193	0.0154929	0	0.00351727	0.0766882	0	0	0	0.00108775	
0.97188	0.0155005	0	0.00351899	0.0763242	0	0	0	0.00108467	
0.97183	0.015508	0	0.0035207	0.0759619	0	0	0	0.00108161	
0.971779	0.0155155	0	0.00352241	0.0756014	0	0	0	0.00107859	
0.971729	0.015523	0	0.0035241	0.0752425	0	0	0	0.00107559	
0.971679	0.0155304	0	0.00352578	0.0748854	0	0	0	0.00107262	
0.971628	0.0155378	0	0.00352746	0.0745299	0	0	0	0.00106969	
0.971578	0.0155452	0	0.00352913	0.0741762	0	0	0	0.00106678	
0.971528	0.0155525	0	0.00353079	0.0738241	0	0	0	0.0010639	
0.971477	0.0155597	0	0.00353244	0.0734737	0	0	0	0.00106105	
0.971427	0.015567	0	0.00353408	0.073125	0	0	0	0.00105823	
0.971377	0.0155742	0	0.00353571	0.0727779	0	0	0	0.00105543	
0.971326	0.0155813	0	0.00353734	0.0724325	0	0	0	0.00105266	
0.971276	0.0155884	0	0.00353895	0.0720888	0	0	0	0.00104993	
0.971226	0.0155955	0	0.00354056	0.0717466	0	0	0	0.00104721	
0.971175	0.0156026	0	0.00354216	0.0714061	0	0	0	0.00104453	
0.971125	0.0156096	0	0.00354375	0.0710672	0	0	0	0.00104187	
0.971075	0.0156166	0	0.00354534	0.0707299	0	0	0	0.00103924	
0.971024	0.0156235	0	0.00354691	0.0703943	0	0	0	0.00103663	
0.970974	0.0156304	0	0.00354848	0.0700602	0	0	0	0.00103406	
0.970924	0.0156373	0	0.00355004	0.0697277	0	0	0	0.0010315	
0.970873	0.0156441	0	0.00355159	0.0693968	0	0	0	0.00102898	
0.970823	0.0156509	0	0.00355313	0.0690674	0	0	0	0.00102647	
0.970773	0.0156576	0	0.00355467	0.0687397	0	0	0	0.001024	
0.970722	0.0156644	0	0.00355619	0.0684135	0	0	0	0.00102155	
0.970672	0.0156711	0	0.00355771	0.0680888	0	0	0	0.00101912	
0.970622	0.0156777	0	0.00355922	0.0677657	0	0	0	0.00101672	
0.970572	0.0156843	0	0.00356072	0.0674441	0	0	0	0.00101434	
0.970521	0.0156909	0	0.00356222	0.0671241	0	0	0	0.00101199	
0.970471	0.0156975	0	0.00356371	0.0668055	0	0	0	0.00100966	
0.970421	0.015704	0	0.00356519	0.0664885	0	0	0	0.00100735	
0.97037	0.0157105	0	0.00356666	0.066173	0	0	0	0.00100507	
0.97032	0.0157169	0	0.00356812	0.065859	0	0	0	0.00100282	
0.97027	0.0157233	0	0.00356958	0.0655465	0	0	0	0.00100058	
0.97022	0.0157297	0	0.00357103	0.0652355	0	0	0	0.000998373	
0.970169	0.0157361	0	0.00357247	0.0649259	0	0	0	0.000996186	
0.970119	0.0157424	0	0.0035739	0.0646179	0	0	0	0.000994022	
0.970069	0.0157487	0	0.00357533	0.0643112	0	0	0	0.000991881	
0.970019	0.0157549	0	0.00357675	0.0640061	0	0	0	0.000989762	
0.969968	0.0157611	0	0.00357816	0.0637024	0	0	0	0.000987666	
0.969918	0.0157673	0	0.00357956	0.0634001	0	0	0	0.000985593	
0.969868	0.0157735	0	0.00358096	0.0630993	0	0	0	0.000983542	
0.969818	0.0157796	0	0.00358235	0.0627999	0	0	0	0.000981513	
0.969767	0.0157857	0	0.00358373	0.062502	0	0	0	0.000979506	
0.969717	0.0157917	0	0.0035851	0.0622054	0	0	0	0.000977521	
0.969667	0.0157977	0	0.00358647	0.0619103	0	0	0	0.000975558	
0.969617	0.0158037	0	0.00358783	0.0616166	0	0	0	0.000973617	
0.969566	0.0158097	0	0.00358918	0.0613242	0	0	0	0.000971697	
0.969516	0.0158156	0	0.00359053	0.0610333	0	0	0	0.000969799	
0.969466	0.0158215	0	0.00359187	0.0607437	0	0	0	0.000967922	
0.969416	0.0158274	0	0.0035932	0.0604555	0	0	0	0.000966066	
0.969366	0.0158332	0	0.00359452	0.0601687	0	0	0	0.000964231	
0.969315	0.015839	0	0.00359584	0.0598833	0	0	0	0.000962418	
0.969265	0.0158448	0	0.00359715	0.0595992	0	0	0	0.000960625	
0.969215	0.0158505	0	0.00359846	0.0593164	0	0	0	0.000958853	
0.969165	0.0158563	0	0.00359975	0.059035	0	0	0	0.000957102	
0.969115	0.0158619	0	0.00360104	0.058755	0	0	0	0.000955372	
0.969064	0.0158676	0	0.00360233	0.0584762	0	0	0	0.000953662	
0.969014	0.0158732	0	0.0036036	0.0581988	0	0	0	0.000951973	
0.968964	0.0158788	0	0.00360487	0.0579228	0	0	0	0.000950305	
0.968914	0.0158844	0	0.00360614	0.057648	0	0	0	0.000948656	
0.968864	0.0158899	0	0.00360739	0.0573745	0	0	0	0.000947028	
0.968813	0.0158954	0	0.00360864	0.0571024	0	0	0	0.00094542	
0.968763	0.0159009	0	0.00360989	0.0568315	0	0	0	0.000943833	
0.968713	0.0159063	0	0.00361112	0.0565619	0	0	0	0.000942265	
0.968663	0.0159117	0	0.00361235	0.0562936	0	0	0	0.000940718	
0.968613	0.0159171	0	0.00361358	0.0560266	0	0	0	0.000939191	
0.968563	0.0159225	0	0.00361479	0.0557608	0	0	0	0.000937683	
0.968512	0.0159278	0	0.003616	0.0554964	0	0	0	0.000936196	
0.968462	0.0159331	0	0.00361721	0.0552331	0	0	0	0.000934728	
0.968412	0.0159384	0	0.0036184	0.0549711	0	0	0	0.00093328	
0.968362	0.0159436	0	0.00361959	0.0547104	0	0	0	0.000931852	
0.968312	0.0159489	0	0.00362078	0.0544509	0	0	0	0.000930444	
0.968262	0.0159541	0	0.00362196	0.0541927	0	0	0	0.000929055	
0.968211	0.0159592	0	0.00362313	0.0539356	0	0	0	0.000927687	
0.968161	0.0159644	0	0.0036243	0.0536798	0	0	0	0.000926338	
0.968111	0.0159695	0	0.00362546	0.0534252	0	0	0	0.000925008	
0.968061	0.0159745	0	0.00362661	0.0531718	0	0	0	0.000923698	
0.968011	0.0159796	0	0.00362776	0.0529197	0	0	0	0.000922408	
0.967961	0.0159846	0	0.0036289	0.0526687	0	0	0	0.000921138	
0.967911	0.0159896	0	0.00363003	0.0524189	0	0	0	0.000919887	
0.967861	0.0159946	0	0.00363116	0.0521703	0	0	0	0.000918656	
0.96781	0.0159995	0	0.00363228	0.0519229	0	0	0	0.000917445	
0.96776	0.0160045	0	0.0036334	0.0516767	0	0	0	0.000916253	
0.96771	0.0160094	0	0.00363451	0.0514316	0	0	0	0.000915081	
0.96766	0.0160142	0	0.00363562	0.0511877	0	0	0	0.000913928	
0.96761	0.0160191	0	0.00363672	0.050945	0	0	0	0.000912796	
0.96756	0.0160239	0	0.00363781	0.0507034	0	0	0	0.000911683	
0.96751	0.0160287	0	0.0036389	0.0504629	0	0	0	0.00091059	
0.96746	0.0160334	0	0.00363998	0.0502236	0	0	0	0.000909516	
0.967409	0.0160382	0	0.00364105	0.0499855	0	0	0	0.000908463	
0.967359	0.0160429	0	0.00364212	0.0497485	0	0	0	0.000907429	
0.967309	0.0160476	0	0.00364319	0.0495126	0	0	0	0.000906416	
0.967259	0.0160522	0	0.00364425	0.0492778	0	0	0	0.000905422	
0.967209	0.0160569	0	0.0036453	0.0490441	0	0	0	0.000904449	
0.967159	0.0160615	0	0.00364634	0.0488116	0	0	0	0.000903495	
0.967109	0.0160661	0	0.00364739	0.0485802	0	0	0	0.000902562	
0.967059	0.0160706	0	0.00364842	0.0483498	0	0	0	0.000901649	
0.967009	0.0160752	0	0.00364945	0.0481206	0	0	0	0.000900757	
0.966959	0.0160797	0	0.00365048	0.0478924	0	0	0	0.000899885	
0.966909	0.0160842	0	0.00365149	0.0476654	0	0	0	0.000899034	
0.966859	0.0160886	0	0.00365251	0.0474394	0	0	0	0.000898203	
0.966808	0.0160931	0	0.00365352	0.0472144	0	0	0	0.000897393	
0.966758	0.0160975	0	0.00365452	0.0469906	0	0	0	0.000896604	
0.966708	0.0161019	0	0.00365552	0.0467678	0	0	0	0.000895836	
0.966658	0.0161062	0	0.00365651	0.0465461	0	0	0	0.000895089	
0.966608	0.0161106	0	0.00365749	0.0463254	0	0	0	0.000894364	
0.966558	0.0161149	0	0.00365847	0.0461058	0	0	0	0.00089366	
0.966508	0.0161192	0	0.00365945	0.0458873	0	0	0	0.000892977	
0.966458	0.0161235	0	0.00366042	0.0456697	0	0	0	0.000892317	
0.966408	0.0161277	0	0.00366138	0.0454532	0	0	0	0.000891678	
0.966358	0.016132	0	0.00366234	0.0452378	0	0	0	0.000891062	
0.966308	0.0161362	0	0.0036633	0.0450233	0	0	0	0.000890467	
0.966258	0.0161403	0	0.00366425	0.0448099	0	0	0	0.000889896	
0.966208	0.0161445	0	0.00366519	0.0445975	0	0	0	0.000889347	
0.966158	0.0161486	0	0.00366613	0.0443861	0	0	0	0.000888821	
0.966108	0.0161527	0	0.00366706	0.0441757	0	0	0	0.000888318	
0.966058	0.0161568	0	0.00366799	0.0439663	0	0	0	0.000887839	
0.966008	0.0161609	0	0.00366892	0.0437579	0	0	0	0.000887384	
0.965958	0.0161649	0	0.00366984	0.0435505	0	0	0	0.000886952	
0.965908	0.016169	0	0.00367075	0.0433441	0	0	0	0.000886545	
0.965858	0.016173	0	0.00367166	0.0431387	0	0	0	0.000886163	
0.965808	0.016177	0	0.00367256	0.0429342	0	0	0	0.000885805	
0.965758	0.0161809	0	0.00367346	0.0427307	0	0	0	0.000885473	
0.965708	0.0161849	0	0.00367435	0.0425282	0	0	0	0.000885167	
0.965658	0.0161888	0	0.00367524	0.0423267	0	0	0	0.000884887	
0.965608	0.0161927	0	0.00367613	0.0421261	0	0	0	0.000884633	
0.965558	0.0161965	0	0.00367701	0.0419264	0	0	0	0.000884406	
0.965508	0.0162004	0	0.00367788	0.0417277	0	0	0	0.000884207	
0.965458	0.0162042	0	0.00367875	0.04153	0	0	0	0.000884035	
0.965408	0.016208	0	0.00367961	0.0413332	0	0	0	0.000883892	
0.965358	0.0162118	0	0.00368047	0.0411373	0	0	0	0.000883777	
0.965308	0.0162156	0	0.00368133	0.0409424	0	0	0	0.000883693	
0.965258	0.0162193	0	0.00368218	0.0407484	0	0	0	0.000883638	
0.965208	0.0162231	0	0.00368303	0.0405553	0	0	0	0.000883614	
0.965158	0.0162268	0	0.00368387	0.0403631	0	0	0	0.000883621	
0.965108	0.0162304	0	0.0036847	0.0401718	0	0	0	0.000883661	
0.965058	0.0162341	0	0.00368554	0.0399815	0	0	0	0.000883733	
0.965008	0.0162378	0	0.00368636	0.0397921	0	0	0	0.000883839	
0.964958	0.0162414	0	0.00368719	0.0396035	0	0	0	0.00088398	
0.964908	0.016245	0	0.00368801	0.0394159	0	0	0	0.000884156	
0.964858	0.0162486	0	0.00368882	0.0392291	0	0	0	0.000884369	
0.964808	0.0162521	0	0.00368963	0.0390433	0	0	0	0.00088462	
0.964758	0.0162557	0	0.00369043	0.0388583	0	0	0	0.000884909	
0.964708	0.0162592	0	0.00369123	0.0386742	0	0	0	0.000885239	
0.964658	0.0162627	0	0.00369203	0.038491	0	0	0	0.000885609	
0.964608	0.0162662	0	0.00369282	0.0383087	0	0	0	0.000886023	
0.964558	0.0162697	0	0.00369361	0.0381272	0	0	0	0.000886481	
0.964509	0.0162731	0	0.00369439	0.0379466	0	0	0	0.000886985	
0.964459	0.0162765	0	0.00369517	0.0377668	0	0	0	0.000887537	
0.964409	0.01628	0	0.00369595	0.0375879	0	0	0	0.000888138	
0.964359	0.0162834	0	0.00369672	0.0374099	0	0	0	0.000888792	
0.964309	0.0162867	0	0.00369748	0.0372327	0	0	0	0.000889501	
0.964259	0.0162901	0	0.00369824	0.0370563	0	0	0	0.000890266	
0.964209	0.0162934	0	0.003699	0.0368808	0	0	0	0.000891091	
0.964159	0.0162967	0	0.00369975	0.0367061	0	0	0	0.00089198	
0.964109	0.0163	0	0.0037005	0.0365322	0	0	0	0.000892934	
0.964059	0.0163033	0	0.00370125	0.0363592	0	0	0	0.000893959	
0.964009	0.0163066	0	0.00370199	0.036187	0	0	0	0.000895059	
0.963959	0.0163098	0	0.00370273	0.0360156	0	0	0	0.000896238	
0.96391	0.0163131	0	0.00370346	0.0358451	0	0	0	0.000897501	
0.96386	0.0163163	0	0.00370419	0.0356753	0	0	0	0.000898855	
0.96381	0.0163195	0	0.00370492	0.0355064	0	0	0	0.000900306	
0.96376	0.0163226	0	0.00370564	0.0353383	0	0	0	0.000901861	
