1	0	0	0	1	0	0	0	1	
0.999984	8.74343e-07	0	8.67457e-08	0.992463	0	0	0	0.986321	
0.999968	3.44033e-06	0	3.41655e-07	0.985052	0	0	0	0.972991	
0.999953	7.6411e-06	0	7.58764e-07	0.977698	0	0	0	0.959844	
0.999937	1.34163e-05	0	1.33208e-06	0.970402	0	0	0	0.946878	
0.999922	2.07091e-05	0	2.05598e-06	0.963163	0	0	0	0.934089	
0.999907	2.94663e-05	0	2.92517e-06	0.95598	0	0	0	0.921476	
0.999892	3.96375e-05	0	3.93464e-06	0.948853	0	0	0	0.909035	
0.999877	5.11747e-05	0	5.07966e-06	0.941781	0	0	0	0.896765	
0.999862	6.40328e-05	0	6.35572e-06	0.934764	0	0	0	0.884662	
0.999847	7.81684e-05	0	7.75854e-06	0.927802	0	0	0	0.872726	
0.999832	9.35404e-05	0	9.28403e-06	0.920893	0	0	0	0.860952	
0.999817	0.000110109	0	1.09283e-05	0.914039	0	0	0	0.84934	
0.999803	0.000127837	0	1.26875e-05	0.907237	0	0	0	0.837887	
0.999788	0.000146689	0	1.45582e-05	0.900487	0	0	0	0.82659	
0.999774	0.000166628	0	1.65368e-05	0.89379	0	0	0	0.815448	
0.999759	0.000187622	0	1.86201e-05	0.887144	0	0	0	0.804458	
0.999745	0.000209638	0	2.08048e-05	0.88055	0	0	0	0.793618	
0.999731	0.000232645	0	2.30878e-05	0.874007	0	0	0	0.782926	
0.999716	0.000256613	0	2.54662e-05	0.867513	0	0	0	0.772381	
0.999702	0.000281512	0	2.7937e-05	0.86107	0	0	0	0.761979	
0.999688	0.000307316	0	3.04974e-05	0.854677	0	0	0	0.75172	
0.999674	0.000333995	0	3.31448e-05	0.848332	0	0	0	0.741601	
0.99966	0.000361524	0	3.58765e-05	0.842036	0	0	0	0.73162	
0.999646	0.000389877	0	3.86899e-05	0.835789	0	0	0	0.721775	
0.999633	0.000419029	0	4.15826e-05	0.829589	0	0	0	0.712064	
0.999619	0.000448956	0	4.45522e-05	0.823437	0	0	0	0.702486	
0.999605	0.000479634	0	4.75963e-05	0.817332	0	0	0	0.693039	
0.999592	0.00051104	0	5.07126e-05	0.811274	0	0	0	0.68372	
0.999578	0.000543152	0	5.3899e-05	0.805263	0	0	0	0.674529	
0.999565	0.000575948	0	5.71532e-05	0.799297	0	0	0	0.665463	
0.999551	0.000609407	0	6.04733e-05	0.793377	0	0	0	0.656521	
0.999538	0.000643508	0	6.3857e-05	0.787502	0	0	0	0.6477	
0.999525	0.000678232	0	6.73026e-05	0.781672	0	0	0	0.639	
0.999511	0.000713559	0	7.08079e-05	0.775886	0	0	0	0.630418	
0.999498	0.000749469	0	7.43711e-05	0.770145	0	0	0	0.621954	
0.999485	0.000785944	0	7.79904e-05	0.764447	0	0	0	0.613604	
0.999472	0.000822966	0	8.16639e-05	0.758793	0	0	0	0.605369	
0.999459	0.000860518	0	8.539e-05	0.753182	0	0	0	0.597245	
0.999446	0.000898581	0	8.91668e-05	0.747613	0	0	0	0.589232	
0.999433	0.000937139	0	9.29928e-05	0.742087	0	0	0	0.581329	
0.99942	0.000976177	0	9.68663e-05	0.736603	0	0	0	0.573532	
0.999407	0.00101568	0	0.000100786	0.731161	0	0	0	0.565842	
0.999395	0.00105562	0	0.000104749	0.72576	0	0	0	0.558257	
0.999382	0.001096	0	0.000108756	0.7204	0	0	0	0.550775	
0.999369	0.0011368	0	0.000112804	0.71508	0	0	0	0.543395	
0.999357	0.00117799	0	0.000116891	0.709802	0	0	0	0.536115	
0.999344	0.00121958	0	0.000121018	0.704563	0	0	0	0.528934	
0.999331	0.00126154	0	0.000125181	0.699364	0	0	0	0.521851	
0.999319	0.00130385	0	0.00012938	0.694204	0	0	0	0.514864	
0.999306	0.00134652	0	0.000133613	0.689083	0	0	0	0.507972	
0.999294	0.00138952	0	0.00013788	0.684001	0	0	0	0.501174	
0.999282	0.00143284	0	0.000142178	0.678958	0	0	0	0.494468	
0.999269	0.00147647	0	0.000146507	0.673953	0	0	0	0.487853	
0.999257	0.00152039	0	0.000150866	0.668985	0	0	0	0.481329	
0.999245	0.0015646	0	0.000155252	0.664056	0	0	0	0.474892	
0.999232	0.00160908	0	0.000159666	0.659163	0	0	0	0.468544	
0.99922	0.00165383	0	0.000164106	0.654308	0	0	0	0.462281	
0.999208	0.00169882	0	0.00016857	0.649489	0	0	0	0.456104	
0.999196	0.00174406	0	0.000173058	0.644706	0	0	0	0.45001	
0.999184	0.00178952	0	0.000177569	0.63996	0	0	0	0.444	
0.999172	0.0018352	0	0.000182102	0.635249	0	0	0	0.43807	
0.99916	0.00188109	0	0.000186656	0.630574	0	0	0	0.432222	
0.999148	0.00192718	0	0.000191229	0.625934	0	0	0	0.426452	
0.999136	0.00197346	0	0.000195821	0.621329	0	0	0	0.420761	
0.999124	0.00201992	0	0.00020043	0.616759	0	0	0	0.415147	
0.999112	0.00206654	0	0.000205057	0.612223	0	0	0	0.40961	
0.9991	0.00211333	0	0.000209699	0.607722	0	0	0	0.404147	
0.999089	0.00216027	0	0.000214357	0.603254	0	0	0	0.398759	
0.999077	0.00220736	0	0.000219029	0.59882	0	0	0	0.393443	
0.999065	0.00225458	0	0.000223714	0.594419	0	0	0	0.3882	
0.999053	0.00230192	0	0.000228412	0.590051	0	0	0	0.383028	
0.999042	0.00234939	0	0.000233122	0.585716	0	0	0	0.377925	
0.99903	0.00239697	0	0.000237842	0.581414	0	0	0	0.372892	
0.999018	0.00244465	0	0.000242573	0.577144	0	0	0	0.367927	
0.999007	0.00249242	0	0.000247314	0.572906	0	0	0	0.36303	
0.998995	0.00254028	0	0.000252063	0.568699	0	0	0	0.358199	
0.998984	0.00258823	0	0.00025682	0.564525	0	0	0	0.353433	
0.998972	0.00263625	0	0.000261585	0.560381	0	0	0	0.348731	
0.998961	0.00268433	0	0.000266356	0.556269	0	0	0	0.344094	
0.998949	0.00273248	0	0.000271133	0.552188	0	0	0	0.339519	
0.998938	0.00278068	0	0.000275915	0.548137	0	0	0	0.335006	
0.998926	0.00282892	0	0.000280703	0.544116	0	0	0	0.330554	
0.998915	0.00287721	0	0.000285494	0.540126	0	0	0	0.326162	
0.998904	0.00292553	0	0.000290288	0.536165	0	0	0	0.32183	
0.998892	0.00297389	0	0.000295086	0.532234	0	0	0	0.317557	
0.998881	0.00302226	0	0.000299886	0.528333	0	0	0	0.313341	
0.99887	0.00307065	0	0.000304687	0.52446	0	0	0	0.309182	
0.998858	0.00311905	0	0.00030949	0.520617	0	0	0	0.305079	
0.998847	0.00316746	0	0.000314293	0.516802	0	0	0	0.301032	
0.998836	0.00321587	0	0.000319096	0.513016	0	0	0	0.29704	
0.998825	0.00326428	0	0.000323899	0.509258	0	0	0	0.293102	
0.998814	0.00331267	0	0.000328701	0.505529	0	0	0	0.289216	
0.998803	0.00336105	0	0.000333502	0.501827	0	0	0	0.285384	
0.998791	0.00340942	0	0.0003383	0.498152	0	0	0	0.281603	
0.99878	0.00345775	0	0.000343097	0.494505	0	0	0	0.277873	
0.998769	0.00350606	0	0.00034789	0.490886	0	0	0	0.274193	
0.998758	0.00355434	0	0.00035268	0.487293	0	0	0	0.270563	
0.998747	0.00360258	0	0.000357466	0.483727	0	0	0	0.266983	
0.998736	0.00365077	0	0.000362248	0.480188	0	0	0	0.26345	
0.998725	0.00369892	0	0.000367026	0.476675	0	0	0	0.259965	
0.998714	0.00374702	0	0.000371798	0.473188	0	0	0	0.256527	
0.998703	0.00379507	0	0.000376566	0.469727	0	0	0	0.253136	
0.998692	0.00384306	0	0.000381327	0.466292	0	0	0	0.24979	
0.998681	0.00389098	0	0.000386082	0.462883	0	0	0	0.24649	
0.998671	0.00393884	0	0.000390831	0.459498	0	0	0	0.243234	
0.99866	0.00398663	0	0.000395573	0.45614	0	0	0	0.240022	
0.998649	0.00403435	0	0.000400307	0.452806	0	0	0	0.236853	
0.998638	0.00408199	0	0.000405034	0.449496	0	0	0	0.233727	
0.998627	0.00412955	0	0.000409753	0.446212	0	0	0	0.230643	
0.998616	0.00417703	0	0.000414464	0.442952	0	0	0	0.2276	
0.998606	0.00422442	0	0.000419167	0.439716	0	0	0	0.224599	
0.998595	0.00427172	0	0.00042386	0.436504	0	0	0	0.221638	
0.998584	0.00431893	0	0.000428544	0.433316	0	0	0	0.218716	
0.998573	0.00436605	0	0.000433219	0.430152	0	0	0	0.215835	
0.998563	0.00441306	0	0.000437884	0.427011	0	0	0	0.212992	
0.998552	0.00445998	0	0.000442539	0.423893	0	0	0	0.210187	
0.998541	0.00450679	0	0.000447184	0.420799	0	0	0	0.20742	
0.99853	0.0045535	0	0.000451819	0.417727	0	0	0	0.20469	
0.99852	0.00460009	0	0.000456442	0.414679	0	0	0	0.201997	
0.998509	0.00464658	0	0.000461054	0.411653	0	0	0	0.19934	
0.998499	0.00469295	0	0.000465656	0.408649	0	0	0	0.196719	
0.998488	0.00473921	0	0.000470245	0.405668	0	0	0	0.194133	
0.998477	0.00478535	0	0.000474823	0.402708	0	0	0	0.191582	
0.998467	0.00483136	0	0.000479389	0.399771	0	0	0	0.189065	
0.998456	0.00487726	0	0.000483943	0.396855	0	0	0	0.186583	
0.998446	0.00492303	0	0.000488484	0.393961	0	0	0	0.184133	
0.998435	0.00496867	0	0.000493013	0.391089	0	0	0	0.181716	
0.998425	0.00501418	0	0.000497528	0.388238	0	0	0	0.179332	
0.998414	0.00505956	0	0.000502031	0.385407	0	0	0	0.17698	
0.998404	0.00510481	0	0.000506521	0.382598	0	0	0	0.174659	
0.998393	0.00514993	0	0.000510997	0.37981	0	0	0	0.17237	
0.998383	0.00519491	0	0.00051546	0.377042	0	0	0	0.170111	
0.998372	0.00523975	0	0.000519909	0.374294	0	0	0	0.167883	
0.998362	0.00528445	0	0.000524345	0.371567	0	0	0	0.165684	
0.998351	0.005329	0	0.000528766	0.36886	0	0	0	0.163515	
0.998341	0.00537342	0	0.000533173	0.366173	0	0	0	0.161375	
0.99833	0.00541769	0	0.000537566	0.363506	0	0	0	0.159264	
0.99832	0.00546182	0	0.000541944	0.360859	0	0	0	0.157181	
0.99831	0.0055058	0	0.000546307	0.358231	0	0	0	0.155126	
0.998299	0.00554963	0	0.000550656	0.355623	0	0	0	0.153099	
0.998289	0.00559331	0	0.00055499	0.353034	0	0	0	0.151098	
0.998279	0.00563683	0	0.000559309	0.350464	0	0	0	0.149125	
0.998268	0.00568021	0	0.000563613	0.347913	0	0	0	0.147178	
0.998258	0.00572343	0	0.000567902	0.34538	0	0	0	0.145257	
0.998248	0.0057665	0	0.000572175	0.342867	0	0	0	0.143362	
0.998237	0.00580941	0	0.000576433	0.340372	0	0	0	0.141492	
0.998227	0.00585217	0	0.000580675	0.337895	0	0	0	0.139647	
0.998217	0.00589476	0	0.000584901	0.335437	0	0	0	0.137827	
0.998206	0.0059372	0	0.000589112	0.332997	0	0	0	0.136031	
0.998196	0.00597948	0	0.000593307	0.330574	0	0	0	0.134259	
0.998186	0.0060216	0	0.000597486	0.32817	0	0	0	0.132511	
0.998176	0.00606355	0	0.000601649	0.325783	0	0	0	0.130787	
0.998165	0.00610535	0	0.000605796	0.323414	0	0	0	0.129085	
0.998155	0.00614698	0	0.000609926	0.321062	0	0	0	0.127406	
0.998145	0.00618844	0	0.000614041	0.318728	0	0	0	0.12575	
0.998135	0.00622974	0	0.000618139	0.316411	0	0	0	0.124116	
0.998125	0.00627088	0	0.00062222	0.314111	0	0	0	0.122503	
0.998114	0.00631185	0	0.000626285	0.311828	0	0	0	0.120912	
0.998104	0.00635265	0	0.000630334	0.309561	0	0	0	0.119342	
0.998094	0.00639329	0	0.000634366	0.307312	0	0	0	0.117794	
0.998084	0.00643376	0	0.000638381	0.305078	0	0	0	0.116266	
0.998074	0.00647406	0	0.00064238	0.302862	0	0	0	0.114758	
0.998064	0.00651419	0	0.000646362	0.300661	0	0	0	0.113271	
0.998053	0.00655415	0	0.000650327	0.298477	0	0	0	0.111803	
0.998043	0.00659394	0	0.000654275	0.296309	0	0	0	0.110355	
0.998033	0.00663356	0	0.000658206	0.294157	0	0	0	0.108926	
0.998023	0.00667301	0	0.00066212	0.29202	0	0	0	0.107516	
0.998013	0.00671229	0	0.000666018	0.2899	0	0	0	0.106125	
0.998003	0.0067514	0	0.000669898	0.287794	0	0	0	0.104753	
0.997993	0.00679034	0	0.000673762	0.285705	0	0	0	0.103399	
0.997983	0.0068291	0	0.000677608	0.28363	0	0	0	0.102063	
0.997973	0.0068677	0	0.000681437	0.281571	0	0	0	0.100744	
0.997963	0.00690612	0	0.000685249	0.279527	0	0	0	0.0994436	
0.997952	0.00694436	0	0.000689044	0.277498	0	0	0	0.0981602	
0.997942	0.00698244	0	0.000692822	0.275484	0	0	0	0.0968939	
0.997932	0.00702034	0	0.000696583	0.273485	0	0	0	0.0956444	
0.997922	0.00705807	0	0.000700326	0.2715	0	0	0	0.0944115	
0.997912	0.00709563	0	0.000704053	0.26953	0	0	0	0.093195	
0.997902	0.00713301	0	0.000707762	0.267575	0	0	0	0.0919948	
0.997892	0.00717022	0	0.000711454	0.265633	0	0	0	0.0908104	
0.997882	0.00720725	0	0.000715128	0.263706	0	0	0	0.0896418	
0.997872	0.00724411	0	0.000718786	0.261793	0	0	0	0.0884888	
0.997862	0.0072808	0	0.000722426	0.259894	0	0	0	0.087351	
0.997852	0.00731732	0	0.000726049	0.258009	0	0	0	0.0862284	
0.997842	0.00735366	0	0.000729655	0.256138	0	0	0	0.0851207	
0.997832	0.00738982	0	0.000733243	0.254281	0	0	0	0.0840277	
0.997822	0.00742582	0	0.000736815	0.252437	0	0	0	0.0829492	
0.997812	0.00746164	0	0.000740369	0.250607	0	0	0	0.081885	
0.997802	0.00749728	0	0.000743906	0.24879	0	0	0	0.080835	
0.997793	0.00753276	0	0.000747425	0.246986	0	0	0	0.0797988	
0.997783	0.00756806	0	0.000750928	0.245196	0	0	0	0.0787764	
0.997773	0.00760319	0	0.000754413	0.243418	0	0	0	0.0777676	
0.997763	0.00763814	0	0.000757882	0.241654	0	0	0	0.0767721	
0.997753	0.00767292	0	0.000761333	0.239903	0	0	0	0.0757899	
0.997743	0.00770753	0	0.000764767	0.238164	0	0	0	0.0748206	
0.997733	0.00774197	0	0.000768183	0.236438	0	0	0	0.0738642	
0.997723	0.00777623	0	0.000771583	0.234725	0	0	0	0.0729204	
0.997713	0.00781032	0	0.000774966	0.233025	0	0	0	0.0719892	
0.997703	0.00784424	0	0.000778331	0.231336	0	0	0	0.0710703	
0.997693	0.00787799	0	0.00078168	0.22966	0	0	0	0.0701635	
0.997683	0.00791157	0	0.000785012	0.227997	0	0	0	0.0692687	
0.997674	0.00794497	0	0.000788326	0.226345	0	0	0	0.0683858	
0.997664	0.00797821	0	0.000791624	0.224706	0	0	0	0.0675145	
0.997654	0.00801128	0	0.000794905	0.223079	0	0	0	0.0666548	
0.997644	0.00804417	0	0.000798169	0.221463	0	0	0	0.0658064	
0.997634	0.0080769	0	0.000801416	0.219859	0	0	0	0.0649692	
0.997624	0.00810945	0	0.000804646	0.218267	0	0	0	0.0641431	
0.997614	0.00814184	0	0.000807859	0.216687	0	0	0	0.0633279	
0.997605	0.00817405	0	0.000811056	0.215118	0	0	0	0.0625235	
0.997595	0.0082061	0	0.000814236	0.213561	0	0	0	0.0617297	
0.997585	0.00823798	0	0.000817399	0.212015	0	0	0	0.0609463	
0.997575	0.0082697	0	0.000820545	0.21048	0	0	0	0.0601733	
0.997565	0.00830124	0	0.000823675	0.208957	0	0	0	0.0594105	
0.997555	0.00833262	0	0.000826789	0.207445	0	0	0	0.0586578	
0.997546	0.00836383	0	0.000829886	0.205943	0	0	0	0.057915	
0.997536	0.00839488	0	0.000832966	0.204453	0	0	0	0.0571819	
0.997526	0.00842576	0	0.00083603	0.202974	0	0	0	0.0564585	
0.997516	0.00845647	0	0.000839077	0.201505	0	0	0	0.0557447	
0.997506	0.00848702	0	0.000842109	0.200047	0	0	0	0.0550402	
0.997496	0.0085174	0	0.000845123	0.1986	0	0	0	0.0543451	
0.997487	0.00854763	0	0.000848122	0.197163	0	0	0	0.053659	
0.997477	0.00857768	0	0.000851104	0.195737	0	0	0	0.0529821	
0.997467	0.00860758	0	0.00085407	0.194321	0	0	0	0.052314	
0.997457	0.00863731	0	0.00085702	0.192915	0	0	0	0.0516547	
0.997448	0.00866688	0	0.000859954	0.19152	0	0	0	0.051004	
0.997438	0.00869628	0	0.000862872	0.190135	0	0	0	0.0503619	
0.997428	0.00872553	0	0.000865774	0.18876	0	0	0	0.0497283	
0.997418	0.00875461	0	0.000868659	0.187395	0	0	0	0.049103	
0.997408	0.00878354	0	0.000871529	0.18604	0	0	0	0.0484859	
0.997399	0.0088123	0	0.000874383	0.184695	0	0	0	0.0478768	
0.997389	0.00884091	0	0.000877222	0.183359	0	0	0	0.0472758	
0.997379	0.00886935	0	0.000880044	0.182034	0	0	0	0.0466827	
0.997369	0.00889764	0	0.000882851	0.180718	0	0	0	0.0460974	
0.99736	0.00892577	0	0.000885642	0.179411	0	0	0	0.0455197	
0.99735	0.00895375	0	0.000888418	0.178115	0	0	0	0.0449496	
0.99734	0.00898156	0	0.000891178	0.176827	0	0	0	0.044387	
0.997331	0.00900922	0	0.000893922	0.175549	0	0	0	0.0438317	
0.997321	0.00903673	0	0.000896651	0.17428	0	0	0	0.0432837	
0.997311	0.00906408	0	0.000899365	0.173021	0	0	0	0.0427429	
0.997301	0.00909127	0	0.000902063	0.171771	0	0	0	0.0422092	
0.997292	0.00911831	0	0.000904746	0.170529	0	0	0	0.0416825	
0.997282	0.0091452	0	0.000907414	0.169297	0	0	0	0.0411626	
0.997272	0.00917194	0	0.000910067	0.168074	0	0	0	0.0406496	
0.997262	0.00919852	0	0.000912704	0.16686	0	0	0	0.0401432	
0.997253	0.00922495	0	0.000915327	0.165654	0	0	0	0.0396435	
0.997243	0.00925123	0	0.000917934	0.164458	0	0	0	0.0391503	
0.997233	0.00927736	0	0.000920527	0.16327	0	0	0	0.0386636	
0.997224	0.00930334	0	0.000923105	0.16209	0	0	0	0.0381832	
0.997214	0.00932917	0	0.000925668	0.16092	0	0	0	0.037709	
0.997204	0.00935485	0	0.000928216	0.159757	0	0	0	0.0372411	
0.997195	0.00938038	0	0.000930749	0.158604	0	0	0	0.0367793	
0.997185	0.00940577	0	0.000933268	0.157458	0	0	0	0.0363235	
0.997175	0.00943101	0	0.000935772	0.156321	0	0	0	0.0358736	
0.997166	0.0094561	0	0.000938262	0.155192	0	0	0	0.0354296	
0.997156	0.00948105	0	0.000940737	0.154072	0	0	0	0.0349914	
0.997146	0.00950585	0	0.000943198	0.152959	0	0	0	0.0345589	
0.997137	0.0095305	0	0.000945644	0.151855	0	0	0	0.034132	
0.997127	0.00955501	0	0.000948076	0.150759	0	0	0	0.0337107	
0.997117	0.00957938	0	0.000950494	0.14967	0	0	0	0.0332949	
0.997108	0.00960361	0	0.000952898	0.14859	0	0	0	0.0328844	
0.997098	0.00962769	0	0.000955287	0.147517	0	0	0	0.0324794	
0.997088	0.00965163	0	0.000957663	0.146453	0	0	0	0.0320795	
0.997079	0.00967543	0	0.000960024	0.145396	0	0	0	0.0316849	
0.997069	0.00969909	0	0.000962372	0.144346	0	0	0	0.0312954	
0.997059	0.00972261	0	0.000964706	0.143304	0	0	0	0.030911	
0.99705	0.00974599	0	0.000967025	0.14227	0	0	0	0.0305315	
0.99704	0.00976924	0	0.000969332	0.141244	0	0	0	0.030157	
0.99703	0.00979234	0	0.000971624	0.140224	0	0	0	0.0297874	
0.997021	0.00981531	0	0.000973903	0.139213	0	0	0	0.0294225	
0.997011	0.00983814	0	0.000976168	0.138208	0	0	0	0.0290623	
0.997001	0.00986083	0	0.00097842	0.137211	0	0	0	0.0287069	
0.996992	0.00988339	0	0.000980658	0.136221	0	0	0	0.028356	
0.996982	0.00990582	0	0.000982883	0.135238	0	0	0	0.0280097	
0.996972	0.0099281	0	0.000985095	0.134263	0	0	0	0.0276679	
0.996963	0.00995026	0	0.000987293	0.133294	0	0	0	0.0273304	
0.996953	0.00997228	0	0.000989478	0.132333	0	0	0	0.0269974	
0.996944	0.00999417	0	0.00099165	0.131378	0	0	0	0.0266687	
0.996934	0.0100159	0	0.000993809	0.130431	0	0	0	0.0263442	
0.996924	0.0100376	0	0.000995955	0.12949	0	0	0	0.0260239	
0.996915	0.0100591	0	0.000998088	0.128556	0	0	0	0.0257077	
0.996905	0.0100804	0	0.00100021	0.127629	0	0	0	0.0253957	
0.996896	0.0101017	0	0.00100231	0.126708	0	0	0	0.0250876	
0.996886	0.0101228	0	0.00100441	0.125795	0	0	0	0.0247835	
0.996876	0.0101437	0	0.00100649	0.124888	0	0	0	0.0244834	
0.996867	0.0101646	0	0.00100856	0.123987	0	0	0	0.0241871	
0.996857	0.0101853	0	0.00101062	0.123093	0	0	0	0.0238947	
0.996848	0.0102059	0	0.00101266	0.122206	0	0	0	0.023606	
0.996838	0.0102264	0	0.00101469	0.121325	0	0	0	0.023321	
0.996828	0.0102468	0	0.00101671	0.12045	0	0	0	0.0230397	
0.996819	0.010267	0	0.00101872	0.119582	0	0	0	0.022762	
0.996809	0.0102871	0	0.00102071	0.11872	0	0	0	0.0224879	
0.9968	0.0103071	0	0.00102269	0.117864	0	0	0	0.0222173	
0.99679	0.0103269	0	0.00102466	0.117014	0	0	0	0.0219502	
0.99678	0.0103466	0	0.00102662	0.116171	0	0	0	0.0216866	
0.996771	0.0103663	0	0.00102857	0.115334	0	0	0	0.0214263	
0.996761	0.0103857	0	0.0010305	0.114503	0	0	0	0.0211694	
0.996752	0.0104051	0	0.00103242	0.113677	0	0	0	0.0209157	
0.996742	0.0104244	0	0.00103433	0.112858	0	0	0	0.0206653	
0.996732	0.0104435	0	0.00103623	0.112045	0	0	0	0.0204182	
0.996723	0.0104625	0	0.00103812	0.111238	0	0	0	0.0201742	
0.996713	0.0104814	0	0.00103999	0.110436	0	0	0	0.0199333	
0.996704	0.0105002	0	0.00104186	0.10964	0	0	0	0.0196955	
0.996694	0.0105189	0	0.00104371	0.10885	0	0	0	0.0194607	
0.996685	0.0105374	0	0.00104555	0.108066	0	0	0	0.019229	
0.996675	0.0105558	0	0.00104738	0.107288	0	0	0	0.0190002	
0.996665	0.0105741	0	0.0010492	0.106515	0	0	0	0.0187744	
0.996656	0.0105924	0	0.001051	0.105747	0	0	0	0.0185514	
0.996646	0.0106104	0	0.0010528	0.104986	0	0	0	0.0183313	
0.996637	0.0106284	0	0.00105458	0.104229	0	0	0	0.018114	
0.996627	0.0106463	0	0.00105635	0.103479	0	0	0	0.0178995	
0.996618	0.010664	0	0.00105811	0.102733	0	0	0	0.0176877	
0.996608	0.0106817	0	0.00105986	0.101993	0	0	0	0.0174786	
0.996598	0.0106992	0	0.0010616	0.101259	0	0	0	0.0172722	
0.996589	0.0107166	0	0.00106333	0.100529	0	0	0	0.0170684	
0.996579	0.0107339	0	0.00106505	0.0998054	0	0	0	0.0168672	
0.99657	0.0107511	0	0.00106676	0.0990867	0	0	0	0.0166686	
0.99656	0.0107682	0	0.00106845	0.0983732	0	0	0	0.0164725	
0.996551	0.0107852	0	0.00107014	0.0976648	0	0	0	0.0162789	
0.996541	0.0108021	0	0.00107181	0.0969615	0	0	0	0.0160877	
0.996532	0.0108189	0	0.00107348	0.0962634	0	0	0	0.015899	
0.996522	0.0108355	0	0.00107513	0.0955703	0	0	0	0.0157127	
0.996513	0.0108521	0	0.00107678	0.0948822	0	0	0	0.0155288	
0.996503	0.0108686	0	0.00107841	0.0941991	0	0	0	0.0153472	
0.996493	0.0108849	0	0.00108003	0.0935209	0	0	0	0.0151679	
0.996484	0.0109012	0	0.00108164	0.0928477	0	0	0	0.0149908	
0.996474	0.0109173	0	0.00108325	0.0921793	0	0	0	0.014816	
0.996465	0.0109334	0	0.00108484	0.0915157	0	0	0	0.0146435	
0.996455	0.0109493	0	0.00108642	0.090857	0	0	0	0.0144731	
0.996446	0.0109651	0	0.00108799	0.090203	0	0	0	0.0143049	
0.996436	0.0109809	0	0.00108955	0.0895538	0	0	0	0.0141388	
0.996427	0.0109965	0	0.0010911	0.0889092	0	0	0	0.0139748	
0.996417	0.0110121	0	0.00109265	0.0882693	0	0	0	0.0138129	
0.996408	0.0110275	0	0.00109418	0.087634	0	0	0	0.013653	
0.996398	0.0110429	0	0.0010957	0.0870034	0	0	0	0.0134951	
0.996389	0.0110581	0	0.00109721	0.0863772	0	0	0	0.0133393	
0.996379	0.0110732	0	0.00109872	0.0857556	0	0	0	0.0131854	
0.99637	0.0110883	0	0.00110021	0.0851386	0	0	0	0.0130334	
0.99636	0.0111033	0	0.00110169	0.0845259	0	0	0	0.0128834	
0.99635	0.0111181	0	0.00110317	0.0839177	0	0	0	0.0127352	
0.996341	0.0111329	0	0.00110463	0.0833139	0	0	0	0.012589	
0.996331	0.0111475	0	0.00110609	0.0827145	0	0	0	0.0124445	
0.996322	0.0111621	0	0.00110754	0.0821194	0	0	0	0.0123019	
0.996312	0.0111766	0	0.00110897	0.0815286	0	0	0	0.0121611	
0.996303	0.011191	0	0.0011104	0.080942	0	0	0	0.012022	
0.996293	0.0112053	0	0.00111182	0.0803597	0	0	0	0.0118847	
0.996284	0.0112195	0	0.00111323	0.0797816	0	0	0	0.0117492	
0.996274	0.0112336	0	0.00111463	0.0792077	0	0	0	0.0116153	
0.996265	0.0112476	0	0.00111602	0.078638	0	0	0	0.0114831	
0.996255	0.0112616	0	0.0011174	0.0780723	0	0	0	0.0113525	
0.996246	0.0112754	0	0.00111877	0.0775107	0	0	0	0.0112236	
0.996236	0.0112892	0	0.00112014	0.0769532	0	0	0	0.0110964	
0.996227	0.0113028	0	0.00112149	0.0763998	0	0	0	0.0109707	
0.996217	0.0113164	0	0.00112284	0.0758503	0	0	0	0.0108465	
0.996208	0.0113299	0	0.00112418	0.0753048	0	0	0	0.010724	
0.996198	0.0113433	0	0.00112551	0.0747632	0	0	0	0.0106029	
0.996189	0.0113566	0	0.00112683	0.0742256	0	0	0	0.0104834	
0.996179	0.0113698	0	0.00112814	0.0736918	0	0	0	0.0103654	
0.99617	0.011383	0	0.00112945	0.0731619	0	0	0	0.0102488	
0.99616	0.011396	0	0.00113074	0.0726358	0	0	0	0.0101337	
0.996151	0.011409	0	0.00113203	0.0721135	0	0	0	0.0100201	
0.996141	0.0114219	0	0.00113331	0.071595	0	0	0	0.00990784	
0.996132	0.0114347	0	0.00113458	0.0710802	0	0	0	0.00979699	
0.996122	0.0114474	0	0.00113584	0.0705692	0	0	0	0.00968752	
0.996113	0.01146	0	0.00113709	0.0700618	0	0	0	0.00957942	
0.996103	0.0114726	0	0.00113834	0.0695581	0	0	0	0.00947266	
0.996094	0.0114851	0	0.00113958	0.069058	0	0	0	0.00936723	
0.996084	0.0114975	0	0.00114081	0.0685616	0	0	0	0.0092631	
0.996075	0.0115098	0	0.00114203	0.0680687	0	0	0	0.00916028	
0.996065	0.011522	0	0.00114324	0.0675794	0	0	0	0.00905872	
0.996056	0.0115341	0	0.00114445	0.0670936	0	0	0	0.00895843	
0.996046	0.0115462	0	0.00114564	0.0666113	0	0	0	0.00885938	
0.996037	0.0115582	0	0.00114683	0.0661325	0	0	0	0.00876156	
0.996027	0.0115701	0	0.00114802	0.0656572	0	0	0	0.00866495	
0.996018	0.011582	0	0.00114919	0.0651853	0	0	0	0.00856954	
0.996008	0.0115937	0	0.00115036	0.0647168	0	0	0	0.00847531	
0.995999	0.0116054	0	0.00115152	0.0642517	0	0	0	0.00838224	
0.995989	0.011617	0	0.00115267	0.0637899	0	0	0	0.00829032	
0.99598	0.0116285	0	0.00115381	0.0633315	0	0	0	0.00819954	
0.99597	0.01164	0	0.00115495	0.0628764	0	0	0	0.00810988	
0.995961	0.0116514	0	0.00115608	0.0624245	0	0	0	0.00802132	
0.995951	0.0116627	0	0.0011572	0.0619759	0	0	0	0.00793386	
0.995942	0.0116739	0	0.00115831	0.0615306	0	0	0	0.00784747	
0.995932	0.011685	0	0.00115942	0.0610885	0	0	0	0.00776215	
0.995923	0.0116961	0	0.00116052	0.0606495	0	0	0	0.00767788	
0.995913	0.0117071	0	0.00116161	0.0602138	0	0	0	0.00759465	
0.995904	0.0117181	0	0.0011627	0.0597811	0	0	0	0.00751244	
0.995895	0.0117289	0	0.00116377	0.0593516	0	0	0	0.00743124	
0.995885	0.0117397	0	0.00116484	0.0589252	0	0	0	0.00735103	
0.995876	0.0117504	0	0.00116591	0.0585019	0	0	0	0.00727182	
0.995866	0.0117611	0	0.00116696	0.0580816	0	0	0	0.00719357	
0.995857	0.0117717	0	0.00116801	0.0576643	0	0	0	0.00711628	
0.995847	0.0117822	0	0.00116906	0.0572501	0	0	0	0.00703994	
0.995838	0.0117926	0	0.00117009	0.0568388	0	0	0	0.00696454	
0.995828	0.011803	0	0.00117112	0.0564306	0	0	0	0.00689005	
0.995819	0.0118133	0	0.00117214	0.0560252	0	0	0	0.00681648	
0.995809	0.0118235	0	0.00117316	0.0556228	0	0	0	0.00674381	
0.9958	0.0118337	0	0.00117417	0.0552233	0	0	0	0.00667202	
0.99579	0.0118438	0	0.00117517	0.0548266	0	0	0	0.00660112	
0.995781	0.0118538	0	0.00117617	0.0544329	0	0	0	0.00653107	
0.995771	0.0118638	0	0.00117715	0.0540419	0	0	0	0.00646188	
0.995762	0.0118737	0	0.00117814	0.0536538	0	0	0	0.00639354	
0.995752	0.0118835	0	0.00117911	0.0532685	0	0	0	0.00632603	
0.995743	0.0118933	0	0.00118008	0.0528859	0	0	0	0.00625933	
0.995734	0.011903	0	0.00118104	0.0525061	0	0	0	0.00619345	
0.995724	0.0119126	0	0.001182	0.0521291	0	0	0	0.00612837	
0.995715	0.0119222	0	0.00118295	0.0517548	0	0	0	0.00606408	
0.995705	0.0119317	0	0.00118389	0.0513831	0	0	0	0.00600058	
0.995696	0.0119412	0	0.00118483	0.0510142	0	0	0	0.00593784	
0.995686	0.0119505	0	0.00118576	0.0506479	0	0	0	0.00587586	
0.995677	0.0119599	0	0.00118669	0.0502842	0	0	0	0.00581464	
0.995667	0.0119691	0	0.00118761	0.0499232	0	0	0	0.00575415	
0.995658	0.0119783	0	0.00118852	0.0495648	0	0	0	0.0056944	
0.995648	0.0119875	0	0.00118943	0.0492089	0	0	0	0.00563537	
0.995639	0.0119965	0	0.00119033	0.0488556	0	0	0	0.00557705	
0.995629	0.0120055	0	0.00119122	0.0485049	0	0	0	0.00551944	
0.99562	0.0120145	0	0.00119211	0.0481567	0	0	0	0.00546252	
0.995611	0.0120234	0	0.00119299	0.047811	0	0	0	0.00540629	
0.995601	0.0120322	0	0.00119387	0.0474678	0	0	0	0.00535074	
0.995592	0.012041	0	0.00119474	0.047127	0	0	0	0.00529586	
0.995582	0.0120497	0	0.0011956	0.0467887	0	0	0	0.00524164	
0.995573	0.0120584	0	0.00119646	0.0464529	0	0	0	0.00518807	
0.995563	0.012067	0	0.00119732	0.0461195	0	0	0	0.00513514	
0.995554	0.0120755	0	0.00119816	0.0457884	0	0	0	0.00508286	
0.995544	0.012084	0	0.00119901	0.0454598	0	0	0	0.00503119	
0.995535	0.0120925	0	0.00119984	0.0451335	0	0	0	0.00498015	
0.995525	0.0121008	0	0.00120067	0.0448096	0	0	0	0.00492972	
0.995516	0.0121091	0	0.0012015	0.044488	0	0	0	0.0048799	
0.995507	0.0121174	0	0.00120232	0.0441687	0	0	0	0.00483067	
0.995497	0.0121256	0	0.00120313	0.0438518	0	0	0	0.00478203	
0.995488	0.0121338	0	0.00120394	0.0435371	0	0	0	0.00473398	
0.995478	0.0121419	0	0.00120475	0.0432247	0	0	0	0.00468649	
0.995469	0.0121499	0	0.00120554	0.0429145	0	0	0	0.00463958	
0.995459	0.0121579	0	0.00120634	0.0426065	0	0	0	0.00459322	
0.99545	0.0121658	0	0.00120712	0.0423008	0	0	0	0.00454742	
0.99544	0.0121737	0	0.0012079	0.0419973	0	0	0	0.00450216	
0.995431	0.0121815	0	0.00120868	0.041696	0	0	0	0.00445745	
0.995422	0.0121893	0	0.00120945	0.0413968	0	0	0	0.00441326	
0.995412	0.012197	0	0.00121022	0.0410998	0	0	0	0.0043696	
0.995403	0.0122047	0	0.00121098	0.0408049	0	0	0	0.00432646	
0.995393	0.0122123	0	0.00121174	0.0405122	0	0	0	0.00428383	
0.995384	0.0122199	0	0.00121249	0.0402215	0	0	0	0.00424171	
0.995374	0.0122274	0	0.00121323	0.039933	0	0	0	0.00420009	
0.995365	0.0122349	0	0.00121397	0.0396465	0	0	0	0.00415896	
0.995355	0.0122423	0	0.00121471	0.0393621	0	0	0	0.00411832	
0.995346	0.0122497	0	0.00121544	0.0390797	0	0	0	0.00407816	
0.995337	0.012257	0	0.00121617	0.0387994	0	0	0	0.00403847	
0.995327	0.0122642	0	0.00121689	0.0385211	0	0	0	0.00399926	
0.995318	0.0122715	0	0.0012176	0.0382448	0	0	0	0.0039605	
0.995308	0.0122786	0	0.00121831	0.0379705	0	0	0	0.00392221	
0.995299	0.0122857	0	0.00121902	0.0376981	0	0	0	0.00388437	
0.995289	0.0122928	0	0.00121972	0.0374277	0	0	0	0.00384697	
0.99528	0.0122998	0	0.00122042	0.0371593	0	0	0	0.00381001	
0.99527	0.0123068	0	0.00122111	0.0368928	0	0	0	0.00377349	
0.995261	0.0123137	0	0.0012218	0.0366282	0	0	0	0.0037374	
0.995252	0.0123206	0	0.00122248	0.0363655	0	0	0	0.00370173	
0.995242	0.0123275	0	0.00122316	0.0361047	0	0	0	0.00366648	
0.995233	0.0123342	0	0.00122383	0.0358458	0	0	0	0.00363164	
0.995223	0.012341	0	0.0012245	0.0355888	0	0	0	0.00359722	
0.995214	0.0123477	0	0.00122517	0.0353336	0	0	0	0.00356319	
0.995204	0.0123543	0	0.00122583	0.0350802	0	0	0	0.00352957	
0.995195	0.012361	0	0.00122648	0.0348286	0	0	0	0.00349633	
0.995186	0.0123675	0	0.00122713	0.0345789	0	0	0	0.00346349	
0.995176	0.012374	0	0.00122778	0.034331	0	0	0	0.00343103	
0.995167	0.0123805	0	0.00122842	0.0340848	0	0	0	0.00339895	
0.995157	0.0123869	0	0.00122906	0.0338404	0	0	0	0.00336725	
0.995148	0.0123933	0	0.0012297	0.0335978	0	0	0	0.00333591	
0.995138	0.0123997	0	0.00123032	0.0333569	0	0	0	0.00330494	
0.995129	0.012406	0	0.00123095	0.0331178	0	0	0	0.00327433	
0.995119	0.0124122	0	0.00123157	0.0328804	0	0	0	0.00324407	
0.99511	0.0124184	0	0.00123219	0.0326446	0	0	0	0.00321417	
0.995101	0.0124246	0	0.0012328	0.0324106	0	0	0	0.00318462	
0.995091	0.0124307	0	0.00123341	0.0321783	0	0	0	0.0031554	
0.995082	0.0124368	0	0.00123401	0.0319476	0	0	0	0.00312653	
0.995072	0.0124429	0	0.00123461	0.0317186	0	0	0	0.00309799	
0.995063	0.0124489	0	0.00123521	0.0314913	0	0	0	0.00306978	
0.995053	0.0124548	0	0.0012358	0.0312655	0	0	0	0.0030419	
0.995044	0.0124608	0	0.00123639	0.0310414	0	0	0	0.00301434	
0.995035	0.0124666	0	0.00123697	0.0308189	0	0	0	0.0029871	
0.995025	0.0124725	0	0.00123755	0.0305981	0	0	0	0.00296018	
0.995016	0.0124783	0	0.00123813	0.0303788	0	0	0	0.00293356	
0.995006	0.0124841	0	0.0012387	0.030161	0	0	0	0.00290725	
0.994997	0.0124898	0	0.00123927	0.0299449	0	0	0	0.00288125	
0.994987	0.0124955	0	0.00123983	0.0297303	0	0	0	0.00285554	
0.994978	0.0125011	0	0.00124039	0.0295172	0	0	0	0.00283013	
0.994969	0.0125067	0	0.00124095	0.0293057	0	0	0	0.00280501	
0.994959	0.0125123	0	0.0012415	0.0290957	0	0	0	0.00278018	
0.99495	0.0125178	0	0.00124205	0.0288872	0	0	0	0.00275564	
0.99494	0.0125233	0	0.00124259	0.0286802	0	0	0	0.00273138	
0.994931	0.0125288	0	0.00124314	0.0284747	0	0	0	0.00270739	
0.994922	0.0125342	0	0.00124367	0.0282707	0	0	0	0.00268368	
0.994912	0.0125396	0	0.00124421	0.0280681	0	0	0	0.00266024	
0.994903	0.0125449	0	0.00124474	0.027867	0	0	0	0.00263707	
0.994893	0.0125502	0	0.00124526	0.0276673	0	0	0	0.00261416	
0.994884	0.0125555	0	0.00124579	0.0274691	0	0	0	0.00259152	
0.994874	0.0125607	0	0.00124631	0.0272723	0	0	0	0.00256913	
0.994865	0.0125659	0	0.00124682	0.0270769	0	0	0	0.002547	
0.994856	0.0125711	0	0.00124734	0.0268829	0	0	0	0.00252512	
0.994846	0.0125762	0	0.00124784	0.0266903	0	0	0	0.00250349	
0.994837	0.0125813	0	0.00124835	0.0264991	0	0	0	0.00248211	
0.994827	0.0125864	0	0.00124885	0.0263093	0	0	0	0.00246097	
0.994818	0.0125914	0	0.00124935	0.0261209	0	0	0	0.00244007	
0.994808	0.0125964	0	0.00124985	0.0259337	0	0	0	0.0024194	
0.994799	0.0126014	0	0.00125034	0.025748	0	0	0	0.00239898	
0.99479	0.0126063	0	0.00125083	0.0255636	0	0	0	0.00237878	
0.99478	0.0126112	0	0.00125131	0.0253805	0	0	0	0.00235881	
0.994771	0.012616	0	0.00125179	0.0251987	0	0	0	0.00233907	
0.994761	0.0126208	0	0.00125227	0.0250182	0	0	0	0.00231955	
0.994752	0.0126256	0	0.00125275	0.024839	0	0	0	0.00230025	
0.994743	0.0126304	0	0.00125322	0.0246611	0	0	0	0.00228117	
0.994733	0.0126351	0	0.00125369	0.0244845	0	0	0	0.0022623	
0.994724	0.0126398	0	0.00125415	0.0243092	0	0	0	0.00224365	
0.994714	0.0126445	0	0.00125461	0.0241351	0	0	0	0.0022252	
0.994705	0.0126491	0	0.00125507	0.0239622	0	0	0	0.00220697	
0.994695	0.0126537	0	0.00125553	0.0237906	0	0	0	0.00218894	
0.994686	0.0126582	0	0.00125598	0.0236203	0	0	0	0.00217111	
0.994677	0.0126628	0	0.00125643	0.0234511	0	0	0	0.00215348	
0.994667	0.0126673	0	0.00125688	0.0232832	0	0	0	0.00213605	
0.994658	0.0126717	0	0.00125732	0.0231165	0	0	0	0.00211881	
0.994648	0.0126762	0	0.00125776	0.022951	0	0	0	0.00210177	
0.994639	0.0126806	0	0.0012582	0.0227867	0	0	0	0.00208492	
0.99463	0.012685	0	0.00125863	0.0226235	0	0	0	0.00206826	
0.99462	0.0126893	0	0.00125906	0.0224615	0	0	0	0.00205178	
0.994611	0.0126936	0	0.00125949	0.0223007	0	0	0	0.00203549	
0.994601	0.0126979	0	0.00125992	0.0221411	0	0	0	0.00201938	
0.994592	0.0127022	0	0.00126034	0.0219826	0	0	0	0.00200345	
0.994583	0.0127064	0	0.00126076	0.0218252	0	0	0	0.0019877	
0.994573	0.0127106	0	0.00126118	0.021669	0	0	0	0.00197212	
0.994564	0.0127148	0	0.00126159	0.0215139	0	0	0	0.00195672	
0.994554	0.0127189	0	0.001262	0.0213599	0	0	0	0.00194148	
0.994545	0.012723	0	0.00126241	0.021207	0	0	0	0.00192642	
0.994535	0.0127271	0	0.00126281	0.0210552	0	0	0	0.00191152	
0.994526	0.0127312	0	0.00126322	0.0209045	0	0	0	0.00189679	
0.994517	0.0127352	0	0.00126362	0.0207548	0	0	0	0.00188223	
0.994507	0.0127392	0	0.00126401	0.0206063	0	0	0	0.00186782	
0.994498	0.0127432	0	0.00126441	0.0204588	0	0	0	0.00185357	
0.994488	0.0127471	0	0.0012648	0.0203124	0	0	0	0.00183948	
0.994479	0.012751	0	0.00126519	0.020167	0	0	0	0.00182555	
0.99447	0.0127549	0	0.00126557	0.0200227	0	0	0	0.00181177	
0.99446	0.0127588	0	0.00126596	0.0198794	0	0	0	0.00179815	
0.994451	0.0127626	0	0.00126634	0.0197371	0	0	0	0.00178467	
0.994441	0.0127664	0	0.00126672	0.0195959	0	0	0	0.00177134	
0.994432	0.0127702	0	0.00126709	0.0194557	0	0	0	0.00175816	
0.994423	0.012774	0	0.00126747	0.0193165	0	0	0	0.00174512	
0.994413	0.0127777	0	0.00126784	0.0191783	0	0	0	0.00173223	
0.994404	0.0127814	0	0.0012682	0.019041	0	0	0	0.00171948	
0.994394	0.0127851	0	0.00126857	0.0189048	0	0	0	0.00170687	
0.994385	0.0127888	0	0.00126893	0.0187695	0	0	0	0.0016944	
0.994376	0.0127924	0	0.00126929	0.0186352	0	0	0	0.00168206	
0.994366	0.012796	0	0.00126965	0.0185019	0	0	0	0.00166986	
0.994357	0.0127996	0	0.00127	0.0183696	0	0	0	0.0016578	
0.994347	0.0128031	0	0.00127036	0.0182381	0	0	0	0.00164586	
0.994338	0.0128067	0	0.00127071	0.0181077	0	0	0	0.00163406	
0.994329	0.0128102	0	0.00127106	0.0179781	0	0	0	0.00162239	
0.994319	0.0128136	0	0.0012714	0.0178495	0	0	0	0.00161084	
0.99431	0.0128171	0	0.00127174	0.0177218	0	0	0	0.00159942	
0.9943	0.0128205	0	0.00127208	0.0175951	0	0	0	0.00158812	
0.994291	0.0128239	0	0.00127242	0.0174692	0	0	0	0.00157695	
0.994282	0.0128273	0	0.00127276	0.0173443	0	0	0	0.0015659	
0.994272	0.0128307	0	0.00127309	0.0172202	0	0	0	0.00155497	
0.994263	0.012834	0	0.00127342	0.0170971	0	0	0	0.00154416	
0.994253	0.0128374	0	0.00127375	0.0169748	0	0	0	0.00153347	
0.994244	0.0128406	0	0.00127408	0.0168534	0	0	0	0.00152289	
0.994235	0.0128439	0	0.0012744	0.0167328	0	0	0	0.00151243	
0.994225	0.0128472	0	0.00127473	0.0166132	0	0	0	0.00150208	
0.994216	0.0128504	0	0.00127505	0.0164944	0	0	0	0.00149185	
0.994206	0.0128536	0	0.00127536	0.0163764	0	0	0	0.00148172	
0.994197	0.0128568	0	0.00127568	0.0162593	0	0	0	0.00147171	
0.994188	0.0128599	0	0.00127599	0.0161431	0	0	0	0.0014618	
0.994178	0.0128631	0	0.0012763	0.0160276	0	0	0	0.001452	
0.994169	0.0128662	0	0.00127661	0.015913	0	0	0	0.00144231	
0.994159	0.0128693	0	0.00127692	0.0157992	0	0	0	0.00143272	
0.99415	0.0128723	0	0.00127722	0.0156863	0	0	0	0.00142324	
0.994141	0.0128754	0	0.00127753	0.0155741	0	0	0	0.00141386	
0.994131	0.0128784	0	0.00127783	0.0154628	0	0	0	0.00140458	
0.994122	0.0128814	0	0.00127813	0.0153522	0	0	0	0.0013954	
0.994112	0.0128844	0	0.00127842	0.0152425	0	0	0	0.00138632	
0.994103	0.0128874	0	0.00127872	0.0151335	0	0	0	0.00137733	
0.994094	0.0128903	0	0.00127901	0.0150253	0	0	0	0.00136845	
0.994084	0.0128933	0	0.0012793	0.0149179	0	0	0	0.00135966	
0.994075	0.0128962	0	0.00127959	0.0148113	0	0	0	0.00135097	
0.994065	0.012899	0	0.00127987	0.0147054	0	0	0	0.00134237	
0.994056	0.0129019	0	0.00128016	0.0146003	0	0	0	0.00133386	
0.994047	0.0129047	0	0.00128044	0.014496	0	0	0	0.00132544	
0.994037	0.0129076	0	0.00128072	0.0143924	0	0	0	0.00131712	
0.994028	0.0129104	0	0.001281	0.0142895	0	0	0	0.00130888	
0.994018	0.0129132	0	0.00128127	0.0141874	0	0	0	0.00130073	
0.994009	0.0129159	0	0.00128155	0.014086	0	0	0	0.00129267	
0.994	0.0129187	0	0.00128182	0.0139853	0	0	0	0.0012847	
0.99399	0.0129214	0	0.00128209	0.0138854	0	0	0	0.00127681	
0.993981	0.0129241	0	0.00128236	0.0137862	0	0	0	0.00126901	
0.993971	0.0129268	0	0.00128263	0.0136876	0	0	0	0.00126129	
0.993962	0.0129295	0	0.00128289	0.0135898	0	0	0	0.00125365	
0.993953	0.0129321	0	0.00128315	0.0134927	0	0	0	0.0012461	
0.993943	0.0129347	0	0.00128342	0.0133963	0	0	0	0.00123863	
0.993934	0.0129374	0	0.00128368	0.0133006	0	0	0	0.00123124	
0.993924	0.01294	0	0.00128393	0.0132056	0	0	0	0.00122392	
0.993915	0.0129425	0	0.00128419	0.0131112	0	0	0	0.00121669	
0.993906	0.0129451	0	0.00128444	0.0130176	0	0	0	0.00120953	
0.993896	0.0129476	0	0.0012847	0.0129246	0	0	0	0.00120245	
0.993887	0.0129502	0	0.00128495	0.0128322	0	0	0	0.00119545	
0.993877	0.0129527	0	0.00128519	0.0127406	0	0	0	0.00118852	
0.993868	0.0129552	0	0.00128544	0.0126496	0	0	0	0.00118167	
0.993859	0.0129576	0	0.00128569	0.0125592	0	0	0	0.00117489	
0.993849	0.0129601	0	0.00128593	0.0124695	0	0	0	0.00116818	
0.99384	0.0129625	0	0.00128617	0.0123804	0	0	0	0.00116154	
0.993831	0.0129649	0	0.00128641	0.012292	0	0	0	0.00115498	
0.993821	0.0129673	0	0.00128665	0.0122042	0	0	0	0.00114849	
0.993812	0.0129697	0	0.00128689	0.0121171	0	0	0	0.00114206	
0.993802	0.0129721	0	0.00128712	0.0120305	0	0	0	0.00113571	
0.993793	0.0129745	0	0.00128736	0.0119446	0	0	0	0.00112942	
0.993784	0.0129768	0	0.00128759	0.0118593	0	0	0	0.0011232	
0.993774	0.0129791	0	0.00128782	0.0117746	0	0	0	0.00111705	
0.993765	0.0129814	0	0.00128805	0.0116905	0	0	0	0.00111096	
0.993755	0.0129837	0	0.00128827	0.0116071	0	0	0	0.00110494	
0.993746	0.012986	0	0.0012885	0.0115242	0	0	0	0.00109898	
0.993737	0.0129882	0	0.00128872	0.0114419	0	0	0	0.00109309	
0.993727	0.0129905	0	0.00128895	0.0113602	0	0	0	0.00108726	
0.993718	0.0129927	0	0.00128917	0.0112791	0	0	0	0.0010815	
0.993708	0.0129949	0	0.00128939	0.0111986	0	0	0	0.0010758	
0.993699	0.0129971	0	0.0012896	0.0111186	0	0	0	0.00107015	
0.99369	0.0129993	0	0.00128982	0.0110393	0	0	0	0.00106457	
0.99368	0.0130014	0	0.00129003	0.0109605	0	0	0	0.00105905	
0.993671	0.0130036	0	0.00129025	0.0108822	0	0	0	0.00105359	
0.993662	0.0130057	0	0.00129046	0.0108046	0	0	0	0.00104819	
0.993652	0.0130078	0	0.00129067	0.0107274	0	0	0	0.00104285	
0.993643	0.0130099	0	0.00129088	0.0106509	0	0	0	0.00103756	
0.993633	0.013012	0	0.00129108	0.0105748	0	0	0	0.00103233	
0.993624	0.0130141	0	0.00129129	0.0104994	0	0	0	0.00102716	
0.993615	0.0130162	0	0.00129149	0.0104244	0	0	0	0.00102205	
0.993605	0.0130182	0	0.0012917	0.0103501	0	0	0	0.00101699	
0.993596	0.0130202	0	0.0012919	0.0102762	0	0	0	0.00101198	
0.993586	0.0130223	0	0.0012921	0.0102029	0	0	0	0.00100703	
0.993577	0.0130243	0	0.0012923	0.0101301	0	0	0	0.00100214	
0.993568	0.0130262	0	0.00129249	0.0100578	0	0	0	0.000997293	
0.993558	0.0130282	0	0.00129269	0.00998602	0	0	0	0.000992504	
0.993549	0.0130302	0	0.00129289	0.00991477	0	0	0	0.000987767	
0.99354	0.0130321	0	0.00129308	0.00984403	0	0	0	0.000983082	
0.99353	0.0130341	0	0.00129327	0.0097738	0	0	0	0.000978449	
0.993521	0.013036	0	0.00129346	0.00970407	0	0	0	0.000973867	
0.993511	0.0130379	0	0.00129365	0.00963485	0	0	0	0.000969335	
0.993502	0.0130398	0	0.00129384	0.00956612	0	0	0	0.000964853	
0.993493	0.0130417	0	0.00129402	0.00949788	0	0	0	0.000960421	
0.993483	0.0130435	0	0.00129421	0.00943013	0	0	0	0.000956038	
0.993474	0.0130454	0	0.00129439	0.00936287	0	0	0	0.000951704	
0.993464	0.0130472	0	0.00129458	0.00929609	0	0	0	0.000947418	
0.993455	0.013049	0	0.00129476	0.00922979	0	0	0	0.00094318	
0.993446	0.0130509	0	0.00129494	0.00916397	0	0	0	0.00093899	
0.993436	0.0130527	0	0.00129511	0.00909862	0	0	0	0.000934846	
0.993427	0.0130544	0	0.00129529	0.00903373	0	0	0	0.00093075	
0.993418	0.0130562	0	0.00129547	0.00896931	0	0	0	0.000926699	
0.993408	0.013058	0	0.00129564	0.00890536	0	0	0	0.000922694	
0.993399	0.0130597	0	0.00129582	0.00884186	0	0	0	0.000918735	
0.993389	0.0130615	0	0.00129599	0.00877882	0	0	0	0.000914821	
0.99338	0.0130632	0	0.00129616	0.00871623	0	0	0	0.000910951	
0.993371	0.0130649	0	0.00129633	0.00865408	0	0	0	0.000907126	
0.993361	0.0130666	0	0.0012965	0.00859239	0	0	0	0.000903345	
0.993352	0.0130683	0	0.00129667	0.00853114	0	0	0	0.000899608	
0.993343	0.01307	0	0.00129683	0.00847032	0	0	0	0.000895914	
0.993333	0.0130717	0	0.001297	0.00840994	0	0	0	0.000892263	
0.993324	0.0130733	0	0.00129716	0.00835	0	0	0	0.000888655	
0.993314	0.0130749	0	0.00129733	0.00829048	0	0	0	0.000885089	
0.993305	0.0130766	0	0.00129749	0.0082314	0	0	0	0.000881565	
0.993296	0.0130782	0	0.00129765	0.00817273	0	0	0	0.000878083	
0.993286	0.0130798	0	0.00129781	0.00811449	0	0	0	0.000874642	
0.993277	0.0130814	0	0.00129797	0.00805666	0	0	0	0.000871243	
0.993267	0.013083	0	0.00129813	0.00799925	0	0	0	0.000867885	
0.993258	0.0130846	0	0.00129828	0.00794225	0	0	0	0.000864568	
0.993249	0.0130861	0	0.00129844	0.00788566	0	0	0	0.000861291	
0.993239	0.0130877	0	0.00129859	0.00782947	0	0	0	0.000858054	
0.99323	0.0130892	0	0.00129874	0.00777369	0	0	0	0.000854858	
0.993221	0.0130908	0	0.0012989	0.00771831	0	0	0	0.000851701	
0.993211	0.0130923	0	0.00129905	0.00766332	0	0	0	0.000848584	
0.993202	0.0130938	0	0.0012992	0.00760873	0	0	0	0.000845506	
0.993192	0.0130953	0	0.00129935	0.00755453	0	0	0	0.000842468	
0.993183	0.0130968	0	0.00129949	0.00750072	0	0	0	0.000839469	
0.993174	0.0130983	0	0.00129964	0.0074473	0	0	0	0.000836509	
0.993164	0.0130997	0	0.00129979	0.00739426	0	0	0	0.000833588	
0.993155	0.0131012	0	0.00129993	0.0073416	0	0	0	0.000830706	
0.993146	0.0131026	0	0.00130007	0.00728931	0	0	0	0.000827862	
0.993136	0.0131041	0	0.00130022	0.0072374	0	0	0	0.000825057	
0.993127	0.0131055	0	0.00130036	0.00718587	0	0	0	0.000822291	
0.993117	0.0131069	0	0.0013005	0.0071347	0	0	0	0.000819563	
0.993108	0.0131083	0	0.00130064	0.0070839	0	0	0	0.000816874	
0.993099	0.0131097	0	0.00130078	0.00703347	0	0	0	0.000814224	
0.993089	0.0131111	0	0.00130091	0.00698339	0	0	0	0.000811613	
0.99308	0.0131125	0	0.00130105	0.00693368	0	0	0	0.00080904	
0.993071	0.0131139	0	0.00130119	0.00688432	0	0	0	0.000806506	
0.993061	0.0131152	0	0.00130132	0.00683532	0	0	0	0.000804011	
0.993052	0.0131166	0	0.00130146	0.00678666	0	0	0	0.000801556	
0.993042	0.0131179	0	0.00130159	0.00673836	0	0	0	0.00079914	
0.993033	0.0131192	0	0.00130172	0.0066904	0	0	0	0.000796764	
0.993024	0.0131206	0	0.00130185	0.00664279	0	0	0	0.000794429	
0.993014	0.0131219	0	0.00130198	0.00659552	0	0	0	0.000792134	
0.993005	0.0131232	0	0.00130211	0.00654859	0	0	0	0.00078988	
0.992996	0.0131245	0	0.00130224	0.00650199	0	0	0	0.000787669	
0.992986	0.0131258	0	0.00130237	0.00645573	0	0	0	0.0007855	
0.992977	0.013127	0	0.0013025	0.0064098	0	0	0	0.000783374	
0.992967	0.0131283	0	0.00130262	0.0063642	0	0	0	0.000781293	
0.992958	0.0131296	0	0.00130275	0.00631893	0	0	0	0.000779257	
0.992949	0.0131308	0	0.00130287	0.00627398	0	0	0	0.000777268	
