1	0	0	0	1	0	0	0	1	
0.999989	1.41407e-06	0	9.38179e-08	0.991635	0	0	0	0.987537	
0.999977	5.54212e-06	0	3.68098e-07	0.98342	0	0	0	0.975372	
0.999966	1.22557e-05	0	8.13928e-07	0.975278	0	0	0	0.96336	
0.999955	2.14247e-05	0	1.42267e-06	0.967207	0	0	0	0.951501	
0.999944	3.2929e-05	0	2.18637e-06	0.959207	0	0	0	0.939792	
0.999933	4.66577e-05	0	3.09765e-06	0.951276	0	0	0	0.928231	
0.999922	6.25077e-05	0	4.14968e-06	0.943415	0	0	0	0.916815	
0.999912	8.03828e-05	0	5.33608e-06	0.935621	0	0	0	0.905544	
0.999901	0.000100193	0	6.65089e-06	0.927896	0	0	0	0.894414	
0.999891	0.000121855	0	8.08854e-06	0.920237	0	0	0	0.883425	
0.99988	0.00014529	0	9.64379e-06	0.912645	0	0	0	0.872573	
0.99987	0.000170422	0	1.13117e-05	0.905118	0	0	0	0.861859	
0.99986	0.000197182	0	1.30876e-05	0.897656	0	0	0	0.851279	
0.999849	0.000225504	0	1.49671e-05	0.890258	0	0	0	0.840831	
0.999839	0.000255324	0	1.69461e-05	0.882924	0	0	0	0.830515	
0.999829	0.000286583	0	1.90205e-05	0.875653	0	0	0	0.820329	
0.999819	0.000319223	0	2.11865e-05	0.868445	0	0	0	0.81027	
0.999809	0.000353191	0	2.34407e-05	0.861298	0	0	0	0.800337	
0.999799	0.000388434	0	2.57794e-05	0.854213	0	0	0	0.790529	
0.99979	0.000424904	0	2.81996e-05	0.847188	0	0	0	0.780843	
0.99978	0.000462552	0	3.06979e-05	0.840223	0	0	0	0.771279	
0.99977	0.000501334	0	3.32714e-05	0.833318	0	0	0	0.761834	
0.999761	0.000541206	0	3.59173e-05	0.826472	0	0	0	0.752508	
0.999751	0.000582125	0	3.86327e-05	0.819684	0	0	0	0.743298	
0.999742	0.000624053	0	4.14149e-05	0.812954	0	0	0	0.734203	
0.999732	0.000666949	0	4.42615e-05	0.806281	0	0	0	0.725222	
0.999723	0.000710778	0	4.71698e-05	0.799665	0	0	0	0.716352	
0.999714	0.000755502	0	5.01377e-05	0.793105	0	0	0	0.707594	
0.999704	0.000801088	0	5.31626e-05	0.786601	0	0	0	0.698945	
0.999695	0.000847501	0	5.62425e-05	0.780152	0	0	0	0.690404	
0.999686	0.00089471	0	5.93752e-05	0.773758	0	0	0	0.681969	
0.999677	0.000942684	0	6.25586e-05	0.767418	0	0	0	0.67364	
0.999668	0.000991391	0	6.57907e-05	0.761132	0	0	0	0.665414	
0.999659	0.0010408	0	6.90696e-05	0.754899	0	0	0	0.657291	
0.99965	0.00109089	0	7.23934e-05	0.748719	0	0	0	0.649269	
0.999641	0.00114163	0	7.57603e-05	0.742591	0	0	0	0.641346	
0.999632	0.001193	0	7.91685e-05	0.736515	0	0	0	0.633523	
0.999623	0.00124496	0	8.26164e-05	0.73049	0	0	0	0.625796	
0.999614	0.00129749	0	8.61023e-05	0.724516	0	0	0	0.618166	
0.999606	0.00135057	0	8.96246e-05	0.718592	0	0	0	0.610631	
0.999597	0.00140418	0	9.31817e-05	0.712718	0	0	0	0.603189	
0.999588	0.00145828	0	9.67721e-05	0.706894	0	0	0	0.59584	
0.99958	0.00151287	0	0.000100394	0.701119	0	0	0	0.588582	
0.999571	0.00156792	0	0.000104047	0.695392	0	0	0	0.581415	
0.999563	0.00162341	0	0.000107729	0.689713	0	0	0	0.574336	
0.999554	0.00167932	0	0.000111439	0.684083	0	0	0	0.567345	
0.999546	0.00173562	0	0.000115175	0.678499	0	0	0	0.560441	
0.999537	0.0017923	0	0.000118936	0.672962	0	0	0	0.553623	
0.999529	0.00184935	0	0.000122722	0.667472	0	0	0	0.546889	
0.99952	0.00190674	0	0.00012653	0.662028	0	0	0	0.540238	
0.999512	0.00196446	0	0.00013036	0.65663	0	0	0	0.533671	
0.999504	0.00202248	0	0.00013421	0.651277	0	0	0	0.527184	
0.999495	0.0020808	0	0.00013808	0.645968	0	0	0	0.520778	
0.999487	0.00213939	0	0.000141968	0.640704	0	0	0	0.514451	
0.999479	0.00219825	0	0.000145873	0.635484	0	0	0	0.508203	
0.999471	0.00225735	0	0.000149795	0.630308	0	0	0	0.502032	
0.999463	0.00231668	0	0.000153732	0.625175	0	0	0	0.495937	
0.999455	0.00237624	0	0.000157683	0.620085	0	0	0	0.489918	
0.999446	0.00243599	0	0.000161648	0.615038	0	0	0	0.483973	
0.999438	0.00249593	0	0.000165626	0.610032	0	0	0	0.478101	
0.99943	0.00255605	0	0.000169615	0.605069	0	0	0	0.472303	
0.999422	0.00261634	0	0.000173615	0.600146	0	0	0	0.466576	
0.999414	0.00267677	0	0.000177626	0.595265	0	0	0	0.46092	
0.999407	0.00273735	0	0.000181645	0.590425	0	0	0	0.455333	
0.999399	0.00279805	0	0.000185673	0.585624	0	0	0	0.449816	
0.999391	0.00285887	0	0.000189709	0.580864	0	0	0	0.444367	
0.999383	0.0029198	0	0.000193751	0.576144	0	0	0	0.438985	
0.999375	0.00298081	0	0.0001978	0.571462	0	0	0	0.433669	
0.999367	0.00304191	0	0.000201854	0.56682	0	0	0	0.42842	
0.999359	0.00310309	0	0.000205914	0.562216	0	0	0	0.423235	
0.999352	0.00316433	0	0.000209977	0.557651	0	0	0	0.418113	
0.999344	0.00322562	0	0.000214044	0.553123	0	0	0	0.413055	
0.999336	0.00328695	0	0.000218114	0.548633	0	0	0	0.40806	
0.999329	0.00334832	0	0.000222186	0.544181	0	0	0	0.403126	
0.999321	0.00340972	0	0.00022626	0.539765	0	0	0	0.398253	
0.999313	0.00347113	0	0.000230335	0.535386	0	0	0	0.39344	
0.999306	0.00353256	0	0.000234411	0.531043	0	0	0	0.388686	
0.999298	0.00359398	0	0.000238486	0.526736	0	0	0	0.38399	
0.99929	0.00365539	0	0.000242562	0.522465	0	0	0	0.379353	
0.999283	0.00371679	0	0.000246636	0.51823	0	0	0	0.374773	
0.999275	0.00377817	0	0.000250708	0.514029	0	0	0	0.370249	
0.999268	0.00383952	0	0.000254779	0.509863	0	0	0	0.36578	
0.99926	0.00390083	0	0.000258847	0.505732	0	0	0	0.361367	
0.999253	0.00396209	0	0.000262912	0.501635	0	0	0	0.357008	
0.999245	0.00402331	0	0.000266974	0.497571	0	0	0	0.352702	
0.999238	0.00408446	0	0.000271032	0.493542	0	0	0	0.34845	
0.999231	0.00414556	0	0.000275086	0.489545	0	0	0	0.344249	
0.999223	0.00420658	0	0.000279135	0.485582	0	0	0	0.340101	
0.999216	0.00426752	0	0.000283179	0.481651	0	0	0	0.336003	
0.999208	0.00432838	0	0.000287217	0.477753	0	0	0	0.331956	
0.999201	0.00438916	0	0.00029125	0.473887	0	0	0	0.327958	
0.999194	0.00444984	0	0.000295277	0.470053	0	0	0	0.32401	
0.999186	0.00451042	0	0.000299296	0.466251	0	0	0	0.32011	
0.999179	0.0045709	0	0.000303309	0.46248	0	0	0	0.316257	
0.999172	0.00463127	0	0.000307315	0.45874	0	0	0	0.312452	
0.999165	0.00469152	0	0.000311313	0.455031	0	0	0	0.308694	
0.999157	0.00475166	0	0.000315303	0.451352	0	0	0	0.304982	
0.99915	0.00481167	0	0.000319285	0.447704	0	0	0	0.301315	
0.999143	0.00487155	0	0.000323259	0.444085	0	0	0	0.297694	
0.999136	0.00493131	0	0.000327224	0.440497	0	0	0	0.294116	
0.999129	0.00499092	0	0.000331179	0.436938	0	0	0	0.290583	
0.999121	0.00505039	0	0.000335126	0.433408	0	0	0	0.287093	
0.999114	0.00510972	0	0.000339062	0.429908	0	0	0	0.283645	
0.999107	0.0051689	0	0.000342989	0.426436	0	0	0	0.28024	
0.9991	0.00522793	0	0.000346906	0.422993	0	0	0	0.276877	
0.999093	0.0052868	0	0.000350812	0.419578	0	0	0	0.273554	
0.999086	0.00534551	0	0.000354708	0.416191	0	0	0	0.270273	
0.999079	0.00540405	0	0.000358592	0.412832	0	0	0	0.267031	
0.999072	0.00546243	0	0.000362466	0.409501	0	0	0	0.263829	
0.999065	0.00552065	0	0.000366329	0.406196	0	0	0	0.260667	
0.999058	0.00557868	0	0.00037018	0.402919	0	0	0	0.257543	
0.999051	0.00563655	0	0.000374019	0.399669	0	0	0	0.254457	
0.999044	0.00569423	0	0.000377847	0.396446	0	0	0	0.251409	
0.999037	0.00575173	0	0.000381662	0.393249	0	0	0	0.248398	
0.99903	0.00580905	0	0.000385465	0.390078	0	0	0	0.245424	
0.999023	0.00586618	0	0.000389256	0.386933	0	0	0	0.242486	
0.999016	0.00592312	0	0.000393034	0.383814	0	0	0	0.239584	
0.999009	0.00597987	0	0.0003968	0.380721	0	0	0	0.236718	
0.999002	0.00603642	0	0.000400553	0.377653	0	0	0	0.233887	
0.998995	0.00609278	0	0.000404292	0.37461	0	0	0	0.23109	
0.998988	0.00614894	0	0.000408019	0.371592	0	0	0	0.228327	
0.998981	0.0062049	0	0.000411732	0.368599	0	0	0	0.225598	
0.998974	0.00626066	0	0.000415431	0.36563	0	0	0	0.222902	
0.998967	0.00631621	0	0.000419117	0.362685	0	0	0	0.220239	
0.99896	0.00637155	0	0.00042279	0.359765	0	0	0	0.217609	
0.998953	0.00642669	0	0.000426448	0.356868	0	0	0	0.215011	
0.998947	0.00648162	0	0.000430093	0.353995	0	0	0	0.212444	
0.99894	0.00653633	0	0.000433723	0.351146	0	0	0	0.209909	
0.998933	0.00659083	0	0.000437339	0.34832	0	0	0	0.207404	
0.998926	0.00664512	0	0.000440941	0.345517	0	0	0	0.20493	
0.998919	0.00669918	0	0.000444529	0.342737	0	0	0	0.202487	
0.998913	0.00675303	0	0.000448102	0.339979	0	0	0	0.200073	
0.998906	0.00680667	0	0.000451661	0.337244	0	0	0	0.197688	
0.998899	0.00686008	0	0.000455205	0.334532	0	0	0	0.195332	
0.998892	0.00691327	0	0.000458734	0.331841	0	0	0	0.193005	
0.998885	0.00696623	0	0.000462249	0.329173	0	0	0	0.190707	
0.998879	0.00701898	0	0.000465748	0.326526	0	0	0	0.188436	
0.998872	0.00707149	0	0.000469233	0.323901	0	0	0	0.186193	
0.998865	0.00712378	0	0.000472703	0.321298	0	0	0	0.183977	
0.998859	0.00717585	0	0.000476157	0.318715	0	0	0	0.181788	
0.998852	0.00722768	0	0.000479597	0.316154	0	0	0	0.179626	
0.998845	0.00727929	0	0.000483021	0.313613	0	0	0	0.17749	
0.998838	0.00733067	0	0.00048643	0.311093	0	0	0	0.17538	
0.998832	0.00738182	0	0.000489824	0.308594	0	0	0	0.173295	
0.998825	0.00743273	0	0.000493203	0.306115	0	0	0	0.171236	
0.998818	0.00748342	0	0.000496566	0.303657	0	0	0	0.169202	
0.998812	0.00753387	0	0.000499913	0.301218	0	0	0	0.167193	
0.998805	0.00758409	0	0.000503246	0.298799	0	0	0	0.165208	
0.998798	0.00763407	0	0.000506562	0.2964	0	0	0	0.163247	
0.998792	0.00768383	0	0.000509864	0.29402	0	0	0	0.16131	
0.998785	0.00773334	0	0.000513149	0.29166	0	0	0	0.159396	
0.998778	0.00778263	0	0.000516419	0.289319	0	0	0	0.157505	
0.998772	0.00783167	0	0.000519674	0.286997	0	0	0	0.155638	
0.998765	0.00788049	0	0.000522913	0.284694	0	0	0	0.153793	
0.998759	0.00792906	0	0.000526136	0.282409	0	0	0	0.15197	
0.998752	0.0079774	0	0.000529343	0.280144	0	0	0	0.15017	
0.998745	0.00802551	0	0.000532535	0.277896	0	0	0	0.148391	
0.998739	0.00807337	0	0.000535711	0.275667	0	0	0	0.146634	
0.998732	0.00812101	0	0.000538872	0.273456	0	0	0	0.144898	
0.998726	0.0081684	0	0.000542017	0.271263	0	0	0	0.143184	
0.998719	0.00821556	0	0.000545146	0.269088	0	0	0	0.141489	
0.998713	0.00826248	0	0.000548259	0.26693	0	0	0	0.139816	
0.998706	0.00830916	0	0.000551357	0.26479	0	0	0	0.138163	
0.9987	0.00835561	0	0.000554438	0.262667	0	0	0	0.136529	
0.998693	0.00840182	0	0.000557505	0.260562	0	0	0	0.134916	
0.998686	0.00844779	0	0.000560555	0.258474	0	0	0	0.133322	
0.99868	0.00849353	0	0.00056359	0.256402	0	0	0	0.131747	
0.998673	0.00853903	0	0.000566609	0.254347	0	0	0	0.130191	
0.998667	0.00858429	0	0.000569612	0.252309	0	0	0	0.128654	
0.99866	0.00862932	0	0.0005726	0.250288	0	0	0	0.127136	
0.998654	0.00867411	0	0.000575572	0.248283	0	0	0	0.125636	
0.998647	0.00871866	0	0.000578528	0.246294	0	0	0	0.124154	
0.998641	0.00876298	0	0.000581469	0.244322	0	0	0	0.12269	
0.998634	0.00880706	0	0.000584394	0.242365	0	0	0	0.121243	
0.998628	0.00885091	0	0.000587303	0.240424	0	0	0	0.119814	
0.998621	0.00889452	0	0.000590197	0.238499	0	0	0	0.118403	
0.998615	0.0089379	0	0.000593076	0.236589	0	0	0	0.117008	
0.998609	0.00898105	0	0.000595938	0.234695	0	0	0	0.11563	
0.998602	0.00902396	0	0.000598786	0.232817	0	0	0	0.114269	
0.998596	0.00906663	0	0.000601617	0.230953	0	0	0	0.112924	
0.998589	0.00910908	0	0.000604434	0.229105	0	0	0	0.111596	
0.998583	0.00915129	0	0.000607235	0.227271	0	0	0	0.110283	
0.998576	0.00919327	0	0.00061002	0.225453	0	0	0	0.108986	
0.99857	0.00923502	0	0.00061279	0.223649	0	0	0	0.107705	
0.998564	0.00927653	0	0.000615545	0.22186	0	0	0	0.106439	
0.998557	0.00931782	0	0.000618284	0.220085	0	0	0	0.105189	
0.998551	0.00935887	0	0.000621008	0.218324	0	0	0	0.103953	
0.998544	0.0093997	0	0.000623717	0.216578	0	0	0	0.102733	
0.998538	0.00944029	0	0.000626411	0.214846	0	0	0	0.101527	
0.998531	0.00948066	0	0.000629089	0.213128	0	0	0	0.100336	
0.998525	0.0095208	0	0.000631753	0.211424	0	0	0	0.0991585	
0.998519	0.00956071	0	0.000634401	0.209733	0	0	0	0.0979956	
0.998512	0.00960039	0	0.000637034	0.208056	0	0	0	0.0968467	
0.998506	0.00963985	0	0.000639652	0.206393	0	0	0	0.0957116	
0.9985	0.00967908	0	0.000642255	0.204743	0	0	0	0.0945901	
0.998493	0.00971809	0	0.000644844	0.203107	0	0	0	0.0934821	
0.998487	0.00975687	0	0.000647417	0.201484	0	0	0	0.0923874	
0.99848	0.00979543	0	0.000649976	0.199874	0	0	0	0.0913059	
0.998474	0.00983377	0	0.000652519	0.198276	0	0	0	0.0902374	
0.998468	0.00987188	0	0.000655048	0.196692	0	0	0	0.0891816	
0.998461	0.00990977	0	0.000657562	0.195121	0	0	0	0.0881386	
0.998455	0.00994744	0	0.000660062	0.193562	0	0	0	0.0871081	
0.998449	0.00998489	0	0.000662547	0.192016	0	0	0	0.0860899	
0.998442	0.0100221	0	0.000665017	0.190482	0	0	0	0.0850839	
0.998436	0.0100591	0	0.000667473	0.188961	0	0	0	0.08409	
0.99843	0.0100959	0	0.000669914	0.187452	0	0	0	0.0831081	
0.998423	0.0101325	0	0.000672341	0.185955	0	0	0	0.0821378	
0.998417	0.0101689	0	0.000674753	0.18447	0	0	0	0.0811793	
0.998411	0.010205	0	0.000677151	0.182997	0	0	0	0.0802321	
0.998404	0.0102409	0	0.000679535	0.181536	0	0	0	0.0792964	
0.998398	0.0102766	0	0.000681905	0.180087	0	0	0	0.0783718	
0.998392	0.0103121	0	0.00068426	0.17865	0	0	0	0.0774584	
0.998385	0.0103474	0	0.000686602	0.177224	0	0	0	0.0765558	
0.998379	0.0103825	0	0.000688929	0.175809	0	0	0	0.0756641	
0.998373	0.0104174	0	0.000691242	0.174406	0	0	0	0.074783	
0.998367	0.010452	0	0.000693541	0.173014	0	0	0	0.0739124	
0.99836	0.0104864	0	0.000695827	0.171634	0	0	0	0.0730523	
0.998354	0.0105207	0	0.000698098	0.170265	0	0	0	0.0722025	
0.998348	0.0105547	0	0.000700356	0.168906	0	0	0	0.0713628	
0.998341	0.0105885	0	0.0007026	0.167559	0	0	0	0.0705331	
0.998335	0.0106221	0	0.00070483	0.166222	0	0	0	0.0697134	
0.998329	0.0106555	0	0.000707046	0.164896	0	0	0	0.0689035	
0.998323	0.0106887	0	0.000709249	0.163581	0	0	0	0.0681032	
0.998316	0.0107217	0	0.000711439	0.162277	0	0	0	0.0673125	
0.99831	0.0107545	0	0.000713615	0.160983	0	0	0	0.0665312	
0.998304	0.0107871	0	0.000715777	0.159699	0	0	0	0.0657593	
0.998297	0.0108195	0	0.000717926	0.158426	0	0	0	0.0649965	
0.998291	0.0108517	0	0.000720062	0.157163	0	0	0	0.0642429	
0.998285	0.0108837	0	0.000722185	0.15591	0	0	0	0.0634982	
0.998279	0.0109155	0	0.000724294	0.154667	0	0	0	0.0627625	
0.998272	0.0109471	0	0.000726391	0.153434	0	0	0	0.0620355	
0.998266	0.0109785	0	0.000728474	0.152211	0	0	0	0.0613171	
0.99826	0.0110097	0	0.000730544	0.150998	0	0	0	0.0606074	
0.998254	0.0110407	0	0.000732601	0.149795	0	0	0	0.059906	
0.998248	0.0110715	0	0.000734646	0.148601	0	0	0	0.0592131	
0.998241	0.0111021	0	0.000736677	0.147417	0	0	0	0.0585284	
0.998235	0.0111325	0	0.000738696	0.146242	0	0	0	0.0578518	
0.998229	0.0111628	0	0.000740702	0.145077	0	0	0	0.0571833	
0.998223	0.0111928	0	0.000742695	0.143922	0	0	0	0.0565228	
0.998216	0.0112227	0	0.000744676	0.142775	0	0	0	0.0558701	
0.99821	0.0112523	0	0.000746644	0.141638	0	0	0	0.0552251	
0.998204	0.0112818	0	0.0007486	0.14051	0	0	0	0.0545879	
0.998198	0.0113111	0	0.000750543	0.139391	0	0	0	0.0539582	
0.998191	0.0113402	0	0.000752474	0.138281	0	0	0	0.053336	
0.998185	0.0113691	0	0.000754393	0.137179	0	0	0	0.0527212	
0.998179	0.0113978	0	0.000756299	0.136087	0	0	0	0.0521137	
0.998173	0.0114264	0	0.000758194	0.135004	0	0	0	0.0515134	
0.998167	0.0114547	0	0.000760076	0.133929	0	0	0	0.0509203	
0.99816	0.0114829	0	0.000761946	0.132863	0	0	0	0.0503341	
0.998154	0.0115109	0	0.000763804	0.131805	0	0	0	0.049755	
0.998148	0.0115387	0	0.00076565	0.130756	0	0	0	0.0491827	
0.998142	0.0115664	0	0.000767484	0.129715	0	0	0	0.0486172	
0.998136	0.0115939	0	0.000769306	0.128683	0	0	0	0.0480584	
0.998129	0.0116211	0	0.000771117	0.127658	0	0	0	0.0475063	
0.998123	0.0116483	0	0.000772916	0.126643	0	0	0	0.0469607	
0.998117	0.0116752	0	0.000774703	0.125635	0	0	0	0.0464215	
0.998111	0.0117019	0	0.000776478	0.124635	0	0	0	0.0458888	
0.998105	0.0117285	0	0.000778243	0.123643	0	0	0	0.0453623	
0.998099	0.0117549	0	0.000779995	0.12266	0	0	0	0.0448421	
0.998092	0.0117812	0	0.000781736	0.121684	0	0	0	0.0443281	
0.998086	0.0118073	0	0.000783466	0.120716	0	0	0	0.0438201	
0.99808	0.0118332	0	0.000785185	0.119756	0	0	0	0.0433181	
0.998074	0.0118589	0	0.000786892	0.118803	0	0	0	0.0428221	
0.998068	0.0118845	0	0.000788588	0.117858	0	0	0	0.042332	
0.998062	0.0119098	0	0.000790273	0.116921	0	0	0	0.0418476	
0.998055	0.0119351	0	0.000791947	0.115991	0	0	0	0.041369	
0.998049	0.0119601	0	0.00079361	0.115069	0	0	0	0.0408961	
0.998043	0.011985	0	0.000795263	0.114154	0	0	0	0.0404287	
0.998037	0.0120098	0	0.000796904	0.113246	0	0	0	0.0399668	
0.998031	0.0120343	0	0.000798534	0.112346	0	0	0	0.0395104	
0.998025	0.0120588	0	0.000800154	0.111453	0	0	0	0.0390594	
0.998018	0.012083	0	0.000801763	0.110567	0	0	0	0.0386138	
0.998012	0.0121071	0	0.000803361	0.109688	0	0	0	0.0381733	
0.998006	0.012131	0	0.000804949	0.108816	0	0	0	0.0377381	
0.998	0.0121548	0	0.000806526	0.107951	0	0	0	0.037308	
0.997994	0.0121784	0	0.000808093	0.107093	0	0	0	0.036883	
0.997988	0.0122019	0	0.000809649	0.106242	0	0	0	0.036463	
0.997981	0.0122252	0	0.000811195	0.105398	0	0	0	0.036048	
0.997975	0.0122483	0	0.00081273	0.10456	0	0	0	0.0356378	
0.997969	0.0122713	0	0.000814256	0.103729	0	0	0	0.0352325	
0.997963	0.0122941	0	0.000815771	0.102905	0	0	0	0.034832	
0.997957	0.0123168	0	0.000817276	0.102088	0	0	0	0.0344361	
0.997951	0.0123393	0	0.000818771	0.101277	0	0	0	0.034045	
0.997945	0.0123617	0	0.000820256	0.100472	0	0	0	0.0336584	
0.997939	0.012384	0	0.000821731	0.0996741	0	0	0	0.0332764	
0.997932	0.012406	0	0.000823197	0.0988824	0	0	0	0.0328989	
0.997926	0.012428	0	0.000824652	0.098097	0	0	0	0.0325258	
0.99792	0.0124498	0	0.000826098	0.0973179	0	0	0	0.0321571	
0.997914	0.0124714	0	0.000827533	0.096545	0	0	0	0.0317928	
0.997908	0.0124929	0	0.00082896	0.0957783	0	0	0	0.0314327	
0.997902	0.0125142	0	0.000830376	0.0950178	0	0	0	0.0310768	
0.997896	0.0125354	0	0.000831783	0.0942633	0	0	0	0.0307252	
0.99789	0.0125565	0	0.000833181	0.0935148	0	0	0	0.0303777	
0.997883	0.0125774	0	0.000834569	0.0927724	0	0	0	0.0300342	
0.997877	0.0125982	0	0.000835948	0.0920358	0	0	0	0.0296948	
0.997871	0.0126188	0	0.000837317	0.0913052	0	0	0	0.0293594	
0.997865	0.0126393	0	0.000838677	0.0905804	0	0	0	0.0290279	
0.997859	0.0126597	0	0.000840028	0.0898614	0	0	0	0.0287003	
0.997853	0.0126799	0	0.00084137	0.0891481	0	0	0	0.0283765	
0.997847	0.0127	0	0.000842702	0.0884406	0	0	0	0.0280565	
0.997841	0.0127199	0	0.000844026	0.0877387	0	0	0	0.0277403	
0.997834	0.0127398	0	0.00084534	0.0870424	0	0	0	0.0274278	
0.997828	0.0127594	0	0.000846646	0.0863516	0	0	0	0.0271189	
0.997822	0.012779	0	0.000847942	0.0856664	0	0	0	0.0268137	
0.997816	0.0127984	0	0.00084923	0.0849867	0	0	0	0.026512	
0.99781	0.0128177	0	0.000850509	0.0843124	0	0	0	0.0262139	
0.997804	0.0128368	0	0.000851779	0.0836434	0	0	0	0.0259193	
0.997798	0.0128558	0	0.000853041	0.0829798	0	0	0	0.0256281	
0.997792	0.0128747	0	0.000854294	0.0823215	0	0	0	0.0253403	
0.997786	0.0128935	0	0.000855538	0.0816685	0	0	0	0.0250559	
0.99778	0.0129121	0	0.000856774	0.0810207	0	0	0	0.0247748	
0.997773	0.0129306	0	0.000858001	0.080378	0	0	0	0.024497	
0.997767	0.0129489	0	0.00085922	0.0797405	0	0	0	0.0242224	
0.997761	0.0129672	0	0.000860431	0.0791081	0	0	0	0.023951	
0.997755	0.0129853	0	0.000861633	0.0784807	0	0	0	0.0236828	
0.997749	0.0130033	0	0.000862827	0.0778583	0	0	0	0.0234178	
0.997743	0.0130212	0	0.000864013	0.0772409	0	0	0	0.0231558	
0.997737	0.0130389	0	0.00086519	0.0766285	0	0	0	0.0228969	
0.997731	0.0130565	0	0.00086636	0.0760209	0	0	0	0.022641	
0.997725	0.013074	0	0.000867521	0.0754181	0	0	0	0.0223881	
0.997719	0.0130914	0	0.000868674	0.0748202	0	0	0	0.0221382	
0.997713	0.0131087	0	0.00086982	0.074227	0	0	0	0.0218911	
0.997706	0.0131258	0	0.000870957	0.0736386	0	0	0	0.021647	
0.9977	0.0131429	0	0.000872087	0.0730548	0	0	0	0.0214057	
0.997694	0.0131598	0	0.000873208	0.0724758	0	0	0	0.0211672	
0.997688	0.0131765	0	0.000874322	0.0719013	0	0	0	0.0209314	
0.997682	0.0131932	0	0.000875429	0.0713314	0	0	0	0.0206984	
0.997676	0.0132098	0	0.000876527	0.0707661	0	0	0	0.0204682	
0.99767	0.0132262	0	0.000877618	0.0702052	0	0	0	0.0202406	
0.997664	0.0132425	0	0.000878701	0.0696489	0	0	0	0.0200156	
0.997658	0.0132588	0	0.000879777	0.069097	0	0	0	0.0197933	
0.997652	0.0132749	0	0.000880845	0.0685494	0	0	0	0.0195736	
0.997646	0.0132908	0	0.000881906	0.0680063	0	0	0	0.0193564	
0.99764	0.0133067	0	0.00088296	0.0674674	0	0	0	0.0191417	
0.997634	0.0133225	0	0.000884006	0.0669329	0	0	0	0.0189295	
0.997627	0.0133381	0	0.000885045	0.0664026	0	0	0	0.0187198	
0.997621	0.0133537	0	0.000886076	0.0658766	0	0	0	0.0185125	
0.997615	0.0133691	0	0.0008871	0.0653547	0	0	0	0.0183077	
0.997609	0.0133845	0	0.000888118	0.064837	0	0	0	0.0181052	
0.997603	0.0133997	0	0.000889128	0.0643235	0	0	0	0.017905	
0.997597	0.0134148	0	0.000890131	0.063814	0	0	0	0.0177072	
0.997591	0.0134298	0	0.000891127	0.0633086	0	0	0	0.0175117	
0.997585	0.0134447	0	0.000892116	0.0628072	0	0	0	0.0173184	
0.997579	0.0134595	0	0.000893098	0.0623098	0	0	0	0.0171274	
0.997573	0.0134742	0	0.000894073	0.0618163	0	0	0	0.0169386	
0.997567	0.0134888	0	0.000895041	0.0613268	0	0	0	0.0167519	
0.997561	0.0135033	0	0.000896003	0.0608412	0	0	0	0.0165675	
0.997555	0.0135177	0	0.000896957	0.0603595	0	0	0	0.0163851	
0.997549	0.013532	0	0.000897905	0.0598816	0	0	0	0.0162049	
0.997543	0.0135462	0	0.000898847	0.0594075	0	0	0	0.0160268	
0.997537	0.0135602	0	0.000899782	0.0589371	0	0	0	0.0158507	
0.99753	0.0135742	0	0.00090071	0.0584706	0	0	0	0.0156767	
0.997524	0.0135881	0	0.000901631	0.0580077	0	0	0	0.0155046	
0.997518	0.0136019	0	0.000902546	0.0575485	0	0	0	0.0153346	
0.997512	0.0136156	0	0.000903455	0.057093	0	0	0	0.0151665	
0.997506	0.0136292	0	0.000904357	0.0566411	0	0	0	0.0150004	
0.9975	0.0136427	0	0.000905253	0.0561928	0	0	0	0.0148361	
0.997494	0.0136561	0	0.000906143	0.0557481	0	0	0	0.0146738	
0.997488	0.0136694	0	0.000907026	0.0553069	0	0	0	0.0145134	
0.997482	0.0136826	0	0.000907903	0.0548692	0	0	0	0.0143548	
0.997476	0.0136958	0	0.000908774	0.054435	0	0	0	0.014198	
0.99747	0.0137088	0	0.000909638	0.0540042	0	0	0	0.014043	
0.997464	0.0137217	0	0.000910497	0.0535769	0	0	0	0.0138898	
0.997458	0.0137346	0	0.000911349	0.053153	0	0	0	0.0137384	
0.997452	0.0137473	0	0.000912196	0.0527325	0	0	0	0.0135887	
0.997446	0.01376	0	0.000913036	0.0523153	0	0	0	0.0134408	
0.99744	0.0137726	0	0.00091387	0.0519014	0	0	0	0.0132945	
0.997434	0.0137851	0	0.000914699	0.0514908	0	0	0	0.01315	
0.997428	0.0137975	0	0.000915521	0.0510835	0	0	0	0.0130071	
0.997422	0.0138098	0	0.000916338	0.0506794	0	0	0	0.0128658	
0.997416	0.013822	0	0.000917149	0.0502785	0	0	0	0.0127262	
0.997409	0.0138341	0	0.000917954	0.0498808	0	0	0	0.0125882	
0.997403	0.0138462	0	0.000918754	0.0494863	0	0	0	0.0124517	
0.997397	0.0138581	0	0.000919547	0.0490949	0	0	0	0.0123168	
0.997391	0.01387	0	0.000920335	0.0487067	0	0	0	0.0121835	
0.997385	0.0138818	0	0.000921118	0.0483215	0	0	0	0.0120517	
0.997379	0.0138935	0	0.000921895	0.0479394	0	0	0	0.0119214	
0.997373	0.0139051	0	0.000922666	0.0475603	0	0	0	0.0117926	
0.997367	0.0139167	0	0.000923432	0.0471842	0	0	0	0.0116653	
0.997361	0.0139281	0	0.000924192	0.0468111	0	0	0	0.0115395	
0.997355	0.0139395	0	0.000924947	0.046441	0	0	0	0.0114151	
0.997349	0.0139508	0	0.000925696	0.0460739	0	0	0	0.0112921	
0.997343	0.013962	0	0.00092644	0.0457096	0	0	0	0.0111705	
0.997337	0.0139732	0	0.000927179	0.0453483	0	0	0	0.0110503	
0.997331	0.0139842	0	0.000927913	0.0449898	0	0	0	0.0109315	
0.997325	0.0139952	0	0.000928641	0.0446341	0	0	0	0.0108141	
0.997319	0.0140061	0	0.000929364	0.0442813	0	0	0	0.010698	
0.997313	0.0140169	0	0.000930082	0.0439313	0	0	0	0.0105832	
0.997307	0.0140276	0	0.000930795	0.0435841	0	0	0	0.0104697	
0.997301	0.0140383	0	0.000931502	0.0432396	0	0	0	0.0103576	
0.997295	0.0140489	0	0.000932205	0.0428979	0	0	0	0.0102467	
0.997289	0.0140594	0	0.000932902	0.0425589	0	0	0	0.0101371	
0.997283	0.0140698	0	0.000933595	0.0422226	0	0	0	0.0100287	
0.997277	0.0140802	0	0.000934282	0.0418889	0	0	0	0.00992156	
0.997271	0.0140905	0	0.000934965	0.0415579	0	0	0	0.00981565	
0.997265	0.0141007	0	0.000935642	0.0412295	0	0	0	0.00971095	
0.997259	0.0141108	0	0.000936315	0.0409038	0	0	0	0.00960745	
0.997253	0.0141209	0	0.000936983	0.0405806	0	0	0	0.00950512	
0.997247	0.0141309	0	0.000937646	0.04026	0	0	0	0.00940397	
0.997241	0.0141408	0	0.000938305	0.0399419	0	0	0	0.00930396	
0.997235	0.0141507	0	0.000938958	0.0396264	0	0	0	0.0092051	
0.997229	0.0141604	0	0.000939607	0.0393134	0	0	0	0.00910736	
0.997223	0.0141702	0	0.000940251	0.0390028	0	0	0	0.00901073	
0.997216	0.0141798	0	0.000940891	0.0386947	0	0	0	0.00891521	
0.99721	0.0141894	0	0.000941526	0.0383891	0	0	0	0.00882077	
0.997204	0.0141989	0	0.000942156	0.0380859	0	0	0	0.0087274	
0.997198	0.0142083	0	0.000942782	0.0377851	0	0	0	0.0086351	
0.997192	0.0142177	0	0.000943403	0.0374867	0	0	0	0.00854384	
0.997186	0.014227	0	0.00094402	0.0371906	0	0	0	0.00845363	
0.99718	0.0142362	0	0.000944632	0.0368969	0	0	0	0.00836444	
0.997174	0.0142453	0	0.00094524	0.0366056	0	0	0	0.00827626	
0.997168	0.0142544	0	0.000945844	0.0363165	0	0	0	0.00818908	
0.997162	0.0142635	0	0.000946443	0.0360298	0	0	0	0.00810289	
0.997156	0.0142724	0	0.000947038	0.0357453	0	0	0	0.00801768	
0.99715	0.0142813	0	0.000947628	0.0354631	0	0	0	0.00793344	
0.997144	0.0142902	0	0.000948214	0.0351831	0	0	0	0.00785015	
0.997138	0.0142989	0	0.000948796	0.0349053	0	0	0	0.0077678	
0.997132	0.0143076	0	0.000949374	0.0346297	0	0	0	0.00768639	
0.997126	0.0143163	0	0.000949948	0.0343564	0	0	0	0.0076059	
0.99712	0.0143249	0	0.000950517	0.0340852	0	0	0	0.00752632	
0.997114	0.0143334	0	0.000951082	0.0338161	0	0	0	0.00744765	
0.997108	0.0143419	0	0.000951644	0.0335492	0	0	0	0.00736986	
0.997102	0.0143502	0	0.000952201	0.0332844	0	0	0	0.00729296	
0.997096	0.0143586	0	0.000952754	0.0330217	0	0	0	0.00721692	
0.99709	0.0143669	0	0.000953303	0.0327611	0	0	0	0.00714174	
0.997084	0.0143751	0	0.000953848	0.0325025	0	0	0	0.00706742	
0.997078	0.0143832	0	0.000954389	0.032246	0	0	0	0.00699393	
0.997072	0.0143913	0	0.000954926	0.0319916	0	0	0	0.00692128	
0.997066	0.0143994	0	0.000955459	0.0317391	0	0	0	0.00684944	
0.99706	0.0144073	0	0.000955988	0.0314887	0	0	0	0.00677842	
0.997054	0.0144153	0	0.000956514	0.0312402	0	0	0	0.00670819	
0.997048	0.0144231	0	0.000957036	0.0309937	0	0	0	0.00663876	
0.997042	0.0144309	0	0.000957554	0.0307492	0	0	0	0.00657011	
0.997036	0.0144387	0	0.000958068	0.0305066	0	0	0	0.00650224	
0.99703	0.0144464	0	0.000958578	0.0302659	0	0	0	0.00643513	
0.997024	0.014454	0	0.000959085	0.0300271	0	0	0	0.00636878	
0.997018	0.0144616	0	0.000959587	0.0297903	0	0	0	0.00630318	
0.997012	0.0144691	0	0.000960087	0.0295553	0	0	0	0.00623831	
0.997006	0.0144766	0	0.000960582	0.0293221	0	0	0	0.00617418	
0.997	0.014484	0	0.000961074	0.0290909	0	0	0	0.00611076	
0.996994	0.0144913	0	0.000961563	0.0288614	0	0	0	0.00604806	
0.996988	0.0144987	0	0.000962048	0.0286338	0	0	0	0.00598607	
0.996982	0.0145059	0	0.000962529	0.028408	0	0	0	0.00592477	
0.996976	0.0145131	0	0.000963007	0.0281839	0	0	0	0.00586416	
0.99697	0.0145203	0	0.000963481	0.0279617	0	0	0	0.00580423	
0.996964	0.0145273	0	0.000963952	0.0277412	0	0	0	0.00574498	
0.996958	0.0145344	0	0.000964419	0.0275224	0	0	0	0.00568639	
0.996952	0.0145414	0	0.000964883	0.0273054	0	0	0	0.00562846	
0.996946	0.0145483	0	0.000965344	0.0270901	0	0	0	0.00557118	
0.99694	0.0145552	0	0.000965801	0.0268765	0	0	0	0.00551454	
0.996934	0.0145621	0	0.000966255	0.0266646	0	0	0	0.00545853	
0.996928	0.0145688	0	0.000966705	0.0264544	0	0	0	0.00540316	
0.996922	0.0145756	0	0.000967152	0.0262458	0	0	0	0.0053484	
0.996916	0.0145823	0	0.000967596	0.0260389	0	0	0	0.00529426	
0.99691	0.0145889	0	0.000968037	0.0258336	0	0	0	0.00524073	
0.996904	0.0145955	0	0.000968474	0.02563	0	0	0	0.00518779	
0.996898	0.0146021	0	0.000968909	0.025428	0	0	0	0.00513545	
0.996892	0.0146086	0	0.00096934	0.0252275	0	0	0	0.0050837	
0.996886	0.014615	0	0.000969768	0.0250287	0	0	0	0.00503252	
0.99688	0.0146214	0	0.000970192	0.0248314	0	0	0	0.00498191	
0.996874	0.0146278	0	0.000970614	0.0246357	0	0	0	0.00493187	
0.996868	0.0146341	0	0.000971033	0.0244416	0	0	0	0.00488239	
0.996862	0.0146403	0	0.000971448	0.024249	0	0	0	0.00483347	
0.996856	0.0146465	0	0.00097186	0.0240579	0	0	0	0.00478509	
0.99685	0.0146527	0	0.00097227	0.0238683	0	0	0	0.00473725	
0.996844	0.0146588	0	0.000972676	0.0236802	0	0	0	0.00468994	
0.996838	0.0146649	0	0.00097308	0.0234936	0	0	0	0.00464316	
0.996832	0.0146709	0	0.00097348	0.0233085	0	0	0	0.00459691	
0.996826	0.0146769	0	0.000973877	0.0231249	0	0	0	0.00455117	
0.99682	0.0146829	0	0.000974272	0.0229427	0	0	0	0.00450594	
0.996814	0.0146888	0	0.000974664	0.0227619	0	0	0	0.00446121	
0.996808	0.0146946	0	0.000975052	0.0225826	0	0	0	0.00441698	
0.996802	0.0147005	0	0.000975438	0.0224047	0	0	0	0.00437325	
0.996796	0.0147062	0	0.000975821	0.0222282	0	0	0	0.00433	
0.99679	0.014712	0	0.000976202	0.0220531	0	0	0	0.00428723	
0.996784	0.0147177	0	0.000976579	0.0218794	0	0	0	0.00424494	
0.996778	0.0147233	0	0.000976954	0.0217071	0	0	0	0.00420312	
0.996772	0.0147289	0	0.000977326	0.0215361	0	0	0	0.00416177	
0.996766	0.0147345	0	0.000977695	0.0213665	0	0	0	0.00412088	
0.99676	0.01474	0	0.000978061	0.0211983	0	0	0	0.00408044	
0.996754	0.0147455	0	0.000978425	0.0210313	0	0	0	0.00404045	
0.996748	0.0147509	0	0.000978786	0.0208657	0	0	0	0.0040009	
0.996742	0.0147563	0	0.000979144	0.0207014	0	0	0	0.00396179	
0.996736	0.0147617	0	0.0009795	0.0205384	0	0	0	0.00392312	
0.99673	0.014767	0	0.000979853	0.0203767	0	0	0	0.00388488	
0.996724	0.0147723	0	0.000980204	0.0202162	0	0	0	0.00384706	
0.996718	0.0147775	0	0.000980551	0.0200571	0	0	0	0.00380966	
0.996712	0.0147827	0	0.000980897	0.0198991	0	0	0	0.00377268	
0.996706	0.0147879	0	0.00098124	0.0197425	0	0	0	0.0037361	
0.9967	0.014793	0	0.00098158	0.0195871	0	0	0	0.00369994	
0.996694	0.0147981	0	0.000981918	0.0194329	0	0	0	0.00366417	
0.996688	0.0148032	0	0.000982253	0.0192799	0	0	0	0.0036288	
0.996682	0.0148082	0	0.000982586	0.0191281	0	0	0	0.00359382	
0.996676	0.0148132	0	0.000982916	0.0189776	0	0	0	0.00355923	
0.99667	0.0148181	0	0.000983244	0.0188282	0	0	0	0.00352502	
0.996664	0.014823	0	0.000983569	0.01868	0	0	0	0.00349119	
0.996658	0.0148279	0	0.000983892	0.018533	0	0	0	0.00345773	
0.996652	0.0148327	0	0.000984213	0.0183871	0	0	0	0.00342464	
0.996646	0.0148375	0	0.000984531	0.0182424	0	0	0	0.00339192	
0.99664	0.0148423	0	0.000984847	0.0180989	0	0	0	0.00335957	
0.996634	0.014847	0	0.00098516	0.0179565	0	0	0	0.00332756	
0.996628	0.0148517	0	0.000985472	0.0178152	0	0	0	0.00329592	
0.996622	0.0148563	0	0.000985781	0.017675	0	0	0	0.00326462	
0.996616	0.014861	0	0.000986087	0.0175359	0	0	0	0.00323367	
0.99661	0.0148655	0	0.000986392	0.017398	0	0	0	0.00320306	
0.996604	0.0148701	0	0.000986694	0.0172611	0	0	0	0.00317279	
0.996598	0.0148746	0	0.000986994	0.0171253	0	0	0	0.00314285	
0.996592	0.0148791	0	0.000987291	0.0169906	0	0	0	0.00311324	
0.996586	0.0148836	0	0.000987587	0.0168569	0	0	0	0.00308396	
0.99658	0.014888	0	0.00098788	0.0167243	0	0	0	0.003055	
0.996574	0.0148924	0	0.000988171	0.0165927	0	0	0	0.00302637	
0.996568	0.0148967	0	0.00098846	0.0164622	0	0	0	0.00299804	
0.996562	0.014901	0	0.000988747	0.0163328	0	0	0	0.00297003	
0.996556	0.0149053	0	0.000989031	0.0162043	0	0	0	0.00294233	
0.99655	0.0149096	0	0.000989314	0.0160769	0	0	0	0.00291493	
0.996544	0.0149138	0	0.000989594	0.0159504	0	0	0	0.00288784	
0.996538	0.014918	0	0.000989873	0.015825	0	0	0	0.00286104	
0.996532	0.0149222	0	0.000990149	0.0157005	0	0	0	0.00283454	
0.996526	0.0149263	0	0.000990423	0.0155771	0	0	0	0.00280833	
0.99652	0.0149304	0	0.000990695	0.0154546	0	0	0	0.00278241	
0.996514	0.0149345	0	0.000990965	0.0153331	0	0	0	0.00275677	
0.996508	0.0149385	0	0.000991233	0.0152125	0	0	0	0.00273142	
0.996502	0.0149425	0	0.0009915	0.0150929	0	0	0	0.00270634	
0.996497	0.0149465	0	0.000991764	0.0149743	0	0	0	0.00268155	
0.996491	0.0149505	0	0.000992026	0.0148565	0	0	0	0.00265702	
0.996485	0.0149544	0	0.000992286	0.0147398	0	0	0	0.00263276	
0.996479	0.0149583	0	0.000992545	0.0146239	0	0	0	0.00260877	
0.996473	0.0149621	0	0.000992801	0.0145089	0	0	0	0.00258504	
0.996467	0.014966	0	0.000993055	0.0143949	0	0	0	0.00256158	
0.996461	0.0149698	0	0.000993308	0.0142818	0	0	0	0.00253837	
0.996455	0.0149736	0	0.000993559	0.0141695	0	0	0	0.00251542	
0.996449	0.0149773	0	0.000993808	0.0140581	0	0	0	0.00249272	
0.996443	0.014981	0	0.000994055	0.0139477	0	0	0	0.00247026	
0.996437	0.0149847	0	0.0009943	0.0138381	0	0	0	0.00244806	
0.996431	0.0149884	0	0.000994543	0.0137293	0	0	0	0.0024261	
0.996425	0.014992	0	0.000994785	0.0136214	0	0	0	0.00240438	
0.996419	0.0149956	0	0.000995024	0.0135144	0	0	0	0.00238289	
0.996413	0.0149992	0	0.000995262	0.0134082	0	0	0	0.00236165	
0.996407	0.0150028	0	0.000995498	0.0133029	0	0	0	0.00234063	
0.996401	0.0150063	0	0.000995733	0.0131983	0	0	0	0.00231985	
0.996395	0.0150098	0	0.000995965	0.0130947	0	0	0	0.0022993	
0.996389	0.0150133	0	0.000996196	0.0129918	0	0	0	0.00227897	
0.996383	0.0150168	0	0.000996425	0.0128897	0	0	0	0.00225886	
0.996377	0.0150202	0	0.000996653	0.0127885	0	0	0	0.00223897	
0.996371	0.0150236	0	0.000996879	0.012688	0	0	0	0.00221931	
0.996365	0.015027	0	0.000997103	0.0125884	0	0	0	0.00219986	
0.996359	0.0150303	0	0.000997325	0.0124895	0	0	0	0.00218062	
0.996353	0.0150336	0	0.000997546	0.0123914	0	0	0	0.00216159	
0.996347	0.0150369	0	0.000997765	0.0122941	0	0	0	0.00214277	
0.996341	0.0150402	0	0.000997983	0.0121975	0	0	0	0.00212416	
0.996335	0.0150435	0	0.000998198	0.0121017	0	0	0	0.00210575	
0.996329	0.0150467	0	0.000998413	0.0120067	0	0	0	0.00208754	
0.996323	0.0150499	0	0.000998625	0.0119124	0	0	0	0.00206954	
0.996317	0.0150531	0	0.000998836	0.0118189	0	0	0	0.00205173	
0.996311	0.0150563	0	0.000999046	0.0117261	0	0	0	0.00203411	
0.996305	0.0150594	0	0.000999254	0.011634	0	0	0	0.00201669	
0.996299	0.0150625	0	0.00099946	0.0115427	0	0	0	0.00199946	
0.996293	0.0150656	0	0.000999665	0.0114521	0	0	0	0.00198242	
0.996287	0.0150686	0	0.000999868	0.0113622	0	0	0	0.00196556	
0.996281	0.0150717	0	0.00100007	0.011273	0	0	0	0.00194889	
0.996275	0.0150747	0	0.00100027	0.0111845	0	0	0	0.00193241	
0.996269	0.0150777	0	0.00100047	0.0110967	0	0	0	0.0019161	
0.996263	0.0150807	0	0.00100067	0.0110096	0	0	0	0.00189998	
0.996257	0.0150836	0	0.00100086	0.0109232	0	0	0	0.00188402	
0.996251	0.0150866	0	0.00100106	0.0108375	0	0	0	0.00186825	
0.996245	0.0150895	0	0.00100125	0.0107524	0	0	0	0.00185265	
0.996239	0.0150923	0	0.00100144	0.0106681	0	0	0	0.00183722	
0.996233	0.0150952	0	0.00100163	0.0105843	0	0	0	0.00182196	
0.996227	0.0150981	0	0.00100182	0.0105013	0	0	0	0.00180686	
0.996222	0.0151009	0	0.00100201	0.0104189	0	0	0	0.00179193	
0.996216	0.0151037	0	0.00100219	0.0103372	0	0	0	0.00177717	
0.99621	0.0151065	0	0.00100238	0.0102561	0	0	0	0.00176257	
0.996204	0.0151092	0	0.00100256	0.0101756	0	0	0	0.00174813	
0.996198	0.0151119	0	0.00100274	0.0100958	0	0	0	0.00173384	
0.996192	0.0151147	0	0.00100292	0.0100166	0	0	0	0.00171972	
0.996186	0.0151174	0	0.0010031	0.009938	0	0	0	0.00170575	
0.99618	0.01512	0	0.00100328	0.00986005	0	0	0	0.00169193	
0.996174	0.0151227	0	0.00100345	0.00978271	0	0	0	0.00167827	
0.996168	0.0151253	0	0.00100363	0.00970599	0	0	0	0.00166475	
0.996162	0.0151279	0	0.0010038	0.00962987	0	0	0	0.00165138	
0.996156	0.0151305	0	0.00100398	0.00955435	0	0	0	0.00163817	
0.99615	0.0151331	0	0.00100415	0.00947942	0	0	0	0.00162509	
0.996144	0.0151357	0	0.00100432	0.00940509	0	0	0	0.00161216	
0.996138	0.0151382	0	0.00100448	0.00933134	0	0	0	0.00159938	
0.996132	0.0151407	0	0.00100465	0.00925818	0	0	0	0.00158673	
0.996126	0.0151432	0	0.00100482	0.00918559	0	0	0	0.00157423	
0.99612	0.0151457	0	0.00100498	0.00911358	0	0	0	0.00156186	
0.996114	0.0151482	0	0.00100515	0.00904213	0	0	0	0.00154963	
0.996108	0.0151506	0	0.00100531	0.00897125	0	0	0	0.00153753	
0.996102	0.0151531	0	0.00100547	0.00890092	0	0	0	0.00152557	
0.996096	0.0151555	0	0.00100563	0.00883115	0	0	0	0.00151374	
0.99609	0.0151579	0	0.00100579	0.00876194	0	0	0	0.00150204	
0.996084	0.0151602	0	0.00100595	0.00869326	0	0	0	0.00149047	
0.996078	0.0151626	0	0.0010061	0.00862513	0	0	0	0.00147903	
0.996072	0.0151649	0	0.00100626	0.00855754	0	0	0	0.00146772	
0.996066	0.0151672	0	0.00100641	0.00849048	0	0	0	0.00145653	
0.99606	0.0151695	0	0.00100656	0.00842395	0	0	0	0.00144546	
0.996054	0.0151718	0	0.00100672	0.00835794	0	0	0	0.00143452	
0.996048	0.0151741	0	0.00100687	0.00829245	0	0	0	0.0014237	
0.996042	0.0151764	0	0.00100702	0.00822749	0	0	0	0.001413	
0.996036	0.0151786	0	0.00100716	0.00816303	0	0	0	0.00140242	
0.99603	0.0151808	0	0.00100731	0.00809908	0	0	0	0.00139196	
0.996024	0.015183	0	0.00100746	0.00803563	0	0	0	0.00138162	
0.996018	0.0151852	0	0.0010076	0.00797269	0	0	0	0.00137139	
0.996013	0.0151874	0	0.00100775	0.00791024	0	0	0	0.00136127	
0.996007	0.0151895	0	0.00100789	0.00784829	0	0	0	0.00135127	
0.996001	0.0151917	0	0.00100803	0.00778682	0	0	0	0.00134138	
0.995995	0.0151938	0	0.00100817	0.00772584	0	0	0	0.0013316	
0.995989	0.0151959	0	0.00100831	0.00766534	0	0	0	0.00132193	
0.995983	0.015198	0	0.00100845	0.00760531	0	0	0	0.00131237	
0.995977	0.0152	0	0.00100859	0.00754576	0	0	0	0.00130292	
0.995971	0.0152021	0	0.00100872	0.00748668	0	0	0	0.00129357	
0.995965	0.0152041	0	0.00100886	0.00742807	0	0	0	0.00128433	
0.995959	0.0152062	0	0.00100899	0.00736991	0	0	0	0.00127519	
0.995953	0.0152082	0	0.00100913	0.00731222	0	0	0	0.00126616	
0.995947	0.0152102	0	0.00100926	0.00725498	0	0	0	0.00125723	
0.995941	0.0152122	0	0.00100939	0.00719819	0	0	0	0.0012484	
0.995935	0.0152141	0	0.00100952	0.00714185	0	0	0	0.00123967	
0.995929	0.0152161	0	0.00100965	0.00708595	0	0	0	0.00123104	
0.995923	0.015218	0	0.00100978	0.0070305	0	0	0	0.0012225	
0.995917	0.0152199	0	0.00100991	0.00697548	0	0	0	0.00121407	
0.995911	0.0152218	0	0.00101003	0.00692089	0	0	0	0.00120573	
0.995905	0.0152237	0	0.00101016	0.00686674	0	0	0	0.00119749	
0.995899	0.0152256	0	0.00101028	0.00681301	0	0	0	0.00118934	
0.995893	0.0152275	0	0.00101041	0.00675971	0	0	0	0.00118129	
0.995887	0.0152293	0	0.00101053	0.00670682	0	0	0	0.00117332	
0.995881	0.0152312	0	0.00101065	0.00665435	0	0	0	0.00116545	
0.995875	0.015233	0	0.00101077	0.0066023	0	0	0	0.00115768	
0.995869	0.0152348	0	0.00101089	0.00655066	0	0	0	0.00114999	
0.995863	0.0152366	0	0.00101101	0.00649942	0	0	0	0.00114239	
0.995857	0.0152384	0	0.00101113	0.00644859	0	0	0	0.00113488	
0.995851	0.0152402	0	0.00101125	0.00639816	0	0	0	0.00112746	
0.995845	0.0152419	0	0.00101136	0.00634813	0	0	0	0.00112012	
0.995839	0.0152437	0	0.00101148	0.00629849	0	0	0	0.00111287	
0.995834	0.0152454	0	0.0010116	0.00624924	0	0	0	0.0011057	
0.995828	0.0152471	0	0.00101171	0.00620038	0	0	0	0.00109862	
0.995822	0.0152488	0	0.00101182	0.0061519	0	0	0	0.00109163	
0.995816	0.0152505	0	0.00101194	0.00610381	0	0	0	0.00108472	
0.99581	0.0152522	0	0.00101205	0.0060561	0	0	0	0.00107788	
0.995804	0.0152539	0	0.00101216	0.00600876	0	0	0	0.00107113	
0.995798	0.0152555	0	0.00101227	0.0059618	0	0	0	0.00106447	
0.995792	0.0152572	0	0.00101238	0.0059152	0	0	0	0.00105788	
0.995786	0.0152588	0	0.00101248	0.00586897	0	0	0	0.00105137	
0.99578	0.0152604	0	0.00101259	0.00582311	0	0	0	0.00104494	
0.995774	0.015262	0	0.0010127	0.00577761	0	0	0	0.00103859	
0.995768	0.0152636	0	0.0010128	0.00573247	0	0	0	0.00103231	
0.995762	0.0152652	0	0.00101291	0.00568768	0	0	0	0.00102612	
0.995756	0.0152668	0	0.00101301	0.00564325	0	0	0	0.00101999	
0.99575	0.0152683	0	0.00101312	0.00559917	0	0	0	0.00101395	
0.995744	0.0152699	0	0.00101322	0.00555543	0	0	0	0.00100798	
0.995738	0.0152714	0	0.00101332	0.00551204	0	0	0	0.00100208	
0.995732	0.0152729	0	0.00101342	0.00546899	0	0	0	0.00099626	
0.995726	0.0152744	0	0.00101352	0.00542628	0	0	0	0.000990511	
0.99572	0.0152759	0	0.00101362	0.00538391	0	0	0	0.000984835	
0.995714	0.0152774	0	0.00101372	0.00534187	0	0	0	0.000979232	
0.995708	0.0152789	0	0.00101382	0.00530016	0	0	0	0.0009737	
0.995702	0.0152804	0	0.00101392	0.00525878	0	0	0	0.000968239	
0.995696	0.0152818	0	0.00101401	0.00521773	0	0	0	0.000962849	
0.99569	0.0152833	0	0.00101411	0.005177	0	0	0	0.000957529	
0.995684	0.0152847	0	0.00101421	0.00513659	0	0	0	0.000952279	
0.995678	0.0152861	0	0.0010143	0.0050965	0	0	0	0.000947099	
0.995673	0.0152876	0	0.00101439	0.00505673	0	0	0	0.000941988	
0.995667	0.015289	0	0.00101449	0.00501727	0	0	0	0.000936945	
0.995661	0.0152904	0	0.00101458	0.00497812	0	0	0	0.00093197	
0.995655	0.0152918	0	0.00101467	0.00493928	0	0	0	0.000927063	
0.995649	0.0152931	0	0.00101476	0.00490075	0	0	0	0.000922224	
0.995643	0.0152945	0	0.00101485	0.00486251	0	0	0	0.000917451	
0.995637	0.0152958	0	0.00101494	0.00482459	0	0	0	0.000912746	
0.995631	0.0152972	0	0.00101503	0.00478696	0	0	0	0.000908107	
0.995625	0.0152985	0	0.00101512	0.00474962	0	0	0	0.000903534	
0.995619	0.0152998	0	0.00101521	0.00471258	0	0	0	0.000899027	
0.995613	0.0153012	0	0.0010153	0.00467584	0	0	0	0.000894586	
0.995607	0.0153025	0	0.00101538	0.00463938	0	0	0	0.00089021	
0.995601	0.0153038	0	0.00101547	0.00460321	0	0	0	0.0008859	
0.995595	0.0153051	0	0.00101555	0.00456733	0	0	0	0.000881655	
0.995589	0.0153063	0	0.00101564	0.00453173	0	0	0	0.000877475	
0.995583	0.0153076	0	0.00101572	0.0044964	0	0	0	0.000873359	
0.995577	0.0153089	0	0.00101581	0.00446136	0	0	0	0.000869309	
0.995571	0.0153101	0	0.00101589	0.0044266	0	0	0	0.000865324	
0.995565	0.0153114	0	0.00101597	0.00439211	0	0	0	0.000861404	
0.995559	0.0153126	0	0.00101605	0.00435789	0	0	0	0.000857548	
0.995553	0.0153138	0	0.00101614	0.00432394	0	0	0	0.000853758	
0.995547	0.015315	0	0.00101622	0.00429026	0	0	0	0.000850033	
0.995541	0.0153162	0	0.0010163	0.00425684	0	0	0	0.000846374	
0.995535	0.0153174	0	0.00101638	0.00422369	0	0	0	0.00084278	
0.995529	0.0153186	0	0.00101645	0.0041908	0	0	0	0.000839252	
0.995524	0.0153198	0	0.00101653	0.00415817	0	0	0	0.000835791	
0.995518	0.015321	0	0.00101661	0.0041258	0	0	0	0.000832396	
0.995512	0.0153221	0	0.00101669	0.00409368	0	0	0	0.00082907	
0.995506	0.0153233	0	0.00101676	0.00406181	0	0	0	0.000825811	
0.9955	0.0153244	0	0.00101684	0.0040302	0	0	0	0.000822621	
0.995494	0.0153256	0	0.00101692	0.00399884	0	0	0	0.000819501	
0.995488	0.0153267	0	0.00101699	0.00396772	0	0	0	0.000816452	
0.995482	0.0153278	0	0.00101707	0.00393686	0	0	0	0.000813475	
0.995476	0.015329	0	0.00101714	0.00390623	0	0	0	0.000810572	
0.99547	0.0153301	0	0.00101721	0.00387585	0	0	0	0.000807744	
0.995464	0.0153312	0	0.00101729	0.00384571	0	0	0	0.000804992	
0.995458	0.0153323	0	0.00101736	0.0038158	0	0	0	0.000802319	
0.995452	0.0153333	0	0.00101743	0.00378614	0	0	0	0.000799727	
0.995446	0.0153344	0	0.0010175	0.0037567	0	0	0	0.000797219	
