1	0	0	0	1	0	0	0	1	
0.999855	1.47811e-06	0	4.67273e-07	0.99633	0	0	0	0.97614	
0.999711	5.7938e-06	0	1.83244e-06	0.992703	0	0	0	0.953248	
0.999567	1.27917e-05	0	4.04554e-06	0.989093	0	0	0	0.930897	
0.999425	2.23204e-05	0	7.05874e-06	0.9855	0	0	0	0.909075	
0.999282	3.42413e-05	0	1.08282e-05	0.981924	0	0	0	0.887769	
0.99914	4.84266e-05	0	1.53135e-05	0.978364	0	0	0	0.866967	
0.998999	6.47584e-05	0	2.04774e-05	0.974821	0	0	0	0.846656	
0.998858	8.31273e-05	0	2.62853e-05	0.971293	0	0	0	0.826825	
0.998718	0.000103432	0	3.27051e-05	0.967782	0	0	0	0.807463	
0.998578	0.000125577	0	3.97069e-05	0.964286	0	0	0	0.788558	
0.998438	0.000149475	0	4.72628e-05	0.960805	0	0	0	0.7701	
0.998299	0.000175043	0	5.53465e-05	0.95734	0	0	0	0.752077	
0.99816	0.000202203	0	6.39335e-05	0.95389	0	0	0	0.734479	
0.998022	0.000230882	0	7.30007e-05	0.950454	0	0	0	0.717298	
0.997884	0.00026101	0	8.25262e-05	0.947034	0	0	0	0.700521	
0.997746	0.000292523	0	9.24894e-05	0.943628	0	0	0	0.68414	
0.997608	0.000325359	0	0.000102871	0.940236	0	0	0	0.668146	
0.997471	0.00035946	0	0.000113652	0.936859	0	0	0	0.652529	
0.997334	0.00039477	0	0.000124816	0.933496	0	0	0	0.63728	
0.997198	0.000431236	0	0.000136345	0.930146	0	0	0	0.622391	
0.997061	0.000468809	0	0.000148224	0.926811	0	0	0	0.607853	
0.996925	0.00050744	0	0.000160437	0.92349	0	0	0	0.593657	
0.996789	0.000547085	0	0.000172971	0.920182	0	0	0	0.579796	
0.996654	0.000587699	0	0.000185812	0.916888	0	0	0	0.566262	
0.996519	0.000629241	0	0.000198945	0.913607	0	0	0	0.553047	
0.996383	0.000671671	0	0.00021236	0.91034	0	0	0	0.540143	
0.996249	0.000714952	0	0.000226043	0.907085	0	0	0	0.527543	
0.996114	0.000759047	0	0.000239984	0.903844	0	0	0	0.51524	
0.99598	0.00080392	0	0.000254171	0.900616	0	0	0	0.503226	
0.995845	0.000849539	0	0.000268594	0.897401	0	0	0	0.491496	
0.995711	0.000895871	0	0.000283242	0.894198	0	0	0	0.480042	
0.995578	0.000942886	0	0.000298106	0.891009	0	0	0	0.468857	
0.995444	0.000990553	0	0.000313176	0.887832	0	0	0	0.457936	
0.995311	0.00103885	0	0.000328443	0.884667	0	0	0	0.447271	
0.995177	0.00108773	0	0.0003439	0.881515	0	0	0	0.436858	
0.995044	0.00113719	0	0.000359536	0.878376	0	0	0	0.42669	
0.994911	0.0011872	0	0.000375345	0.875248	0	0	0	0.416761	
0.994779	0.00123772	0	0.000391319	0.872133	0	0	0	0.407065	
0.994646	0.00128874	0	0.000407449	0.86903	0	0	0	0.397598	
0.994514	0.00134024	0	0.00042373	0.865939	0	0	0	0.388353	
0.994382	0.00139219	0	0.000440154	0.86286	0	0	0	0.379326	
0.994249	0.00144457	0	0.000456714	0.859793	0	0	0	0.370511	
0.994117	0.00149736	0	0.000473405	0.856738	0	0	0	0.361903	
0.993986	0.00155055	0	0.000490219	0.853694	0	0	0	0.353498	
0.993854	0.00160411	0	0.000507151	0.850662	0	0	0	0.34529	
0.993722	0.00165802	0	0.000524195	0.847642	0	0	0	0.337275	
0.993591	0.00171227	0	0.000541346	0.844633	0	0	0	0.329449	
0.99346	0.00176683	0	0.000558598	0.841636	0	0	0	0.321806	
0.993329	0.00182171	0	0.000575946	0.83865	0	0	0	0.314343	
0.993198	0.00187687	0	0.000593384	0.835676	0	0	0	0.307056	
0.993067	0.0019323	0	0.000610909	0.832712	0	0	0	0.299939	
0.992936	0.00198799	0	0.000628516	0.82976	0	0	0	0.29299	
0.992805	0.00204392	0	0.000646199	0.826819	0	0	0	0.286204	
0.992675	0.00210009	0	0.000663955	0.82389	0	0	0	0.279577	
0.992544	0.00215646	0	0.000681779	0.820971	0	0	0	0.273106	
0.992414	0.00221305	0	0.000699668	0.818063	0	0	0	0.266786	
0.992283	0.00226982	0	0.000717617	0.815166	0	0	0	0.260616	
0.992153	0.00232677	0	0.000735622	0.81228	0	0	0	0.254589	
0.992023	0.00238389	0	0.000753681	0.809405	0	0	0	0.248705	
0.991893	0.00244117	0	0.000771788	0.80654	0	0	0	0.242958	
0.991763	0.00249859	0	0.000789942	0.803687	0	0	0	0.237346	
0.991633	0.00255615	0	0.000808138	0.800843	0	0	0	0.231866	
0.991504	0.00261383	0	0.000826373	0.798011	0	0	0	0.226515	
0.991374	0.00267162	0	0.000844645	0.795189	0	0	0	0.221289	
0.991245	0.00272952	0	0.00086295	0.792377	0	0	0	0.216185	
0.991115	0.00278751	0	0.000881285	0.789576	0	0	0	0.211201	
0.990986	0.0028456	0	0.000899647	0.786785	0	0	0	0.206334	
0.990856	0.00290376	0	0.000918035	0.784004	0	0	0	0.201582	
0.990727	0.00296199	0	0.000936444	0.781234	0	0	0	0.19694	
0.990598	0.00302028	0	0.000954873	0.778474	0	0	0	0.192407	
0.990469	0.00307862	0	0.000973319	0.775724	0	0	0	0.187981	
0.99034	0.00313702	0	0.00099178	0.772984	0	0	0	0.183658	
0.990211	0.00319545	0	0.00101025	0.770254	0	0	0	0.179437	
0.990082	0.00325391	0	0.00102874	0.767535	0	0	0	0.175314	
0.989953	0.0033124	0	0.00104723	0.764825	0	0	0	0.171288	
0.989825	0.00337091	0	0.00106572	0.762125	0	0	0	0.167356	
0.989696	0.00342943	0	0.00108422	0.759435	0	0	0	0.163516	
0.989567	0.00348795	0	0.00110273	0.756755	0	0	0	0.159766	
0.989439	0.00354648	0	0.00112123	0.754085	0	0	0	0.156104	
0.98931	0.003605	0	0.00113973	0.751424	0	0	0	0.152528	
0.989182	0.00366351	0	0.00115823	0.748773	0	0	0	0.149035	
0.989054	0.003722	0	0.00117672	0.746132	0	0	0	0.145624	
0.988925	0.00378047	0	0.00119521	0.7435	0	0	0	0.142293	
0.988797	0.00383891	0	0.00121368	0.740878	0	0	0	0.13904	
0.988669	0.00389732	0	0.00123215	0.738266	0	0	0	0.135862	
0.988541	0.00395569	0	0.0012506	0.735662	0	0	0	0.132759	
0.988413	0.00401402	0	0.00126904	0.733069	0	0	0	0.129729	
0.988285	0.00407231	0	0.00128747	0.730485	0	0	0	0.126769	
0.988157	0.00413054	0	0.00130588	0.72791	0	0	0	0.123879	
0.988029	0.00418873	0	0.00132428	0.725344	0	0	0	0.121056	
0.987901	0.00424685	0	0.00134265	0.722788	0	0	0	0.118299	
0.987773	0.00430491	0	0.00136101	0.720241	0	0	0	0.115607	
0.987645	0.0043629	0	0.00137934	0.717703	0	0	0	0.112977	
0.987518	0.00442083	0	0.00139765	0.715175	0	0	0	0.110409	
0.98739	0.00447868	0	0.00141594	0.712655	0	0	0	0.107901	
0.987262	0.00453645	0	0.00143421	0.710145	0	0	0	0.105451	
0.987135	0.00459415	0	0.00145245	0.707643	0	0	0	0.103059	
0.987007	0.00465176	0	0.00147066	0.705151	0	0	0	0.100722	
0.98688	0.00470928	0	0.00148885	0.702667	0	0	0	0.0984398	
0.986752	0.00476672	0	0.00150701	0.700193	0	0	0	0.0962109	
0.986625	0.00482406	0	0.00152514	0.697727	0	0	0	0.0940339	
0.986498	0.00488131	0	0.00154324	0.695271	0	0	0	0.0919077	
0.98637	0.00493847	0	0.0015613	0.692823	0	0	0	0.0898311	
0.986243	0.00499552	0	0.00157934	0.690384	0	0	0	0.0878029	
0.986116	0.00505247	0	0.00159734	0.687953	0	0	0	0.085822	
0.985989	0.00510931	0	0.00161532	0.685532	0	0	0	0.0838873	
0.985861	0.00516605	0	0.00163325	0.683119	0	0	0	0.0819976	
0.985734	0.00522268	0	0.00165116	0.680714	0	0	0	0.0801519	
0.985607	0.00527919	0	0.00166902	0.678319	0	0	0	0.0783492	
0.98548	0.00533559	0	0.00168685	0.675932	0	0	0	0.0765885	
0.985353	0.00539188	0	0.00170465	0.673553	0	0	0	0.0748687	
0.985226	0.00544805	0	0.00172241	0.671183	0	0	0	0.073189	
0.985099	0.0055041	0	0.00174013	0.668821	0	0	0	0.0715484	
0.984972	0.00556003	0	0.00175781	0.666468	0	0	0	0.0699459	
0.984845	0.00561583	0	0.00177545	0.664124	0	0	0	0.0683807	
0.984719	0.00567151	0	0.00179305	0.661787	0	0	0	0.0668519	
0.984592	0.00572707	0	0.00181062	0.659459	0	0	0	0.0653586	
0.984465	0.00578249	0	0.00182814	0.657139	0	0	0	0.0639001	
0.984338	0.00583779	0	0.00184562	0.654828	0	0	0	0.0624754	
0.984212	0.00589296	0	0.00186306	0.652525	0	0	0	0.0610839	
0.984085	0.00594799	0	0.00188046	0.65023	0	0	0	0.0597246	
0.983958	0.00600289	0	0.00189782	0.647943	0	0	0	0.058397	
0.983832	0.00605766	0	0.00191513	0.645664	0	0	0	0.0571001	
0.983705	0.00611229	0	0.0019324	0.643394	0	0	0	0.0558334	
0.983579	0.00616678	0	0.00194963	0.641131	0	0	0	0.054596	
0.983452	0.00622114	0	0.00196682	0.638877	0	0	0	0.0533873	
0.983326	0.00627535	0	0.00198396	0.636631	0	0	0	0.0522067	
0.983199	0.00632943	0	0.00200105	0.634392	0	0	0	0.0510535	
0.983073	0.00638336	0	0.0020181	0.632162	0	0	0	0.0499269	
0.982947	0.00643715	0	0.00203511	0.629939	0	0	0	0.0488265	
0.98282	0.0064908	0	0.00205207	0.627725	0	0	0	0.0477516	
0.982694	0.00654431	0	0.00206899	0.625518	0	0	0	0.0467016	
0.982568	0.00659767	0	0.00208585	0.623319	0	0	0	0.0456759	
0.982441	0.00665088	0	0.00210268	0.621128	0	0	0	0.0446739	
0.982315	0.00670395	0	0.00211946	0.618945	0	0	0	0.0436952	
0.982189	0.00675687	0	0.00213619	0.616769	0	0	0	0.042739	
0.982063	0.00680964	0	0.00215287	0.614601	0	0	0	0.041805	
0.981937	0.00686227	0	0.00216951	0.612441	0	0	0	0.0408926	
0.98181	0.00691474	0	0.0021861	0.610289	0	0	0	0.0400013	
0.981684	0.00696707	0	0.00220264	0.608144	0	0	0	0.0391305	
0.981558	0.00701924	0	0.00221914	0.606007	0	0	0	0.0382799	
0.981432	0.00707127	0	0.00223558	0.603877	0	0	0	0.037449	
0.981306	0.00712314	0	0.00225198	0.601755	0	0	0	0.0366372	
0.98118	0.00717487	0	0.00226834	0.59964	0	0	0	0.0358441	
0.981054	0.00722644	0	0.00228464	0.597533	0	0	0	0.0350694	
0.980928	0.00727786	0	0.00230089	0.595434	0	0	0	0.0343125	
0.980802	0.00732912	0	0.0023171	0.593342	0	0	0	0.033573	
0.980676	0.00738023	0	0.00233326	0.591257	0	0	0	0.0328506	
0.980551	0.00743119	0	0.00234937	0.589179	0	0	0	0.0321449	
0.980425	0.007482	0	0.00236543	0.587109	0	0	0	0.0314554	
0.980299	0.00753265	0	0.00238145	0.585047	0	0	0	0.0307818	
0.980173	0.00758315	0	0.00239741	0.582991	0	0	0	0.0301237	
0.980047	0.00763349	0	0.00241333	0.580943	0	0	0	0.0294807	
0.979922	0.00768368	0	0.00242919	0.578902	0	0	0	0.0288525	
0.979796	0.00773371	0	0.00244501	0.576869	0	0	0	0.0282388	
0.97967	0.00778358	0	0.00246078	0.574842	0	0	0	0.0276391	
0.979545	0.00783331	0	0.0024765	0.572823	0	0	0	0.0270533	
0.979419	0.00788287	0	0.00249217	0.570811	0	0	0	0.0264808	
0.979293	0.00793228	0	0.00250779	0.568806	0	0	0	0.0259216	
0.979168	0.00798154	0	0.00252336	0.566808	0	0	0	0.0253751	
0.979042	0.00803064	0	0.00253889	0.564817	0	0	0	0.0248412	
0.978917	0.00807958	0	0.00255436	0.562833	0	0	0	0.0243196	
0.978791	0.00812837	0	0.00256978	0.560856	0	0	0	0.0238098	
0.978666	0.008177	0	0.00258516	0.558886	0	0	0	0.0233118	
0.97854	0.00822548	0	0.00260048	0.556923	0	0	0	0.0228252	
0.978415	0.0082738	0	0.00261576	0.554967	0	0	0	0.0223497	
0.978289	0.00832196	0	0.00263099	0.553018	0	0	0	0.0218851	
0.978164	0.00836997	0	0.00264616	0.551076	0	0	0	0.0214311	
0.978038	0.00841782	0	0.00266129	0.54914	0	0	0	0.0209874	
0.977913	0.00846552	0	0.00267637	0.547212	0	0	0	0.020554	
0.977788	0.00851306	0	0.0026914	0.54529	0	0	0	0.0201304	
0.977662	0.00856044	0	0.00270638	0.543375	0	0	0	0.0197164	
0.977537	0.00860767	0	0.00272131	0.541467	0	0	0	0.019312	
0.977412	0.00865474	0	0.00273619	0.539566	0	0	0	0.0189167	
0.977286	0.00870166	0	0.00275103	0.537671	0	0	0	0.0185305	
0.977161	0.00874842	0	0.00276581	0.535783	0	0	0	0.018153	
0.977036	0.00879503	0	0.00278054	0.533902	0	0	0	0.0177841	
0.976911	0.00884148	0	0.00279523	0.532027	0	0	0	0.0174237	
0.976786	0.00888778	0	0.00280987	0.530159	0	0	0	0.0170714	
0.97666	0.00893392	0	0.00282445	0.528297	0	0	0	0.0167271	
0.976535	0.00897991	0	0.00283899	0.526442	0	0	0	0.0163907	
0.97641	0.00902574	0	0.00285348	0.524594	0	0	0	0.0160619	
0.976285	0.00907142	0	0.00286792	0.522752	0	0	0	0.0157405	
0.97616	0.00911694	0	0.00288232	0.520916	0	0	0	0.0154265	
0.976035	0.00916231	0	0.00289666	0.519087	0	0	0	0.0151195	
0.97591	0.00920753	0	0.00291095	0.517265	0	0	0	0.0148195	
0.975785	0.00925259	0	0.0029252	0.515449	0	0	0	0.0145263	
0.97566	0.0092975	0	0.0029394	0.513639	0	0	0	0.0142398	
0.975535	0.00934226	0	0.00295355	0.511836	0	0	0	0.0139597	
0.97541	0.00938686	0	0.00296765	0.510039	0	0	0	0.0136859	
0.975285	0.00943131	0	0.0029817	0.508248	0	0	0	0.0134183	
0.97516	0.00947561	0	0.00299571	0.506464	0	0	0	0.0131568	
0.975035	0.00951975	0	0.00300966	0.504686	0	0	0	0.0129012	
0.97491	0.00956375	0	0.00302357	0.502914	0	0	0	0.0126513	
0.974785	0.00960759	0	0.00303743	0.501149	0	0	0	0.012407	
0.974661	0.00965128	0	0.00305125	0.499389	0	0	0	0.0121682	
0.974536	0.00969482	0	0.00306501	0.497636	0	0	0	0.0119349	
0.974411	0.00973821	0	0.00307873	0.495889	0	0	0	0.0117067	
0.974286	0.00978145	0	0.0030924	0.494149	0	0	0	0.0114837	
0.974162	0.00982454	0	0.00310602	0.492414	0	0	0	0.0112657	
0.974037	0.00986748	0	0.0031196	0.490685	0	0	0	0.0110525	
0.973912	0.00991027	0	0.00313312	0.488963	0	0	0	0.0108442	
0.973787	0.00995291	0	0.0031466	0.487247	0	0	0	0.0106405	
0.973663	0.0099954	0	0.00316004	0.485536	0	0	0	0.0104413	
0.973538	0.0100377	0	0.00317342	0.483832	0	0	0	0.0102466	
0.973413	0.0100799	0	0.00318676	0.482134	0	0	0	0.0100563	
0.973289	0.010122	0	0.00320006	0.480441	0	0	0	0.00987021	
0.973164	0.0101639	0	0.0032133	0.478755	0	0	0	0.00968827	
0.97304	0.0102056	0	0.0032265	0.477074	0	0	0	0.00951038	
0.972915	0.0102472	0	0.00323965	0.4754	0	0	0	0.00933645	
0.972791	0.0102887	0	0.00325276	0.473731	0	0	0	0.00916639	
0.972666	0.01033	0	0.00326582	0.472068	0	0	0	0.0090001	
0.972541	0.0103712	0	0.00327884	0.470412	0	0	0	0.00883751	
0.972417	0.0104122	0	0.0032918	0.46876	0	0	0	0.00867853	
0.972293	0.0104531	0	0.00330473	0.467115	0	0	0	0.00852306	
0.972168	0.0104938	0	0.0033176	0.465476	0	0	0	0.00837104	
0.972044	0.0105344	0	0.00333043	0.463842	0	0	0	0.00822238	
0.971919	0.0105748	0	0.00334322	0.462214	0	0	0	0.00807701	
0.971795	0.0106151	0	0.00335596	0.460592	0	0	0	0.00793484	
0.97167	0.0106553	0	0.00336865	0.458975	0	0	0	0.00779581	
0.971546	0.0106953	0	0.0033813	0.457364	0	0	0	0.00765984	
0.971422	0.0107351	0	0.0033939	0.455759	0	0	0	0.00752687	
0.971297	0.0107749	0	0.00340646	0.45416	0	0	0	0.00739682	
0.971173	0.0108144	0	0.00341897	0.452566	0	0	0	0.00726962	
0.971049	0.0108539	0	0.00343144	0.450977	0	0	0	0.00714521	
0.970925	0.0108932	0	0.00344387	0.449395	0	0	0	0.00702353	
0.9708	0.0109323	0	0.00345624	0.447818	0	0	0	0.00690452	
0.970676	0.0109713	0	0.00346858	0.446246	0	0	0	0.0067881	
0.970552	0.0110102	0	0.00348087	0.44468	0	0	0	0.00667423	
0.970428	0.011049	0	0.00349312	0.443119	0	0	0	0.00656285	
0.970304	0.0110876	0	0.00350532	0.441564	0	0	0	0.00645389	
0.970179	0.011126	0	0.00351748	0.440015	0	0	0	0.0063473	
0.970055	0.0111643	0	0.00352959	0.438471	0	0	0	0.00624302	
0.969931	0.0112025	0	0.00354166	0.436932	0	0	0	0.00614102	
0.969807	0.0112406	0	0.00355369	0.435398	0	0	0	0.00604122	
0.969683	0.0112785	0	0.00356567	0.433871	0	0	0	0.00594358	
0.969559	0.0113162	0	0.00357761	0.432348	0	0	0	0.00584806	
0.969435	0.0113539	0	0.00358951	0.430831	0	0	0	0.0057546	
0.969311	0.0113913	0	0.00360136	0.429319	0	0	0	0.00566316	
0.969187	0.0114287	0	0.00361317	0.427812	0	0	0	0.00557368	
0.969063	0.0114659	0	0.00362494	0.426311	0	0	0	0.00548613	
0.968939	0.011503	0	0.00363666	0.424815	0	0	0	0.00540047	
0.968815	0.01154	0	0.00364835	0.423324	0	0	0	0.00531664	
0.968691	0.0115768	0	0.00365999	0.421839	0	0	0	0.0052346	
0.968567	0.0116135	0	0.00367158	0.420359	0	0	0	0.00515432	
0.968443	0.01165	0	0.00368314	0.418884	0	0	0	0.00507576	
0.968319	0.0116864	0	0.00369465	0.417414	0	0	0	0.00499887	
0.968196	0.0117227	0	0.00370612	0.415949	0	0	0	0.00492362	
0.968072	0.0117589	0	0.00371755	0.41449	0	0	0	0.00484997	
0.967948	0.0117949	0	0.00372894	0.413035	0	0	0	0.00477789	
0.967824	0.0118308	0	0.00374028	0.411586	0	0	0	0.00470733	
0.9677	0.0118665	0	0.00375159	0.410142	0	0	0	0.00463826	
0.967577	0.0119022	0	0.00376285	0.408702	0	0	0	0.00457066	
0.967453	0.0119376	0	0.00377407	0.407268	0	0	0	0.00450448	
0.967329	0.011973	0	0.00378525	0.405839	0	0	0	0.0044397	
0.967205	0.0120082	0	0.00379639	0.404415	0	0	0	0.00437627	
0.967082	0.0120433	0	0.00380749	0.402996	0	0	0	0.00431418	
0.966958	0.0120783	0	0.00381855	0.401582	0	0	0	0.00425339	
0.966834	0.0121132	0	0.00382956	0.400173	0	0	0	0.00419388	
0.966711	0.0121479	0	0.00384054	0.398769	0	0	0	0.0041356	
0.966587	0.0121825	0	0.00385147	0.39737	0	0	0	0.00407854	
0.966463	0.0122169	0	0.00386237	0.395976	0	0	0	0.00402267	
0.96634	0.0122513	0	0.00387323	0.394586	0	0	0	0.00396796	
0.966216	0.0122855	0	0.00388404	0.393202	0	0	0	0.00391438	
0.966093	0.0123196	0	0.00389482	0.391822	0	0	0	0.00386191	
0.965969	0.0123535	0	0.00390555	0.390448	0	0	0	0.00381052	
0.965846	0.0123874	0	0.00391625	0.389078	0	0	0	0.0037602	
0.965722	0.0124211	0	0.0039269	0.387712	0	0	0	0.00371091	
0.965599	0.0124546	0	0.00393752	0.386352	0	0	0	0.00366263	
0.965475	0.0124881	0	0.0039481	0.384997	0	0	0	0.00361534	
0.965352	0.0125214	0	0.00395864	0.383646	0	0	0	0.00356901	
0.965228	0.0125547	0	0.00396914	0.3823	0	0	0	0.00352364	
0.965105	0.0125877	0	0.0039796	0.380959	0	0	0	0.00347918	
0.964981	0.0126207	0	0.00399002	0.379622	0	0	0	0.00343563	
0.964858	0.0126535	0	0.0040004	0.37829	0	0	0	0.00339296	
0.964735	0.0126863	0	0.00401075	0.376963	0	0	0	0.00335116	
0.964611	0.0127189	0	0.00402105	0.37564	0	0	0	0.0033102	
0.964488	0.0127513	0	0.00403132	0.374322	0	0	0	0.00327006	
0.964365	0.0127837	0	0.00404155	0.373009	0	0	0	0.00323073	
0.964241	0.0128159	0	0.00405174	0.371701	0	0	0	0.00319219	
0.964118	0.0128481	0	0.00406189	0.370396	0	0	0	0.00315442	
0.963995	0.01288	0	0.00407201	0.369097	0	0	0	0.0031174	
0.963872	0.0129119	0	0.00408209	0.367802	0	0	0	0.00308112	
0.963748	0.0129437	0	0.00409213	0.366512	0	0	0	0.00304556	
0.963625	0.0129753	0	0.00410213	0.365226	0	0	0	0.00301071	
0.963502	0.0130068	0	0.0041121	0.363945	0	0	0	0.00297654	
0.963379	0.0130383	0	0.00412202	0.362668	0	0	0	0.00294305	
0.963256	0.0130695	0	0.00413192	0.361395	0	0	0	0.00291021	
0.963132	0.0131007	0	0.00414177	0.360128	0	0	0	0.00287802	
0.963009	0.0131318	0	0.00415159	0.358864	0	0	0	0.00284646	
0.962886	0.0131627	0	0.00416137	0.357605	0	0	0	0.00281551	
0.962763	0.0131935	0	0.00417111	0.356351	0	0	0	0.00278517	
0.96264	0.0132242	0	0.00418082	0.355101	0	0	0	0.00275541	
0.962517	0.0132548	0	0.00419049	0.353855	0	0	0	0.00272623	
0.962394	0.0132853	0	0.00420013	0.352613	0	0	0	0.00269762	
0.962271	0.0133157	0	0.00420973	0.351376	0	0	0	0.00266955	
0.962148	0.0133459	0	0.00421929	0.350144	0	0	0	0.00264202	
0.962025	0.013376	0	0.00422881	0.348916	0	0	0	0.00261502	
0.961902	0.0134061	0	0.00423831	0.347691	0	0	0	0.00258853	
0.961779	0.013436	0	0.00424776	0.346472	0	0	0	0.00256255	
0.961656	0.0134658	0	0.00425718	0.345256	0	0	0	0.00253706	
0.961533	0.0134955	0	0.00426657	0.344045	0	0	0	0.00251205	
0.96141	0.013525	0	0.00427592	0.342838	0	0	0	0.00248751	
0.961287	0.0135545	0	0.00428523	0.341636	0	0	0	0.00246344	
0.961165	0.0135838	0	0.00429451	0.340437	0	0	0	0.00243981	
0.961042	0.0136131	0	0.00430375	0.339243	0	0	0	0.00241663	
0.960919	0.0136422	0	0.00431296	0.338053	0	0	0	0.00239388	
0.960796	0.0136712	0	0.00432214	0.336867	0	0	0	0.00237155	
0.960673	0.0137001	0	0.00433128	0.335685	0	0	0	0.00234963	
0.96055	0.0137289	0	0.00434038	0.334508	0	0	0	0.00232812	
0.960428	0.0137576	0	0.00434945	0.333334	0	0	0	0.002307	
0.960305	0.0137862	0	0.00435849	0.332165	0	0	0	0.00228627	
0.960182	0.0138147	0	0.00436749	0.331	0	0	0	0.00226591	
0.96006	0.0138431	0	0.00437646	0.329839	0	0	0	0.00224593	
0.959937	0.0138713	0	0.00438539	0.328682	0	0	0	0.00222631	
0.959814	0.0138995	0	0.0043943	0.327529	0	0	0	0.00220704	
0.959692	0.0139275	0	0.00440316	0.32638	0	0	0	0.00218812	
0.959569	0.0139555	0	0.004412	0.325235	0	0	0	0.00216954	
0.959446	0.0139833	0	0.0044208	0.324094	0	0	0	0.00215129	
0.959324	0.014011	0	0.00442956	0.322957	0	0	0	0.00213336	
0.959201	0.0140386	0	0.0044383	0.321825	0	0	0	0.00211576	
0.959078	0.0140662	0	0.004447	0.320696	0	0	0	0.00209846	
0.958956	0.0140936	0	0.00445566	0.319571	0	0	0	0.00208147	
0.958833	0.0141209	0	0.0044643	0.31845	0	0	0	0.00206478	
0.958711	0.0141481	0	0.0044729	0.317333	0	0	0	0.00204838	
0.958588	0.0141752	0	0.00448147	0.31622	0	0	0	0.00203226	
0.958466	0.0142022	0	0.00449	0.315111	0	0	0	0.00201643	
0.958343	0.0142291	0	0.00449851	0.314005	0	0	0	0.00200086	
0.958221	0.0142559	0	0.00450698	0.312904	0	0	0	0.00198557	
0.958098	0.0142826	0	0.00451542	0.311806	0	0	0	0.00197053	
0.957976	0.0143092	0	0.00452383	0.310713	0	0	0	0.00195576	
0.957854	0.0143357	0	0.0045322	0.309623	0	0	0	0.00194123	
0.957731	0.0143621	0	0.00454054	0.308537	0	0	0	0.00192695	
0.957609	0.0143884	0	0.00454886	0.307455	0	0	0	0.00191291	
0.957486	0.0144145	0	0.00455714	0.306376	0	0	0	0.00189911	
0.957364	0.0144406	0	0.00456538	0.305302	0	0	0	0.00188554	
0.957242	0.0144666	0	0.0045736	0.304231	0	0	0	0.00187219	
0.95712	0.0144925	0	0.00458178	0.303164	0	0	0	0.00185906	
0.956997	0.0145183	0	0.00458994	0.3021	0	0	0	0.00184616	
0.956875	0.014544	0	0.00459806	0.301041	0	0	0	0.00183346	
0.956753	0.0145696	0	0.00460615	0.299985	0	0	0	0.00182097	
0.95663	0.0145951	0	0.00461421	0.298933	0	0	0	0.00180868	
0.956508	0.0146205	0	0.00462224	0.297884	0	0	0	0.0017966	
0.956386	0.0146458	0	0.00463024	0.29684	0	0	0	0.00178471	
0.956264	0.014671	0	0.00463821	0.295798	0	0	0	0.00177301	
0.956142	0.0146961	0	0.00464615	0.294761	0	0	0	0.00176149	
0.956019	0.0147211	0	0.00465406	0.293727	0	0	0	0.00175016	
0.955897	0.014746	0	0.00466193	0.292697	0	0	0	0.00173901	
0.955775	0.0147709	0	0.00466978	0.29167	0	0	0	0.00172804	
0.955653	0.0147956	0	0.0046776	0.290647	0	0	0	0.00171724	
0.955531	0.0148202	0	0.00468538	0.289628	0	0	0	0.00170661	
0.955409	0.0148447	0	0.00469314	0.288612	0	0	0	0.00169614	
0.955287	0.0148692	0	0.00470087	0.2876	0	0	0	0.00168584	
0.955165	0.0148935	0	0.00470856	0.286591	0	0	0	0.00167569	
0.955043	0.0149178	0	0.00471623	0.285586	0	0	0	0.0016657	
0.954921	0.0149419	0	0.00472387	0.284585	0	0	0	0.00165586	
0.954799	0.014966	0	0.00473148	0.283587	0	0	0	0.00164617	
0.954677	0.01499	0	0.00473906	0.282592	0	0	0	0.00163663	
0.954555	0.0150139	0	0.00474661	0.281601	0	0	0	0.00162724	
0.954433	0.0150377	0	0.00475413	0.280613	0	0	0	0.00161798	
0.954311	0.0150614	0	0.00476162	0.279629	0	0	0	0.00160886	
0.954189	0.015085	0	0.00476909	0.278648	0	0	0	0.00159988	
0.954067	0.0151085	0	0.00477652	0.277671	0	0	0	0.00159103	
0.953945	0.0151319	0	0.00478393	0.276697	0	0	0	0.00158231	
0.953824	0.0151552	0	0.0047913	0.275727	0	0	0	0.00157371	
0.953702	0.0151785	0	0.00479865	0.27476	0	0	0	0.00156524	
0.95358	0.0152016	0	0.00480597	0.273796	0	0	0	0.0015569	
0.953458	0.0152247	0	0.00481326	0.272836	0	0	0	0.00154867	
0.953336	0.0152477	0	0.00482053	0.271879	0	0	0	0.00154056	
0.953214	0.0152706	0	0.00482776	0.270926	0	0	0	0.00153257	
0.953093	0.0152934	0	0.00483497	0.269976	0	0	0	0.00152469	
0.952971	0.0153161	0	0.00484215	0.269029	0	0	0	0.00151693	
0.952849	0.0153387	0	0.0048493	0.268086	0	0	0	0.00150927	
0.952728	0.0153612	0	0.00485642	0.267145	0	0	0	0.00150172	
0.952606	0.0153837	0	0.00486352	0.266209	0	0	0	0.00149427	
0.952484	0.015406	0	0.00487059	0.265275	0	0	0	0.00148692	
0.952363	0.0154283	0	0.00487763	0.264345	0	0	0	0.00147968	
0.952241	0.0154505	0	0.00488465	0.263418	0	0	0	0.00147254	
0.952119	0.0154726	0	0.00489163	0.262494	0	0	0	0.00146549	
0.951998	0.0154946	0	0.00489859	0.261573	0	0	0	0.00145854	
0.951876	0.0155165	0	0.00490552	0.260656	0	0	0	0.00145168	
0.951754	0.0155384	0	0.00491243	0.259742	0	0	0	0.00144492	
0.951633	0.0155601	0	0.00491931	0.258831	0	0	0	0.00143824	
0.951511	0.0155818	0	0.00492616	0.257924	0	0	0	0.00143166	
0.95139	0.0156034	0	0.00493298	0.257019	0	0	0	0.00142516	
0.951268	0.0156249	0	0.00493978	0.256118	0	0	0	0.00141874	
0.951147	0.0156463	0	0.00494656	0.25522	0	0	0	0.00141241	
0.951025	0.0156677	0	0.0049533	0.254325	0	0	0	0.00140616	
0.950904	0.0156889	0	0.00496002	0.253433	0	0	0	0.0014	
0.950782	0.0157101	0	0.00496671	0.252544	0	0	0	0.00139391	
0.950661	0.0157312	0	0.00497338	0.251659	0	0	0	0.0013879	
0.95054	0.0157522	0	0.00498002	0.250776	0	0	0	0.00138196	
0.950418	0.0157731	0	0.00498664	0.249897	0	0	0	0.0013761	
0.950297	0.0157939	0	0.00499322	0.24902	0	0	0	0.00137032	
0.950175	0.0158147	0	0.00499979	0.248147	0	0	0	0.00136461	
0.950054	0.0158354	0	0.00500632	0.247277	0	0	0	0.00135896	
0.949933	0.015856	0	0.00501284	0.24641	0	0	0	0.00135339	
0.949811	0.0158765	0	0.00501932	0.245546	0	0	0	0.00134789	
0.94969	0.0158969	0	0.00502578	0.244685	0	0	0	0.00134245	
0.949569	0.0159173	0	0.00503222	0.243827	0	0	0	0.00133709	
0.949448	0.0159376	0	0.00503863	0.242972	0	0	0	0.00133178	
0.949326	0.0159578	0	0.00504501	0.24212	0	0	0	0.00132654	
0.949205	0.0159779	0	0.00505137	0.241271	0	0	0	0.00132137	
0.949084	0.0159979	0	0.00505771	0.240425	0	0	0	0.00131625	
0.948963	0.0160179	0	0.00506402	0.239582	0	0	0	0.0013112	
0.948842	0.0160377	0	0.0050703	0.238742	0	0	0	0.0013062	
0.94872	0.0160576	0	0.00507657	0.237905	0	0	0	0.00130127	
0.948599	0.0160773	0	0.0050828	0.23707	0	0	0	0.00129639	
0.948478	0.0160969	0	0.00508901	0.236239	0	0	0	0.00129157	
0.948357	0.0161165	0	0.0050952	0.235411	0	0	0	0.00128681	
0.948236	0.016136	0	0.00510136	0.234585	0	0	0	0.0012821	
0.948115	0.0161554	0	0.0051075	0.233763	0	0	0	0.00127744	
0.947994	0.0161747	0	0.00511361	0.232943	0	0	0	0.00127284	
0.947873	0.016194	0	0.0051197	0.232127	0	0	0	0.00126829	
0.947752	0.0162132	0	0.00512577	0.231313	0	0	0	0.00126379	
0.947631	0.0162323	0	0.00513181	0.230502	0	0	0	0.00125934	
0.94751	0.0162513	0	0.00513783	0.229693	0	0	0	0.00125495	
0.947389	0.0162703	0	0.00514382	0.228888	0	0	0	0.0012506	
0.947268	0.0162892	0	0.00514979	0.228085	0	0	0	0.0012463	
0.947147	0.016308	0	0.00515574	0.227286	0	0	0	0.00124205	
0.947026	0.0163267	0	0.00516166	0.226489	0	0	0	0.00123784	
0.946905	0.0163454	0	0.00516756	0.225695	0	0	0	0.00123368	
0.946784	0.016364	0	0.00517344	0.224903	0	0	0	0.00122957	
0.946663	0.0163825	0	0.00517929	0.224115	0	0	0	0.0012255	
0.946542	0.0164009	0	0.00518512	0.223329	0	0	0	0.00122148	
0.946421	0.0164193	0	0.00519093	0.222546	0	0	0	0.00121749	
0.946301	0.0164376	0	0.00519671	0.221766	0	0	0	0.00121356	
0.94618	0.0164558	0	0.00520247	0.220988	0	0	0	0.00120966	
0.946059	0.016474	0	0.00520821	0.220214	0	0	0	0.0012058	
0.945938	0.016492	0	0.00521392	0.219441	0	0	0	0.00120199	
0.945817	0.01651	0	0.00521962	0.218672	0	0	0	0.00119822	
0.945697	0.016528	0	0.00522528	0.217905	0	0	0	0.00119448	
0.945576	0.0165458	0	0.00523093	0.217141	0	0	0	0.00119079	
0.945455	0.0165636	0	0.00523656	0.21638	0	0	0	0.00118713	
0.945334	0.0165813	0	0.00524216	0.215622	0	0	0	0.00118351	
0.945214	0.016599	0	0.00524774	0.214866	0	0	0	0.00117993	
0.945093	0.0166166	0	0.00525329	0.214112	0	0	0	0.00117638	
0.944972	0.0166341	0	0.00525883	0.213362	0	0	0	0.00117288	
0.944852	0.0166515	0	0.00526434	0.212614	0	0	0	0.0011694	
0.944731	0.0166689	0	0.00526983	0.211868	0	0	0	0.00116597	
0.94461	0.0166862	0	0.0052753	0.211125	0	0	0	0.00116257	
0.94449	0.0167034	0	0.00528075	0.210385	0	0	0	0.0011592	
0.944369	0.0167206	0	0.00528617	0.209648	0	0	0	0.00115586	
0.944249	0.0167377	0	0.00529158	0.208913	0	0	0	0.00115256	
0.944128	0.0167547	0	0.00529696	0.20818	0	0	0	0.0011493	
0.944008	0.0167716	0	0.00530232	0.20745	0	0	0	0.00114606	
0.943887	0.0167885	0	0.00530766	0.206723	0	0	0	0.00114286	
0.943767	0.0168053	0	0.00531297	0.205998	0	0	0	0.00113969	
0.943646	0.0168221	0	0.00531827	0.205276	0	0	0	0.00113655	
0.943526	0.0168388	0	0.00532354	0.204557	0	0	0	0.00113345	
0.943405	0.0168554	0	0.0053288	0.20384	0	0	0	0.00113037	
0.943285	0.0168719	0	0.00533403	0.203125	0	0	0	0.00112732	
0.943164	0.0168884	0	0.00533924	0.202413	0	0	0	0.0011243	
0.943044	0.0169048	0	0.00534443	0.201703	0	0	0	0.00112132	
0.942924	0.0169212	0	0.0053496	0.200996	0	0	0	0.00111836	
0.942803	0.0169375	0	0.00535475	0.200292	0	0	0	0.00111543	
0.942683	0.0169537	0	0.00535987	0.199589	0	0	0	0.00111253	
0.942563	0.0169698	0	0.00536498	0.19889	0	0	0	0.00110965	
0.942442	0.0169859	0	0.00537007	0.198193	0	0	0	0.00110681	
0.942322	0.0170019	0	0.00537513	0.197498	0	0	0	0.00110399	
0.942202	0.0170179	0	0.00538018	0.196805	0	0	0	0.0011012	
0.942081	0.0170338	0	0.0053852	0.196116	0	0	0	0.00109844	
0.941961	0.0170496	0	0.00539021	0.195428	0	0	0	0.0010957	
0.941841	0.0170654	0	0.00539519	0.194743	0	0	0	0.00109299	
0.941721	0.0170811	0	0.00540016	0.19406	0	0	0	0.0010903	
0.9416	0.0170967	0	0.0054051	0.19338	0	0	0	0.00108764	
0.94148	0.0171123	0	0.00541002	0.192702	0	0	0	0.00108501	
0.94136	0.0171278	0	0.00541493	0.192027	0	0	0	0.0010824	
0.94124	0.0171433	0	0.00541981	0.191354	0	0	0	0.00107981	
0.94112	0.0171587	0	0.00542467	0.190683	0	0	0	0.00107725	
0.941	0.017174	0	0.00542952	0.190014	0	0	0	0.00107471	
0.94088	0.0171892	0	0.00543434	0.189348	0	0	0	0.0010722	
0.940759	0.0172044	0	0.00543915	0.188685	0	0	0	0.00106971	
0.940639	0.0172196	0	0.00544393	0.188023	0	0	0	0.00106725	
0.940519	0.0172346	0	0.0054487	0.187364	0	0	0	0.00106481	
0.940399	0.0172497	0	0.00545344	0.186707	0	0	0	0.00106239	
0.940279	0.0172646	0	0.00545817	0.186053	0	0	0	0.00105999	
0.940159	0.0172795	0	0.00546288	0.185401	0	0	0	0.00105762	
0.940039	0.0172943	0	0.00546757	0.184751	0	0	0	0.00105527	
0.939919	0.0173091	0	0.00547224	0.184103	0	0	0	0.00105294	
0.939799	0.0173238	0	0.00547689	0.183458	0	0	0	0.00105063	
0.939679	0.0173385	0	0.00548152	0.182815	0	0	0	0.00104835	
0.939559	0.017353	0	0.00548613	0.182174	0	0	0	0.00104608	
0.939439	0.0173676	0	0.00549072	0.181536	0	0	0	0.00104384	
0.93932	0.017382	0	0.0054953	0.180899	0	0	0	0.00104162	
0.9392	0.0173965	0	0.00549985	0.180265	0	0	0	0.00103942	
0.93908	0.0174108	0	0.00550439	0.179634	0	0	0	0.00103724	
0.93896	0.0174251	0	0.00550891	0.179004	0	0	0	0.00103508	
0.93884	0.0174393	0	0.00551341	0.178377	0	0	0	0.00103294	
0.93872	0.0174535	0	0.00551789	0.177751	0	0	0	0.00103082	
0.9386	0.0174676	0	0.00552235	0.177128	0	0	0	0.00102873	
0.938481	0.0174817	0	0.0055268	0.176508	0	0	0	0.00102665	
0.938361	0.0174957	0	0.00553122	0.175889	0	0	0	0.00102459	
0.938241	0.0175096	0	0.00553563	0.175272	0	0	0	0.00102255	
0.938121	0.0175235	0	0.00554002	0.174658	0	0	0	0.00102053	
0.938002	0.0175373	0	0.00554439	0.174046	0	0	0	0.00101853	
0.937882	0.0175511	0	0.00554875	0.173436	0	0	0	0.00101655	
0.937762	0.0175648	0	0.00555308	0.172828	0	0	0	0.00101459	
0.937643	0.0175785	0	0.0055574	0.172222	0	0	0	0.00101264	
0.937523	0.0175921	0	0.0055617	0.171619	0	0	0	0.00101072	
0.937403	0.0176056	0	0.00556598	0.171017	0	0	0	0.00100881	
0.937284	0.0176191	0	0.00557025	0.170418	0	0	0	0.00100693	
0.937164	0.0176325	0	0.00557449	0.169821	0	0	0	0.00100506	
0.937044	0.0176459	0	0.00557872	0.169226	0	0	0	0.00100321	
0.936925	0.0176592	0	0.00558293	0.168632	0	0	0	0.00100137	
0.936805	0.0176725	0	0.00558713	0.168041	0	0	0	0.000999558	
0.936686	0.0176857	0	0.0055913	0.167453	0	0	0	0.00099776	
0.936566	0.0176989	0	0.00559546	0.166866	0	0	0	0.000995981	
0.936447	0.017712	0	0.00559961	0.166281	0	0	0	0.000994219	
0.936327	0.017725	0	0.00560373	0.165698	0	0	0	0.000992475	
0.936208	0.017738	0	0.00560784	0.165117	0	0	0	0.000990748	
0.936088	0.017751	0	0.00561193	0.164539	0	0	0	0.000989038	
0.935969	0.0177638	0	0.005616	0.163962	0	0	0	0.000987345	
0.935849	0.0177767	0	0.00562006	0.163388	0	0	0	0.00098567	
0.93573	0.0177894	0	0.0056241	0.162815	0	0	0	0.000984011	
0.93561	0.0178022	0	0.00562812	0.162244	0	0	0	0.000982369	
0.935491	0.0178148	0	0.00563213	0.161676	0	0	0	0.000980745	
0.935372	0.0178275	0	0.00563611	0.161109	0	0	0	0.000979136	
0.935252	0.01784	0	0.00564009	0.160545	0	0	0	0.000977545	
0.935133	0.0178525	0	0.00564404	0.159982	0	0	0	0.00097597	
0.935014	0.017865	0	0.00564798	0.159421	0	0	0	0.000974411	
0.934894	0.0178774	0	0.0056519	0.158863	0	0	0	0.000972869	
0.934775	0.0178898	0	0.00565581	0.158306	0	0	0	0.000971343	
0.934656	0.0179021	0	0.0056597	0.157751	0	0	0	0.000969833	
0.934536	0.0179143	0	0.00566357	0.157199	0	0	0	0.00096834	
0.934417	0.0179265	0	0.00566743	0.156648	0	0	0	0.000966862	
0.934298	0.0179387	0	0.00567127	0.156099	0	0	0	0.000965401	
0.934179	0.0179508	0	0.0056751	0.155552	0	0	0	0.000963956	
0.93406	0.0179628	0	0.0056789	0.155007	0	0	0	0.000962526	
0.93394	0.0179748	0	0.0056827	0.154463	0	0	0	0.000961112	
0.933821	0.0179867	0	0.00568647	0.153922	0	0	0	0.000959714	
0.933702	0.0179986	0	0.00569023	0.153383	0	0	0	0.000958332	
0.933583	0.0180105	0	0.00569398	0.152845	0	0	0	0.000956965	
0.933464	0.0180223	0	0.00569771	0.15231	0	0	0	0.000955614	
0.933345	0.018034	0	0.00570142	0.151776	0	0	0	0.000954278	
0.933226	0.0180457	0	0.00570512	0.151244	0	0	0	0.000952958	
0.933106	0.0180574	0	0.0057088	0.150714	0	0	0	0.000951654	
0.932987	0.018069	0	0.00571246	0.150186	0	0	0	0.000950365	
0.932868	0.0180805	0	0.00571611	0.14966	0	0	0	0.000949091	
0.932749	0.018092	0	0.00571975	0.149136	0	0	0	0.000947832	
0.93263	0.0181035	0	0.00572337	0.148613	0	0	0	0.000946589	
0.932511	0.0181149	0	0.00572697	0.148092	0	0	0	0.000945361	
0.932392	0.0181262	0	0.00573056	0.147573	0	0	0	0.000944148	
0.932273	0.0181375	0	0.00573413	0.147056	0	0	0	0.00094295	
0.932154	0.0181488	0	0.00573769	0.146541	0	0	0	0.000941768	
0.932036	0.01816	0	0.00574124	0.146028	0	0	0	0.0009406	
0.931917	0.0181711	0	0.00574476	0.145516	0	0	0	0.000939448	
0.931798	0.0181822	0	0.00574828	0.145006	0	0	0	0.000938311	
0.931679	0.0181933	0	0.00575177	0.144498	0	0	0	0.000937188	
0.93156	0.0182043	0	0.00575526	0.143992	0	0	0	0.000936081	
0.931441	0.0182153	0	0.00575873	0.143487	0	0	0	0.000934989	
0.931322	0.0182262	0	0.00576218	0.142985	0	0	0	0.000933912	
0.931203	0.0182371	0	0.00576562	0.142484	0	0	0	0.000932849	
0.931085	0.0182479	0	0.00576904	0.141984	0	0	0	0.000931802	
0.930966	0.0182587	0	0.00577245	0.141487	0	0	0	0.000930769	
0.930847	0.0182694	0	0.00577584	0.140991	0	0	0	0.000929752	
0.930728	0.0182801	0	0.00577922	0.140497	0	0	0	0.000928749	
0.93061	0.0182908	0	0.00578259	0.140005	0	0	0	0.000927761	
0.930491	0.0183014	0	0.00578594	0.139515	0	0	0	0.000926789	
0.930372	0.0183119	0	0.00578927	0.139026	0	0	0	0.000925831	
0.930253	0.0183224	0	0.0057926	0.138539	0	0	0	0.000924887	
0.930135	0.0183329	0	0.0057959	0.138053	0	0	0	0.000923959	
0.930016	0.0183433	0	0.0057992	0.13757	0	0	0	0.000923046	
0.929897	0.0183537	0	0.00580248	0.137088	0	0	0	0.000922148	
0.929779	0.018364	0	0.00580574	0.136608	0	0	0	0.000921264	
0.92966	0.0183743	0	0.00580899	0.136129	0	0	0	0.000920396	
0.929542	0.0183845	0	0.00581223	0.135652	0	0	0	0.000919542	
0.929423	0.0183947	0	0.00581545	0.135177	0	0	0	0.000918703	
0.929304	0.0184049	0	0.00581866	0.134703	0	0	0	0.000917879	
0.929186	0.018415	0	0.00582185	0.134231	0	0	0	0.000917071	
0.929067	0.018425	0	0.00582503	0.133761	0	0	0	0.000916277	
0.928949	0.018435	0	0.0058282	0.133293	0	0	0	0.000915498	
0.92883	0.018445	0	0.00583135	0.132826	0	0	0	0.000914735	
0.928712	0.0184549	0	0.00583449	0.13236	0	0	0	0.000913986	
0.928593	0.0184648	0	0.00583762	0.131897	0	0	0	0.000913252	
0.928475	0.0184747	0	0.00584073	0.131435	0	0	0	0.000912534	
0.928356	0.0184845	0	0.00584383	0.130974	0	0	0	0.000911831	
0.928238	0.0184942	0	0.00584691	0.130516	0	0	0	0.000911143	
0.92812	0.018504	0	0.00584998	0.130058	0	0	0	0.00091047	
0.928001	0.0185136	0	0.00585304	0.129603	0	0	0	0.000909812	
0.927883	0.0185233	0	0.00585609	0.129149	0	0	0	0.00090917	
0.927764	0.0185328	0	0.00585912	0.128696	0	0	0	0.000908543	
0.927646	0.0185424	0	0.00586214	0.128246	0	0	0	0.000907932	
0.927528	0.0185519	0	0.00586514	0.127796	0	0	0	0.000907336	
0.927409	0.0185614	0	0.00586813	0.127349	0	0	0	0.000906756	
0.927291	0.0185708	0	0.00587111	0.126903	0	0	0	0.000906191	
0.927173	0.0185802	0	0.00587408	0.126458	0	0	0	0.000905641	
0.927054	0.0185895	0	0.00587703	0.126015	0	0	0	0.000905108	
0.926936	0.0185988	0	0.00587997	0.125574	0	0	0	0.00090459	
0.926818	0.018608	0	0.00588289	0.125134	0	0	0	0.000904088	
0.9267	0.0186173	0	0.00588581	0.124696	0	0	0	0.000903602	
0.926582	0.0186264	0	0.00588871	0.124259	0	0	0	0.000903132	
0.926463	0.0186356	0	0.00589159	0.123824	0	0	0	0.000902677	
0.926345	0.0186447	0	0.00589447	0.12339	0	0	0	0.000902239	
0.926227	0.0186537	0	0.00589733	0.122958	0	0	0	0.000901818	
0.926109	0.0186627	0	0.00590018	0.122527	0	0	0	0.000901412	
0.925991	0.0186717	0	0.00590302	0.122098	0	0	0	0.000901023	
0.925873	0.0186806	0	0.00590584	0.12167	0	0	0	0.00090065	
0.925754	0.0186895	0	0.00590865	0.121244	0	0	0	0.000900294	
0.925636	0.0186984	0	0.00591145	0.12082	0	0	0	0.000899954	
0.925518	0.0187072	0	0.00591424	0.120396	0	0	0	0.000899631	
0.9254	0.018716	0	0.00591701	0.119975	0	0	0	0.000899325	
0.925282	0.0187247	0	0.00591977	0.119555	0	0	0	0.000899036	
0.925164	0.0187334	0	0.00592252	0.119136	0	0	0	0.000898764	
0.925046	0.0187421	0	0.00592526	0.118719	0	0	0	0.000898509	
0.924928	0.0187507	0	0.00592799	0.118303	0	0	0	0.000898272	
0.92481	0.0187593	0	0.0059307	0.117889	0	0	0	0.000898052	
0.924692	0.0187678	0	0.0059334	0.117476	0	0	0	0.000897849	
0.924574	0.0187763	0	0.00593609	0.117064	0	0	0	0.000897664	
0.924456	0.0187848	0	0.00593876	0.116654	0	0	0	0.000897497	
0.924338	0.0187932	0	0.00594143	0.116246	0	0	0	0.000897348	
0.924221	0.0188016	0	0.00594408	0.115839	0	0	0	0.000897217	
0.924103	0.0188099	0	0.00594672	0.115433	0	0	0	0.000897104	
0.923985	0.0188183	0	0.00594935	0.115029	0	0	0	0.00089701	
0.923867	0.0188265	0	0.00595197	0.114626	0	0	0	0.000896935	
0.923749	0.0188348	0	0.00595457	0.114225	0	0	0	0.000896878	
0.923631	0.018843	0	0.00595717	0.113825	0	0	0	0.00089684	
0.923514	0.0188511	0	0.00595975	0.113426	0	0	0	0.000896821	
0.923396	0.0188593	0	0.00596232	0.113029	0	0	0	0.000896821	
0.923278	0.0188674	0	0.00596488	0.112633	0	0	0	0.000896841	
0.92316	0.0188754	0	0.00596742	0.112239	0	0	0	0.00089688	
0.923042	0.0188834	0	0.00596996	0.111846	0	0	0	0.00089694	
0.922925	0.0188914	0	0.00597248	0.111454	0	0	0	0.000897019	
0.922807	0.0188994	0	0.00597499	0.111064	0	0	0	0.000897119	
0.922689	0.0189073	0	0.00597749	0.110675	0	0	0	0.000897239	
0.922572	0.0189151	0	0.00597998	0.110287	0	0	0	0.00089738	
0.922454	0.018923	0	0.00598246	0.109901	0	0	0	0.000897543	
0.922336	0.0189308	0	0.00598493	0.109516	0	0	0	0.000897726	
0.922219	0.0189386	0	0.00598738	0.109133	0	0	0	0.000897931	
0.922101	0.0189463	0	0.00598983	0.108751	0	0	0	0.000898157	
0.921983	0.018954	0	0.00599226	0.10837	0	0	0	0.000898406	
0.921866	0.0189616	0	0.00599468	0.107991	0	0	0	0.000898677	
0.921748	0.0189693	0	0.00599709	0.107612	0	0	0	0.000898971	
0.921631	0.0189769	0	0.00599949	0.107236	0	0	0	0.000899287	
0.921513	0.0189844	0	0.00600188	0.10686	0	0	0	0.000899627	
0.921396	0.0189919	0	0.00600426	0.106486	0	0	0	0.00089999	
0.921278	0.0189994	0	0.00600663	0.106113	0	0	0	0.000900377	
0.921161	0.0190069	0	0.00600898	0.105742	0	0	0	0.000900789	
0.921043	0.0190143	0	0.00601133	0.105372	0	0	0	0.000901225	
0.920926	0.0190217	0	0.00601366	0.105003	0	0	0	0.000901686	
0.920808	0.019029	0	0.00601599	0.104635	0	0	0	0.000902173	
0.920691	0.0190363	0	0.0060183	0.104269	0	0	0	0.000902685	
0.920573	0.0190436	0	0.0060206	0.103904	0	0	0	0.000903223	
0.920456	0.0190509	0	0.00602289	0.10354	0	0	0	0.000903788	
0.920339	0.0190581	0	0.00602518	0.103177	0	0	0	0.00090438	
0.920221	0.0190653	0	0.00602745	0.102816	0	0	0	0.000905	
0.920104	0.0190724	0	0.00602971	0.102456	0	0	0	0.000905648	
0.919987	0.0190795	0	0.00603196	0.102098	0	0	0	0.000906324	
0.919869	0.0190866	0	0.0060342	0.10174	0	0	0	0.000907029	
0.919752	0.0190937	0	0.00603642	0.101384	0	0	0	0.000907764	
0.919635	0.0191007	0	0.00603864	0.101029	0	0	0	0.000908529	
0.919517	0.0191077	0	0.00604085	0.100675	0	0	0	0.000909325	
0.9194	0.0191146	0	0.00604305	0.100323	0	0	0	0.000910153	
0.919283	0.0191215	0	0.00604524	0.0999719	0	0	0	0.000911012	
0.919166	0.0191284	0	0.00604741	0.0996219	0	0	0	0.000911904	
0.919048	0.0191353	0	0.00604958	0.0992732	0	0	0	0.000912829	
0.918931	0.0191421	0	0.00605174	0.0989257	0	0	0	0.000913789	
0.918814	0.0191489	0	0.00605389	0.0985795	0	0	0	0.000914783	
0.918697	0.0191557	0	0.00605602	0.0982344	0	0	0	0.000915813	
0.91858	0.0191624	0	0.00605815	0.0978906	0	0	0	0.00091688	
0.918463	0.0191691	0	0.00606027	0.0975479	0	0	0	0.000917984	
0.918345	0.0191758	0	0.00606237	0.0972065	0	0	0	0.000919127	
0.918228	0.0191824	0	0.00606447	0.0968663	0	0	0	0.000920309	
0.918111	0.019189	0	0.00606656	0.0965272	0	0	0	0.000921531	
0.917994	0.0191956	0	0.00606864	0.0961894	0	0	0	0.000922794	
0.917877	0.0192021	0	0.0060707	0.0958527	0	0	0	0.0009241	
0.91776	0.0192086	0	0.00607276	0.0955172	0	0	0	0.00092545	
0.917643	0.0192151	0	0.00607481	0.0951829	0	0	0	0.000926845	
0.917526	0.0192215	0	0.00607685	0.0948498	0	0	0	0.000928286	
0.917409	0.019228	0	0.00607888	0.0945178	0	0	0	0.000929774	
0.917292	0.0192344	0	0.0060809	0.0941871	0	0	0	0.000931312	
0.917175	0.0192407	0	0.00608291	0.0938574	0	0	0	0.000932901	
0.917058	0.019247	0	0.00608491	0.093529	0	0	0	0.000934542	
0.916941	0.0192533	0	0.0060869	0.0932017	0	0	0	0.000936236	
0.916824	0.0192596	0	0.00608888	0.0928755	0	0	0	0.000937987	
0.916707	0.0192658	0	0.00609085	0.0925505	0	0	0	0.000939796	
0.916591	0.0192721	0	0.00609282	0.0922266	0	0	0	0.000941665	
0.916474	0.0192782	0	0.00609477	0.0919039	0	0	0	0.000943597	
0.916357	0.0192844	0	0.00609672	0.0915822	0	0	0	0.000945593	
0.91624	0.0192905	0	0.00609865	0.0912618	0	0	0	0.000947657	
0.916123	0.0192966	0	0.00610058	0.0909424	0	0	0	0.000949791	
0.916006	0.0193027	0	0.00610249	0.0906242	0	0	0	0.000951999	
0.91589	0.0193087	0	0.0061044	0.0903071	0	0	0	0.000954282	
0.915773	0.0193147	0	0.0061063	0.0899911	0	0	0	0.000956646	
0.915656	0.0193207	0	0.00610819	0.0896762	0	0	0	0.000959094	
0.915539	0.0193266	0	0.00611007	0.0893624	0	0	0	0.000961631	
0.915422	0.0193326	0	0.00611195	0.0890498	0	0	0	0.000964259	
0.915306	0.0193384	0	0.00611381	0.0887382	0	0	0	0.000966985	
0.915189	0.0193443	0	0.00611566	0.0884277	0	0	0	0.000969815	
0.915072	0.0193502	0	0.00611751	0.0881183	0	0	0	0.000972753	
0.914956	0.019356	0	0.00611935	0.08781	0	0	0	0.000975806	
0.914839	0.0193617	0	0.00612117	0.0875028	0	0	0	0.000978982	
0.914722	0.0193675	0	0.00612299	0.0871967	0	0	0	0.000982288	
0.914606	0.0193732	0	0.0061248	0.0868916	0	0	0	0.000985734	
0.914489	0.0193789	0	0.00612661	0.0865876	0	0	0	0.000989328	
0.914373	0.0193846	0	0.0061284	0.0862847	0	0	0	0.000993082	
0.914256	0.0193903	0	0.00613019	0.0859829	0	0	0	0.000997008	
0.914139	0.0193959	0	0.00613196	0.0856821	0	0	0	0.00100112	
0.914023	0.0194015	0	0.00613373	0.0853823	0	0	0	0.00100543	
0.913906	0.019407	0	0.00613549	0.0850837	0	0	0	0.00100996	
