1	0	0	0	1	0	0	0	1	
0.999988	1.66338e-06	0	1.10358e-07	0.991635	0	0	0	0.987537	
0.999976	6.51238e-06	0	4.32543e-07	0.983421	0	0	0	0.975372	
0.999965	1.43834e-05	0	9.55234e-07	0.97528	0	0	0	0.963363	
0.999954	2.51123e-05	0	1.66755e-06	0.967211	0	0	0	0.951506	
0.999942	3.85484e-05	0	2.55949e-06	0.959214	0	0	0	0.939799	
0.999931	5.45528e-05	0	3.62184e-06	0.951286	0	0	0	0.928241	
0.99992	7.2997e-05	0	4.84606e-06	0.943428	0	0	0	0.916829	
0.999909	9.37618e-05	0	6.22426e-06	0.935639	0	0	0	0.905561	
0.999898	0.000116736	0	7.74906e-06	0.927918	0	0	0	0.894436	
0.999887	0.000141817	0	9.41359e-06	0.920264	0	0	0	0.883452	
0.999877	0.000168906	0	1.12114e-05	0.912676	0	0	0	0.872606	
0.999866	0.000197914	0	1.31365e-05	0.905155	0	0	0	0.861896	
0.999856	0.000228754	0	1.51832e-05	0.897699	0	0	0	0.851322	
0.999845	0.000261346	0	1.73461e-05	0.890307	0	0	0	0.840881	
0.999835	0.000295614	0	1.96203e-05	0.882979	0	0	0	0.830571	
0.999825	0.000331485	0	2.20008e-05	0.875715	0	0	0	0.82039	
0.999815	0.000368892	0	2.44832e-05	0.868513	0	0	0	0.810338	
0.999805	0.000407769	0	2.70631e-05	0.861373	0	0	0	0.800412	
0.999795	0.000448055	0	2.97365e-05	0.854294	0	0	0	0.79061	
0.999785	0.00048969	0	3.24994e-05	0.847276	0	0	0	0.780931	
0.999775	0.000532619	0	3.53482e-05	0.840319	0	0	0	0.771374	
0.999765	0.000576788	0	3.82792e-05	0.833421	0	0	0	0.761936	
0.999755	0.000622145	0	4.12891e-05	0.826582	0	0	0	0.752617	
0.999746	0.000668641	0	4.43745e-05	0.819801	0	0	0	0.743414	
0.999736	0.00071623	0	4.75325e-05	0.813079	0	0	0	0.734327	
0.999726	0.000764866	0	5.07599e-05	0.806414	0	0	0	0.725352	
0.999717	0.000814505	0	5.40539e-05	0.799805	0	0	0	0.716491	
0.999707	0.000865106	0	5.74117e-05	0.793253	0	0	0	0.707739	
0.999698	0.000916629	0	6.08306e-05	0.786757	0	0	0	0.699098	
0.999689	0.000969035	0	6.43082e-05	0.780316	0	0	0	0.690564	
0.99968	0.00102229	0	6.78419e-05	0.77393	0	0	0	0.682136	
0.99967	0.00107635	0	7.14293e-05	0.767597	0	0	0	0.673814	
0.999661	0.00113119	0	7.50681e-05	0.761319	0	0	0	0.665595	
0.999652	0.00118677	0	7.87562e-05	0.755094	0	0	0	0.657479	
0.999643	0.00124305	0	8.24914e-05	0.748921	0	0	0	0.649464	
0.999634	0.00130002	0	8.62717e-05	0.742801	0	0	0	0.641549	
0.999625	0.00135764	0	9.0095e-05	0.736732	0	0	0	0.633732	
0.999616	0.00141588	0	9.39594e-05	0.730715	0	0	0	0.626013	
0.999607	0.0014747	0	9.7863e-05	0.724749	0	0	0	0.618389	
0.999599	0.0015341	0	0.000101804	0.718833	0	0	0	0.610861	
0.99959	0.00159403	0	0.000105781	0.712966	0	0	0	0.603426	
0.999581	0.00165447	0	0.000109792	0.70715	0	0	0	0.596083	
0.999572	0.0017154	0	0.000113835	0.701382	0	0	0	0.588832	
0.999564	0.0017768	0	0.000117909	0.695663	0	0	0	0.58167	
0.999555	0.00183863	0	0.000122012	0.689991	0	0	0	0.574598	
0.999547	0.00190089	0	0.000126143	0.684368	0	0	0	0.567613	
0.999538	0.00196354	0	0.0001303	0.678792	0	0	0	0.560715	
0.99953	0.00202657	0	0.000134483	0.673262	0	0	0	0.553903	
0.999521	0.00208995	0	0.000138689	0.667779	0	0	0	0.547175	
0.999513	0.00215367	0	0.000142917	0.662342	0	0	0	0.540531	
0.999504	0.00221771	0	0.000147166	0.656951	0	0	0	0.533968	
0.999496	0.00228204	0	0.000151435	0.651605	0	0	0	0.527487	
0.999488	0.00234666	0	0.000155722	0.646303	0	0	0	0.521087	
0.999479	0.00241153	0	0.000160027	0.641046	0	0	0	0.514765	
0.999471	0.00247665	0	0.000164349	0.635833	0	0	0	0.508522	
0.999463	0.00254201	0	0.000168685	0.630663	0	0	0	0.502356	
0.999455	0.00260757	0	0.000173035	0.625537	0	0	0	0.496267	
0.999447	0.00267333	0	0.000177399	0.620453	0	0	0	0.490252	
0.999439	0.00273927	0	0.000181775	0.615412	0	0	0	0.484313	
0.99943	0.00280538	0	0.000186162	0.610413	0	0	0	0.478446	
0.999422	0.00287165	0	0.000190558	0.605455	0	0	0	0.472652	
0.999414	0.00293805	0	0.000194965	0.600539	0	0	0	0.466929	
0.999406	0.00300458	0	0.000199379	0.595664	0	0	0	0.461278	
0.999398	0.00307123	0	0.000203801	0.590829	0	0	0	0.455696	
0.999391	0.00313797	0	0.00020823	0.586035	0	0	0	0.450183	
0.999383	0.0032048	0	0.000212665	0.58128	0	0	0	0.444737	
0.999375	0.00327171	0	0.000217105	0.576565	0	0	0	0.439359	
0.999367	0.00333868	0	0.000221549	0.57189	0	0	0	0.434048	
0.999359	0.00340571	0	0.000225996	0.567253	0	0	0	0.428802	
0.999351	0.00347278	0	0.000230447	0.562654	0	0	0	0.42362	
0.999343	0.00353988	0	0.000234899	0.558094	0	0	0	0.418503	
0.999336	0.003607	0	0.000239353	0.553572	0	0	0	0.413448	
0.999328	0.00367414	0	0.000243808	0.549087	0	0	0	0.408456	
0.99932	0.00374128	0	0.000248263	0.544639	0	0	0	0.403525	
0.999313	0.00380841	0	0.000252717	0.540229	0	0	0	0.398655	
0.999305	0.00387552	0	0.00025717	0.535854	0	0	0	0.393845	
0.999297	0.00394261	0	0.000261622	0.531516	0	0	0	0.389094	
0.99929	0.00400966	0	0.000266071	0.527214	0	0	0	0.384401	
0.999282	0.00407667	0	0.000270518	0.522948	0	0	0	0.379767	
0.999275	0.00414363	0	0.000274961	0.518716	0	0	0	0.375189	
0.999267	0.00421054	0	0.0002794	0.51452	0	0	0	0.370667	
0.999259	0.00427737	0	0.000283835	0.510359	0	0	0	0.366201	
0.999252	0.00434414	0	0.000288265	0.506232	0	0	0	0.36179	
0.999245	0.00441082	0	0.00029269	0.502138	0	0	0	0.357433	
0.999237	0.00447742	0	0.000297109	0.498079	0	0	0	0.35313	
0.99923	0.00454392	0	0.000301522	0.494053	0	0	0	0.348879	
0.999222	0.00461032	0	0.000305928	0.490061	0	0	0	0.344681	
0.999215	0.00467661	0	0.000310326	0.486101	0	0	0	0.340534	
0.999207	0.00474279	0	0.000314718	0.482174	0	0	0	0.336438	
0.9992	0.00480885	0	0.000319101	0.47828	0	0	0	0.332392	
0.999193	0.00487478	0	0.000323476	0.474417	0	0	0	0.328396	
0.999185	0.00494058	0	0.000327842	0.470587	0	0	0	0.324449	
0.999178	0.00500625	0	0.0003322	0.466788	0	0	0	0.32055	
0.999171	0.00507177	0	0.000336547	0.46302	0	0	0	0.316699	
0.999163	0.00513715	0	0.000340885	0.459283	0	0	0	0.312895	
0.999156	0.00520238	0	0.000345213	0.455577	0	0	0	0.309138	
0.999149	0.00526745	0	0.000349531	0.451901	0	0	0	0.305427	
0.999142	0.00533235	0	0.000353838	0.448256	0	0	0	0.301761	
0.999134	0.0053971	0	0.000358134	0.44464	0	0	0	0.29814	
0.999127	0.00546167	0	0.000362419	0.441055	0	0	0	0.294563	
0.99912	0.00552607	0	0.000366692	0.437499	0	0	0	0.291031	
0.999113	0.00559028	0	0.000370953	0.433971	0	0	0	0.287541	
0.999106	0.00565432	0	0.000375202	0.430473	0	0	0	0.284094	
0.999099	0.00571817	0	0.000379438	0.427004	0	0	0	0.280689	
0.999091	0.00578183	0	0.000383663	0.423563	0	0	0	0.277326	
0.999084	0.0058453	0	0.000387874	0.42015	0	0	0	0.274004	
0.999077	0.00590857	0	0.000392072	0.416766	0	0	0	0.270722	
0.99907	0.00597163	0	0.000396257	0.413409	0	0	0	0.267481	
0.999063	0.0060345	0	0.000400428	0.410079	0	0	0	0.264279	
0.999056	0.00609716	0	0.000404586	0.406777	0	0	0	0.261117	
0.999049	0.00615961	0	0.00040873	0.403502	0	0	0	0.257992	
0.999042	0.00622184	0	0.000412859	0.400254	0	0	0	0.254906	
0.999035	0.00628386	0	0.000416975	0.397032	0	0	0	0.251858	
0.999028	0.00634567	0	0.000421076	0.393837	0	0	0	0.248847	
0.999021	0.00640725	0	0.000425162	0.390668	0	0	0	0.245873	
0.999014	0.00646861	0	0.000429233	0.387525	0	0	0	0.242934	
0.999007	0.00652974	0	0.00043329	0.384407	0	0	0	0.240032	
0.999	0.00659065	0	0.000437331	0.381315	0	0	0	0.237165	
0.998993	0.00665133	0	0.000441357	0.378248	0	0	0	0.234333	
0.998986	0.00671177	0	0.000445368	0.375207	0	0	0	0.231536	
0.998979	0.00677198	0	0.000449363	0.37219	0	0	0	0.228772	
0.998972	0.00683196	0	0.000453343	0.369198	0	0	0	0.226042	
0.998965	0.00689169	0	0.000457306	0.36623	0	0	0	0.223346	
0.998959	0.00695119	0	0.000461254	0.363286	0	0	0	0.220682	
0.998952	0.00701045	0	0.000465186	0.360367	0	0	0	0.218051	
0.998945	0.00706946	0	0.000469102	0.357471	0	0	0	0.215451	
0.998938	0.00712823	0	0.000473001	0.354599	0	0	0	0.212884	
0.998931	0.00718675	0	0.000476885	0.351751	0	0	0	0.210347	
0.998924	0.00724502	0	0.000480751	0.348925	0	0	0	0.207842	
0.998917	0.00730305	0	0.000484602	0.346123	0	0	0	0.205367	
0.998911	0.00736083	0	0.000488435	0.343344	0	0	0	0.202922	
0.998904	0.00741835	0	0.000492252	0.340587	0	0	0	0.200506	
0.998897	0.00747562	0	0.000496053	0.337852	0	0	0	0.19812	
0.99889	0.00753264	0	0.000499836	0.33514	0	0	0	0.195763	
0.998884	0.00758941	0	0.000503603	0.33245	0	0	0	0.193435	
0.998877	0.00764592	0	0.000507352	0.329782	0	0	0	0.191135	
0.99887	0.00770217	0	0.000511085	0.327136	0	0	0	0.188862	
0.998863	0.00775817	0	0.0005148	0.324511	0	0	0	0.186618	
0.998856	0.0078139	0	0.000518499	0.321908	0	0	0	0.1844	
0.99885	0.00786938	0	0.00052218	0.319325	0	0	0	0.18221	
0.998843	0.0079246	0	0.000525844	0.316764	0	0	0	0.180046	
0.998836	0.00797956	0	0.000529491	0.314224	0	0	0	0.177908	
0.99883	0.00803426	0	0.00053312	0.311704	0	0	0	0.175797	
0.998823	0.0080887	0	0.000536733	0.309204	0	0	0	0.17371	
0.998816	0.00814288	0	0.000540327	0.306725	0	0	0	0.171649	
0.99881	0.00819679	0	0.000543905	0.304267	0	0	0	0.169614	
0.998803	0.00825045	0	0.000547465	0.301828	0	0	0	0.167602	
0.998796	0.00830384	0	0.000551008	0.299409	0	0	0	0.165615	
0.99879	0.00835696	0	0.000554533	0.297009	0	0	0	0.163653	
0.998783	0.00840983	0	0.00055804	0.294629	0	0	0	0.161713	
0.998776	0.00846243	0	0.000561531	0.292269	0	0	0	0.159798	
0.99877	0.00851476	0	0.000565003	0.289927	0	0	0	0.157905	
0.998763	0.00856683	0	0.000568458	0.287605	0	0	0	0.156036	
0.998756	0.00861864	0	0.000571896	0.285301	0	0	0	0.154189	
0.99875	0.00867019	0	0.000575316	0.283016	0	0	0	0.152364	
0.998743	0.00872147	0	0.000578719	0.28075	0	0	0	0.150562	
0.998737	0.00877248	0	0.000582104	0.278502	0	0	0	0.148781	
0.99873	0.00882323	0	0.000585471	0.276272	0	0	0	0.147022	
0.998723	0.00887372	0	0.000588821	0.274061	0	0	0	0.145284	
0.998717	0.00892394	0	0.000592154	0.271867	0	0	0	0.143567	
0.99871	0.0089739	0	0.000595469	0.269691	0	0	0	0.141871	
0.998704	0.0090236	0	0.000598767	0.267532	0	0	0	0.140195	
0.998697	0.00907303	0	0.000602047	0.265392	0	0	0	0.138539	
0.998691	0.0091222	0	0.000605309	0.263268	0	0	0	0.136904	
0.998684	0.00917111	0	0.000608554	0.261162	0	0	0	0.135288	
0.998677	0.00921975	0	0.000611782	0.259072	0	0	0	0.133692	
0.998671	0.00926813	0	0.000614992	0.257	0	0	0	0.132114	
0.998664	0.00931625	0	0.000618185	0.254944	0	0	0	0.130556	
0.998658	0.00936411	0	0.000621361	0.252906	0	0	0	0.129017	
0.998651	0.0094117	0	0.000624519	0.250883	0	0	0	0.127496	
0.998645	0.00945904	0	0.00062766	0.248877	0	0	0	0.125994	
0.998638	0.00950611	0	0.000630783	0.246887	0	0	0	0.12451	
0.998632	0.00955293	0	0.000633889	0.244913	0	0	0	0.123043	
0.998625	0.00959948	0	0.000636978	0.242956	0	0	0	0.121595	
0.998619	0.00964578	0	0.00064005	0.241014	0	0	0	0.120163	
0.998612	0.00969181	0	0.000643105	0.239087	0	0	0	0.118749	
0.998606	0.00973759	0	0.000646142	0.237177	0	0	0	0.117352	
0.998599	0.00978311	0	0.000649163	0.235281	0	0	0	0.115972	
0.998593	0.00982838	0	0.000652166	0.233401	0	0	0	0.114608	
0.998586	0.00987338	0	0.000655153	0.231536	0	0	0	0.113261	
0.99858	0.00991814	0	0.000658122	0.229687	0	0	0	0.11193	
0.998574	0.00996263	0	0.000661075	0.227852	0	0	0	0.110615	
0.998567	0.0100069	0	0.00066401	0.226032	0	0	0	0.109316	
0.998561	0.0100509	0	0.000666929	0.224227	0	0	0	0.108032	
0.998554	0.0100946	0	0.000669831	0.222436	0	0	0	0.106764	
0.998548	0.0101381	0	0.000672716	0.22066	0	0	0	0.105511	
0.998541	0.0101813	0	0.000675584	0.218898	0	0	0	0.104273	
0.998535	0.0102243	0	0.000678436	0.21715	0	0	0	0.10305	
0.998529	0.010267	0	0.000681271	0.215417	0	0	0	0.101842	
0.998522	0.0103095	0	0.00068409	0.213697	0	0	0	0.100648	
0.998516	0.0103517	0	0.000686892	0.211991	0	0	0	0.0994685	
0.998509	0.0103937	0	0.000689678	0.210299	0	0	0	0.0983031	
0.998503	0.0104354	0	0.000692447	0.208621	0	0	0	0.0971518	
0.998497	0.0104769	0	0.0006952	0.206956	0	0	0	0.0960142	
0.99849	0.0105182	0	0.000697936	0.205305	0	0	0	0.0948903	
0.998484	0.0105592	0	0.000700656	0.203667	0	0	0	0.0937798	
0.998477	0.0105999	0	0.00070336	0.202042	0	0	0	0.0926826	
0.998471	0.0106404	0	0.000706048	0.20043	0	0	0	0.0915986	
0.998465	0.0106807	0	0.00070872	0.198831	0	0	0	0.0905276	
0.998458	0.0107207	0	0.000711376	0.197245	0	0	0	0.0894694	
0.998452	0.0107605	0	0.000714016	0.195672	0	0	0	0.0884239	
0.998445	0.0108	0	0.000716639	0.194112	0	0	0	0.0873909	
0.998439	0.0108393	0	0.000719247	0.192564	0	0	0	0.0863703	
0.998433	0.0108784	0	0.00072184	0.191028	0	0	0	0.0853619	
0.998426	0.0109172	0	0.000724416	0.189505	0	0	0	0.0843655	
0.99842	0.0109558	0	0.000726977	0.187994	0	0	0	0.0833811	
0.998414	0.0109942	0	0.000729522	0.186496	0	0	0	0.0824084	
0.998407	0.0110323	0	0.000732051	0.185009	0	0	0	0.0814474	
0.998401	0.0110702	0	0.000734566	0.183535	0	0	0	0.0804979	
0.998395	0.0111079	0	0.000737064	0.182072	0	0	0	0.0795597	
0.998388	0.0111453	0	0.000739547	0.180621	0	0	0	0.0786327	
0.998382	0.0111825	0	0.000742015	0.179181	0	0	0	0.0777168	
0.998376	0.0112194	0	0.000744468	0.177754	0	0	0	0.0768118	
0.998369	0.0112562	0	0.000746905	0.176337	0	0	0	0.0759177	
0.998363	0.0112927	0	0.000749328	0.174932	0	0	0	0.0750342	
0.998357	0.011329	0	0.000751735	0.173539	0	0	0	0.0741612	
0.99835	0.011365	0	0.000754127	0.172156	0	0	0	0.0732987	
0.998344	0.0114008	0	0.000756505	0.170785	0	0	0	0.0724465	
0.998338	0.0114364	0	0.000758867	0.169425	0	0	0	0.0716044	
0.998332	0.0114718	0	0.000761215	0.168076	0	0	0	0.0707724	
0.998325	0.011507	0	0.000763548	0.166737	0	0	0	0.0699503	
0.998319	0.0115419	0	0.000765866	0.165409	0	0	0	0.069138	
0.998313	0.0115766	0	0.00076817	0.164092	0	0	0	0.0683354	
0.998306	0.0116111	0	0.000770459	0.162786	0	0	0	0.0675423	
0.9983	0.0116454	0	0.000772734	0.16149	0	0	0	0.0667587	
0.998294	0.0116795	0	0.000774994	0.160204	0	0	0	0.0659845	
0.998288	0.0117133	0	0.00077724	0.158929	0	0	0	0.0652194	
0.998281	0.011747	0	0.000779471	0.157664	0	0	0	0.0644635	
0.998275	0.0117804	0	0.000781689	0.156409	0	0	0	0.0637165	
0.998269	0.0118136	0	0.000783892	0.155164	0	0	0	0.0629785	
0.998262	0.0118466	0	0.000786081	0.153929	0	0	0	0.0622492	
0.998256	0.0118794	0	0.000788256	0.152704	0	0	0	0.0615286	
0.99825	0.0119119	0	0.000790418	0.151489	0	0	0	0.0608165	
0.998244	0.0119443	0	0.000792565	0.150284	0	0	0	0.060113	
0.998237	0.0119765	0	0.000794699	0.149088	0	0	0	0.0594178	
0.998231	0.0120084	0	0.000796818	0.147902	0	0	0	0.0587308	
0.998225	0.0120401	0	0.000798925	0.146726	0	0	0	0.058052	
0.998219	0.0120717	0	0.000801017	0.145559	0	0	0	0.0573813	
0.998212	0.012103	0	0.000803096	0.144401	0	0	0	0.0567186	
0.998206	0.0121341	0	0.000805162	0.143252	0	0	0	0.0560637	
0.9982	0.0121651	0	0.000807214	0.142113	0	0	0	0.0554166	
0.998194	0.0121958	0	0.000809253	0.140983	0	0	0	0.0547772	
0.998187	0.0122263	0	0.000811278	0.139862	0	0	0	0.0541453	
0.998181	0.0122567	0	0.000813291	0.13875	0	0	0	0.053521	
0.998175	0.0122868	0	0.00081529	0.137647	0	0	0	0.052904	
0.998169	0.0123167	0	0.000817276	0.136552	0	0	0	0.0522944	
0.998162	0.0123465	0	0.000819249	0.135467	0	0	0	0.051692	
0.998156	0.012376	0	0.00082121	0.13439	0	0	0	0.0510968	
0.99815	0.0124053	0	0.000823157	0.133322	0	0	0	0.0505086	
0.998144	0.0124345	0	0.000825092	0.132262	0	0	0	0.0499273	
0.998138	0.0124635	0	0.000827014	0.131211	0	0	0	0.049353	
0.998131	0.0124922	0	0.000828923	0.130168	0	0	0	0.0487854	
0.998125	0.0125208	0	0.000830819	0.129134	0	0	0	0.0482246	
0.998119	0.0125492	0	0.000832704	0.128107	0	0	0	0.0476704	
0.998113	0.0125774	0	0.000834575	0.127089	0	0	0	0.0471228	
0.998107	0.0126055	0	0.000836435	0.12608	0	0	0	0.0465816	
0.9981	0.0126333	0	0.000838282	0.125078	0	0	0	0.0460469	
0.998094	0.0126609	0	0.000840116	0.124084	0	0	0	0.0455184	
0.998088	0.0126884	0	0.000841939	0.123099	0	0	0	0.0449962	
0.998082	0.0127157	0	0.000843749	0.122121	0	0	0	0.0444802	
0.998076	0.0127428	0	0.000845548	0.121151	0	0	0	0.0439703	
0.998069	0.0127697	0	0.000847334	0.120188	0	0	0	0.0434664	
0.998063	0.0127965	0	0.000849109	0.119234	0	0	0	0.0429685	
0.998057	0.012823	0	0.000850871	0.118287	0	0	0	0.0424765	
0.998051	0.0128494	0	0.000852622	0.117348	0	0	0	0.0419902	
0.998045	0.0128756	0	0.000854361	0.116416	0	0	0	0.0415097	
0.998038	0.0129017	0	0.000856089	0.115491	0	0	0	0.0410349	
0.998032	0.0129275	0	0.000857805	0.114574	0	0	0	0.0405656	
0.998026	0.0129532	0	0.000859509	0.113665	0	0	0	0.0401019	
0.99802	0.0129787	0	0.000861202	0.112762	0	0	0	0.0396437	
0.998014	0.0130041	0	0.000862883	0.111867	0	0	0	0.0391909	
0.998007	0.0130292	0	0.000864554	0.110979	0	0	0	0.0387434	
0.998001	0.0130542	0	0.000866213	0.110098	0	0	0	0.0383012	
0.997995	0.0130791	0	0.00086786	0.109224	0	0	0	0.0378642	
0.997989	0.0131037	0	0.000869497	0.108357	0	0	0	0.0374323	
0.997983	0.0131282	0	0.000871122	0.107497	0	0	0	0.0370056	
0.997977	0.0131526	0	0.000872737	0.106644	0	0	0	0.0365838	
0.99797	0.0131767	0	0.000874341	0.105798	0	0	0	0.036167	
0.997964	0.0132007	0	0.000875933	0.104959	0	0	0	0.0357552	
0.997958	0.0132246	0	0.000877515	0.104126	0	0	0	0.0353481	
0.997952	0.0132483	0	0.000879086	0.1033	0	0	0	0.0349459	
0.997946	0.0132718	0	0.000880647	0.10248	0	0	0	0.0345484	
0.99794	0.0132951	0	0.000882197	0.101667	0	0	0	0.0341555	
0.997933	0.0133183	0	0.000883736	0.100861	0	0	0	0.0337673	
0.997927	0.0133414	0	0.000885265	0.10006	0	0	0	0.0333837	
0.997921	0.0133642	0	0.000886783	0.0992668	0	0	0	0.0330045	
0.997915	0.013387	0	0.000888291	0.0984794	0	0	0	0.0326298	
0.997909	0.0134095	0	0.000889789	0.0976984	0	0	0	0.0322595	
0.997903	0.013432	0	0.000891276	0.0969235	0	0	0	0.0318936	
0.997896	0.0134542	0	0.000892753	0.0961549	0	0	0	0.0315319	
0.99789	0.0134763	0	0.00089422	0.0953924	0	0	0	0.0311745	
0.997884	0.0134983	0	0.000895677	0.094636	0	0	0	0.0308213	
0.997878	0.0135201	0	0.000897124	0.0938856	0	0	0	0.0304722	
0.997872	0.0135418	0	0.000898562	0.0931412	0	0	0	0.0301272	
0.997866	0.0135633	0	0.000899989	0.0924027	0	0	0	0.0297863	
0.99786	0.0135846	0	0.000901406	0.0916702	0	0	0	0.0294493	
0.997853	0.0136058	0	0.000902814	0.0909434	0	0	0	0.0291164	
0.997847	0.0136269	0	0.000904212	0.0902225	0	0	0	0.0287873	
0.997841	0.0136478	0	0.0009056	0.0895074	0	0	0	0.028462	
0.997835	0.0136686	0	0.000906978	0.0887979	0	0	0	0.0281406	
0.997829	0.0136892	0	0.000908348	0.0880941	0	0	0	0.0278229	
0.997823	0.0137097	0	0.000909707	0.0873959	0	0	0	0.027509	
0.997817	0.0137301	0	0.000911058	0.0867033	0	0	0	0.0271987	
0.997811	0.0137503	0	0.000912398	0.0860161	0	0	0	0.0268921	
0.997804	0.0137704	0	0.00091373	0.0853345	0	0	0	0.026589	
0.997798	0.0137903	0	0.000915052	0.0846583	0	0	0	0.0262895	
0.997792	0.0138101	0	0.000916366	0.0839875	0	0	0	0.0259935	
0.997786	0.0138297	0	0.00091767	0.0833221	0	0	0	0.0257009	
0.99778	0.0138493	0	0.000918965	0.0826619	0	0	0	0.0254118	
0.997774	0.0138686	0	0.000920251	0.082007	0	0	0	0.025126	
0.997768	0.0138879	0	0.000921528	0.0813574	0	0	0	0.0248436	
0.997762	0.013907	0	0.000922796	0.0807129	0	0	0	0.0245645	
0.997755	0.013926	0	0.000924055	0.0800735	0	0	0	0.0242886	
0.997749	0.0139448	0	0.000925306	0.0794393	0	0	0	0.024016	
0.997743	0.0139635	0	0.000926547	0.0788101	0	0	0	0.0237465	
0.997737	0.0139821	0	0.00092778	0.0781859	0	0	0	0.0234802	
0.997731	0.0140006	0	0.000929005	0.0775667	0	0	0	0.023217	
0.997725	0.0140189	0	0.000930221	0.0769524	0	0	0	0.0229568	
0.997719	0.0140371	0	0.000931428	0.076343	0	0	0	0.0226997	
0.997713	0.0140552	0	0.000932627	0.0757385	0	0	0	0.0224456	
0.997706	0.0140731	0	0.000933818	0.0751387	0	0	0	0.0221944	
0.9977	0.0140909	0	0.000935	0.0745438	0	0	0	0.0219462	
0.997694	0.0141086	0	0.000936174	0.0739536	0	0	0	0.0217008	
0.997688	0.0141262	0	0.000937339	0.0733681	0	0	0	0.0214584	
0.997682	0.0141436	0	0.000938497	0.0727872	0	0	0	0.0212187	
0.997676	0.0141609	0	0.000939646	0.072211	0	0	0	0.0209818	
0.99767	0.0141781	0	0.000940787	0.0716394	0	0	0	0.0207477	
0.997664	0.0141952	0	0.000941921	0.0710723	0	0	0	0.0205163	
0.997658	0.0142122	0	0.000943046	0.0705097	0	0	0	0.0202876	
0.997652	0.014229	0	0.000944163	0.0699516	0	0	0	0.0200615	
0.997645	0.0142457	0	0.000945273	0.069398	0	0	0	0.0198381	
0.997639	0.0142623	0	0.000946374	0.0688488	0	0	0	0.0196173	
0.997633	0.0142788	0	0.000947468	0.0683039	0	0	0	0.019399	
0.997627	0.0142952	0	0.000948554	0.0677634	0	0	0	0.0191833	
0.997621	0.0143114	0	0.000949632	0.0672271	0	0	0	0.01897	
0.997615	0.0143276	0	0.000950703	0.0666952	0	0	0	0.0187593	
0.997609	0.0143436	0	0.000951766	0.0661674	0	0	0	0.018551	
0.997603	0.0143595	0	0.000952822	0.0656439	0	0	0	0.0183451	
0.997597	0.0143753	0	0.00095387	0.0651245	0	0	0	0.0181416	
0.997591	0.014391	0	0.000954911	0.0646093	0	0	0	0.0179404	
0.997584	0.0144066	0	0.000955944	0.0640982	0	0	0	0.0177416	
0.997578	0.014422	0	0.000956971	0.0635911	0	0	0	0.0175451	
0.997572	0.0144374	0	0.000957989	0.0630881	0	0	0	0.0173509	
0.997566	0.0144526	0	0.000959001	0.062589	0	0	0	0.0171589	
0.99756	0.0144678	0	0.000960005	0.062094	0	0	0	0.0169691	
0.997554	0.0144828	0	0.000961002	0.0616028	0	0	0	0.0167815	
0.997548	0.0144977	0	0.000961993	0.0611156	0	0	0	0.0165961	
0.997542	0.0145125	0	0.000962976	0.0606323	0	0	0	0.0164129	
0.997536	0.0145272	0	0.000963952	0.0601528	0	0	0	0.0162318	
0.99753	0.0145419	0	0.000964921	0.0596771	0	0	0	0.0160527	
0.997524	0.0145564	0	0.000965883	0.0592051	0	0	0	0.0158758	
0.997517	0.0145708	0	0.000966838	0.058737	0	0	0	0.0157008	
0.997511	0.014585	0	0.000967787	0.0582725	0	0	0	0.0155279	
0.997505	0.0145992	0	0.000968729	0.0578118	0	0	0	0.015357	
0.997499	0.0146133	0	0.000969664	0.0573547	0	0	0	0.0151881	
0.997493	0.0146273	0	0.000970592	0.0569013	0	0	0	0.0150211	
0.997487	0.0146412	0	0.000971514	0.0564514	0	0	0	0.0148561	
0.997481	0.014655	0	0.000972429	0.0560051	0	0	0	0.0146929	
0.997475	0.0146687	0	0.000973337	0.0555624	0	0	0	0.0145316	
0.997469	0.0146823	0	0.000974239	0.0551232	0	0	0	0.0143722	
0.997463	0.0146958	0	0.000975135	0.0546875	0	0	0	0.0142147	
0.997457	0.0147092	0	0.000976024	0.0542552	0	0	0	0.0140589	
0.997451	0.0147225	0	0.000976907	0.0538264	0	0	0	0.013905	
0.997445	0.0147357	0	0.000977784	0.053401	0	0	0	0.0137528	
0.997438	0.0147488	0	0.000978654	0.052979	0	0	0	0.0136023	
0.997432	0.0147618	0	0.000979518	0.0525603	0	0	0	0.0134536	
0.997426	0.0147748	0	0.000980375	0.0521449	0	0	0	0.0133066	
0.99742	0.0147876	0	0.000981227	0.0517329	0	0	0	0.0131613	
0.997414	0.0148003	0	0.000982072	0.0513241	0	0	0	0.0130177	
0.997408	0.014813	0	0.000982912	0.0509185	0	0	0	0.0128757	
0.997402	0.0148256	0	0.000983745	0.0505162	0	0	0	0.0127354	
0.997396	0.014838	0	0.000984573	0.0501171	0	0	0	0.0125967	
0.99739	0.0148504	0	0.000985394	0.0497212	0	0	0	0.0124595	
0.997384	0.0148627	0	0.000986209	0.0493283	0	0	0	0.012324	
0.997378	0.0148749	0	0.000987019	0.0489387	0	0	0	0.01219	
0.997372	0.014887	0	0.000987823	0.0485521	0	0	0	0.0120575	
0.997366	0.014899	0	0.000988621	0.0481685	0	0	0	0.0119266	
0.99736	0.014911	0	0.000989413	0.0477881	0	0	0	0.0117971	
0.997353	0.0149228	0	0.000990199	0.0474106	0	0	0	0.0116692	
0.997347	0.0149346	0	0.00099098	0.0470361	0	0	0	0.0115427	
0.997341	0.0149463	0	0.000991755	0.0466646	0	0	0	0.0114176	
0.997335	0.0149579	0	0.000992525	0.0462961	0	0	0	0.011294	
0.997329	0.0149694	0	0.000993289	0.0459305	0	0	0	0.0111719	
0.997323	0.0149808	0	0.000994048	0.0455678	0	0	0	0.0110511	
0.997317	0.0149922	0	0.000994801	0.0452079	0	0	0	0.0109317	
0.997311	0.0150034	0	0.000995548	0.0448509	0	0	0	0.0108136	
0.997305	0.0150146	0	0.00099629	0.0444968	0	0	0	0.0106969	
0.997299	0.0150257	0	0.000997027	0.0441454	0	0	0	0.0105816	
0.997293	0.0150367	0	0.000997758	0.0437969	0	0	0	0.0104676	
0.997287	0.0150477	0	0.000998485	0.0434511	0	0	0	0.0103548	
0.997281	0.0150586	0	0.000999205	0.0431081	0	0	0	0.0102434	
0.997275	0.0150693	0	0.000999921	0.0427677	0	0	0	0.0101332	
0.997269	0.01508	0	0.00100063	0.0424301	0	0	0	0.0100243	
0.997263	0.0150907	0	0.00100134	0.0420952	0	0	0	0.00991668	
0.997257	0.0151012	0	0.00100204	0.0417629	0	0	0	0.00981025	
0.99725	0.0151117	0	0.00100273	0.0414332	0	0	0	0.00970503	
0.997244	0.0151221	0	0.00100342	0.0411062	0	0	0	0.00960102	
0.997238	0.0151324	0	0.00100411	0.0407818	0	0	0	0.00949819	
0.997232	0.0151427	0	0.00100479	0.0404599	0	0	0	0.00939654	
0.997226	0.0151529	0	0.00100546	0.0401406	0	0	0	0.00929605	
0.99722	0.015163	0	0.00100613	0.0398238	0	0	0	0.0091967	
0.997214	0.015173	0	0.0010068	0.0395095	0	0	0	0.00909849	
0.997208	0.0151829	0	0.00100746	0.0391977	0	0	0	0.00900139	
0.997202	0.0151928	0	0.00100811	0.0388884	0	0	0	0.0089054	
0.997196	0.0152026	0	0.00100876	0.0385816	0	0	0	0.00881051	
0.99719	0.0152124	0	0.00100941	0.0382772	0	0	0	0.00871669	
0.997184	0.015222	0	0.00101005	0.0379752	0	0	0	0.00862395	
0.997178	0.0152316	0	0.00101069	0.0376755	0	0	0	0.00853226	
0.997172	0.0152411	0	0.00101132	0.0373783	0	0	0	0.00844161	
0.997166	0.0152506	0	0.00101195	0.0370834	0	0	0	0.00835199	
0.99716	0.01526	0	0.00101257	0.0367909	0	0	0	0.0082634	
0.997154	0.0152693	0	0.00101319	0.0365006	0	0	0	0.00817581	
0.997148	0.0152786	0	0.0010138	0.0362127	0	0	0	0.00808921	
0.997142	0.0152877	0	0.00101441	0.0359271	0	0	0	0.0080036	
0.997136	0.0152969	0	0.00101502	0.0356437	0	0	0	0.00791896	
0.997129	0.0153059	0	0.00101562	0.0353626	0	0	0	0.00783529	
0.997123	0.0153149	0	0.00101621	0.0350837	0	0	0	0.00775256	
0.997117	0.0153238	0	0.00101681	0.034807	0	0	0	0.00767077	
0.997111	0.0153327	0	0.00101739	0.0345324	0	0	0	0.00758991	
0.997105	0.0153415	0	0.00101798	0.0342601	0	0	0	0.00750997	
0.997099	0.0153502	0	0.00101856	0.0339899	0	0	0	0.00743093	
0.997093	0.0153588	0	0.00101913	0.0337219	0	0	0	0.0073528	
0.997087	0.0153674	0	0.0010197	0.033456	0	0	0	0.00727554	
0.997081	0.015376	0	0.00102027	0.0331922	0	0	0	0.00719916	
0.997075	0.0153844	0	0.00102083	0.0329305	0	0	0	0.00712365	
0.997069	0.0153928	0	0.00102139	0.0326709	0	0	0	0.00704899	
0.997063	0.0154012	0	0.00102194	0.0324133	0	0	0	0.00697518	
0.997057	0.0154095	0	0.00102249	0.0321577	0	0	0	0.0069022	
0.997051	0.0154177	0	0.00102304	0.0319042	0	0	0	0.00683005	
0.997045	0.0154259	0	0.00102358	0.0316527	0	0	0	0.00675871	
0.997039	0.015434	0	0.00102412	0.0314032	0	0	0	0.00668818	
0.997033	0.015442	0	0.00102465	0.0311557	0	0	0	0.00661845	
0.997027	0.01545	0	0.00102518	0.0309101	0	0	0	0.00654951	
0.997021	0.0154579	0	0.00102571	0.0306664	0	0	0	0.00648134	
0.997015	0.0154658	0	0.00102623	0.0304247	0	0	0	0.00641395	
0.997009	0.0154736	0	0.00102675	0.0301849	0	0	0	0.00634732	
0.997003	0.0154814	0	0.00102726	0.0299471	0	0	0	0.00628144	
0.996997	0.0154891	0	0.00102777	0.029711	0	0	0	0.0062163	
0.996991	0.0154967	0	0.00102828	0.0294769	0	0	0	0.0061519	
0.996985	0.0155043	0	0.00102878	0.0292446	0	0	0	0.00608822	
0.996978	0.0155118	0	0.00102928	0.0290142	0	0	0	0.00602526	
0.996972	0.0155193	0	0.00102978	0.0287855	0	0	0	0.00596302	
0.996966	0.0155267	0	0.00103027	0.0285587	0	0	0	0.00590147	
0.99696	0.0155341	0	0.00103076	0.0283337	0	0	0	0.00584062	
0.996954	0.0155414	0	0.00103124	0.0281105	0	0	0	0.00578045	
0.996948	0.0155486	0	0.00103172	0.027889	0	0	0	0.00572096	
0.996942	0.0155558	0	0.0010322	0.0276693	0	0	0	0.00566214	
0.996936	0.015563	0	0.00103268	0.0274513	0	0	0	0.00560399	
0.99693	0.0155701	0	0.00103315	0.0272351	0	0	0	0.00554648	
0.996924	0.0155771	0	0.00103361	0.0270205	0	0	0	0.00548963	
0.996918	0.0155841	0	0.00103408	0.0268077	0	0	0	0.00543341	
0.996912	0.015591	0	0.00103454	0.0265965	0	0	0	0.00537783	
0.996906	0.0155979	0	0.00103499	0.026387	0	0	0	0.00532287	
0.9969	0.0156048	0	0.00103545	0.0261792	0	0	0	0.00526853	
0.996894	0.0156116	0	0.0010359	0.025973	0	0	0	0.00521479	
0.996888	0.0156183	0	0.00103635	0.0257685	0	0	0	0.00516167	
0.996882	0.015625	0	0.00103679	0.0255655	0	0	0	0.00510914	
0.996876	0.0156316	0	0.00103723	0.0253642	0	0	0	0.0050572	
0.99687	0.0156382	0	0.00103767	0.0251644	0	0	0	0.00500584	
0.996864	0.0156448	0	0.0010381	0.0249663	0	0	0	0.00495505	
0.996858	0.0156512	0	0.00103853	0.0247697	0	0	0	0.00490484	
0.996852	0.0156577	0	0.00103896	0.0245747	0	0	0	0.00485519	
0.996846	0.0156641	0	0.00103938	0.0243812	0	0	0	0.0048061	
0.99684	0.0156704	0	0.0010398	0.0241892	0	0	0	0.00475756	
0.996834	0.0156767	0	0.00104022	0.0239988	0	0	0	0.00470956	
0.996828	0.015683	0	0.00104064	0.0238098	0	0	0	0.0046621	
0.996822	0.0156892	0	0.00104105	0.0236224	0	0	0	0.00461517	
0.996816	0.0156954	0	0.00104146	0.0234364	0	0	0	0.00456877	
0.99681	0.0157015	0	0.00104186	0.0232519	0	0	0	0.00452288	
0.996804	0.0157075	0	0.00104227	0.0230689	0	0	0	0.00447751	
0.996798	0.0157136	0	0.00104267	0.0228873	0	0	0	0.00443265	
0.996792	0.0157196	0	0.00104306	0.0227072	0	0	0	0.00438829	
0.996786	0.0157255	0	0.00104346	0.0225285	0	0	0	0.00434443	
0.996779	0.0157314	0	0.00104385	0.0223512	0	0	0	0.00430105	
0.996773	0.0157372	0	0.00104424	0.0221752	0	0	0	0.00425816	
0.996767	0.015743	0	0.00104462	0.0220007	0	0	0	0.00421575	
0.996761	0.0157488	0	0.00104501	0.0218276	0	0	0	0.00417382	
0.996755	0.0157545	0	0.00104538	0.0216558	0	0	0	0.00413235	
0.996749	0.0157602	0	0.00104576	0.0214854	0	0	0	0.00409134	
0.996743	0.0157658	0	0.00104614	0.0213164	0	0	0	0.0040508	
0.996737	0.0157714	0	0.00104651	0.0211486	0	0	0	0.0040107	
0.996731	0.015777	0	0.00104687	0.0209822	0	0	0	0.00397105	
0.996725	0.0157825	0	0.00104724	0.0208172	0	0	0	0.00393185	
0.996719	0.015788	0	0.0010476	0.0206534	0	0	0	0.00389308	
0.996713	0.0157934	0	0.00104796	0.0204909	0	0	0	0.00385475	
0.996707	0.0157988	0	0.00104832	0.0203297	0	0	0	0.00381684	
0.996701	0.0158041	0	0.00104868	0.0201698	0	0	0	0.00377936	
0.996695	0.0158094	0	0.00104903	0.0200111	0	0	0	0.00374229	
0.996689	0.0158147	0	0.00104938	0.0198537	0	0	0	0.00370563	
0.996683	0.0158199	0	0.00104973	0.0196975	0	0	0	0.00366939	
0.996677	0.0158251	0	0.00105007	0.0195426	0	0	0	0.00363355	
0.996671	0.0158303	0	0.00105041	0.0193889	0	0	0	0.0035981	
0.996665	0.0158354	0	0.00105075	0.0192364	0	0	0	0.00356305	
0.996659	0.0158405	0	0.00105109	0.0190851	0	0	0	0.0035284	
0.996653	0.0158455	0	0.00105142	0.018935	0	0	0	0.00349412	
0.996647	0.0158505	0	0.00105175	0.0187861	0	0	0	0.00346023	
0.996641	0.0158555	0	0.00105208	0.0186384	0	0	0	0.00342672	
0.996635	0.0158604	0	0.00105241	0.0184918	0	0	0	0.00339358	
0.996629	0.0158653	0	0.00105273	0.0183464	0	0	0	0.0033608	
0.996623	0.0158701	0	0.00105306	0.0182022	0	0	0	0.00332839	
0.996617	0.015875	0	0.00105338	0.0180591	0	0	0	0.00329635	
0.996611	0.0158797	0	0.00105369	0.0179171	0	0	0	0.00326465	
0.996605	0.0158845	0	0.00105401	0.0177762	0	0	0	0.00323331	
0.996599	0.0158892	0	0.00105432	0.0176365	0	0	0	0.00320232	
0.996593	0.0158939	0	0.00105463	0.0174978	0	0	0	0.00317167	
0.996587	0.0158985	0	0.00105494	0.0173603	0	0	0	0.00314137	
0.996581	0.0159031	0	0.00105524	0.0172238	0	0	0	0.00311139	
0.996575	0.0159077	0	0.00105555	0.0170884	0	0	0	0.00308176	
0.996569	0.0159122	0	0.00105585	0.0169541	0	0	0	0.00305245	
0.996563	0.0159167	0	0.00105615	0.0168209	0	0	0	0.00302346	
0.996557	0.0159212	0	0.00105644	0.0166887	0	0	0	0.0029948	
0.996551	0.0159256	0	0.00105674	0.0165575	0	0	0	0.00296646	
0.996545	0.01593	0	0.00105703	0.0164274	0	0	0	0.00293843	
0.996539	0.0159344	0	0.00105732	0.0162983	0	0	0	0.00291071	
0.996533	0.0159387	0	0.00105761	0.0161702	0	0	0	0.00288329	
0.996527	0.015943	0	0.00105789	0.0160432	0	0	0	0.00285619	
0.996521	0.0159473	0	0.00105818	0.0159171	0	0	0	0.00282938	
0.996515	0.0159516	0	0.00105846	0.015792	0	0	0	0.00280287	
0.996509	0.0159558	0	0.00105874	0.015668	0	0	0	0.00277665	
0.996503	0.0159599	0	0.00105902	0.0155449	0	0	0	0.00275073	
0.996497	0.0159641	0	0.00105929	0.0154227	0	0	0	0.00272509	
0.996491	0.0159682	0	0.00105956	0.0153016	0	0	0	0.00269974	
0.996485	0.0159723	0	0.00105983	0.0151814	0	0	0	0.00267466	
0.996479	0.0159764	0	0.0010601	0.0150621	0	0	0	0.00264987	
0.996473	0.0159804	0	0.00106037	0.0149438	0	0	0	0.00262535	
0.996467	0.0159844	0	0.00106064	0.0148264	0	0	0	0.0026011	
0.996461	0.0159883	0	0.0010609	0.01471	0	0	0	0.00257712	
0.996455	0.0159923	0	0.00106116	0.0145944	0	0	0	0.0025534	
0.996449	0.0159962	0	0.00106142	0.0144798	0	0	0	0.00252995	
0.996443	0.016	0	0.00106168	0.0143661	0	0	0	0.00250676	
0.996437	0.0160039	0	0.00106193	0.0142533	0	0	0	0.00248382	
0.996431	0.0160077	0	0.00106218	0.0141413	0	0	0	0.00246114	
0.996425	0.0160115	0	0.00106244	0.0140303	0	0	0	0.00243871	
0.996418	0.0160153	0	0.00106269	0.0139201	0	0	0	0.00241652	
0.996412	0.016019	0	0.00106293	0.0138108	0	0	0	0.00239459	
0.996406	0.0160227	0	0.00106318	0.0137024	0	0	0	0.00237289	
0.9964	0.0160264	0	0.00106342	0.0135948	0	0	0	0.00235144	
0.996394	0.01603	0	0.00106366	0.0134881	0	0	0	0.00233022	
0.996388	0.0160336	0	0.00106391	0.0133822	0	0	0	0.00230924	
0.996382	0.0160372	0	0.00106414	0.0132771	0	0	0	0.00228849	
0.996376	0.0160408	0	0.00106438	0.0131729	0	0	0	0.00226797	
0.99637	0.0160443	0	0.00106462	0.0130695	0	0	0	0.00224768	
0.996364	0.0160479	0	0.00106485	0.0129669	0	0	0	0.00222761	
0.996358	0.0160513	0	0.00106508	0.0128651	0	0	0	0.00220777	
0.996352	0.0160548	0	0.00106531	0.0127642	0	0	0	0.00218814	
0.996346	0.0160582	0	0.00106554	0.012664	0	0	0	0.00216874	
0.99634	0.0160617	0	0.00106576	0.0125646	0	0	0	0.00214954	
0.996334	0.016065	0	0.00106599	0.012466	0	0	0	0.00213056	
0.996328	0.0160684	0	0.00106621	0.0123682	0	0	0	0.00211179	
0.996322	0.0160717	0	0.00106643	0.0122711	0	0	0	0.00209323	
0.996316	0.016075	0	0.00106665	0.0121748	0	0	0	0.00207487	
0.99631	0.0160783	0	0.00106687	0.0120793	0	0	0	0.00205672	
0.996304	0.0160816	0	0.00106709	0.0119845	0	0	0	0.00203877	
0.996298	0.0160848	0	0.0010673	0.0118905	0	0	0	0.00202101	
0.996292	0.016088	0	0.00106751	0.0117972	0	0	0	0.00200346	
0.996286	0.0160912	0	0.00106773	0.0117047	0	0	0	0.0019861	
0.99628	0.0160944	0	0.00106794	0.0116129	0	0	0	0.00196893	
0.996274	0.0160975	0	0.00106814	0.0115218	0	0	0	0.00195195	
0.996268	0.0161006	0	0.00106835	0.0114314	0	0	0	0.00193516	
0.996262	0.0161037	0	0.00106856	0.0113417	0	0	0	0.00191855	
0.996256	0.0161068	0	0.00106876	0.0112528	0	0	0	0.00190213	
0.99625	0.0161098	0	0.00106896	0.0111645	0	0	0	0.0018859	
0.996244	0.0161129	0	0.00106916	0.011077	0	0	0	0.00186984	
0.996238	0.0161159	0	0.00106936	0.0109901	0	0	0	0.00185396	
0.996232	0.0161188	0	0.00106956	0.0109039	0	0	0	0.00183826	
0.996226	0.0161218	0	0.00106975	0.0108184	0	0	0	0.00182273	
0.99622	0.0161247	0	0.00106995	0.0107336	0	0	0	0.00180738	
0.996214	0.0161276	0	0.00107014	0.0106494	0	0	0	0.00179219	
0.996208	0.0161305	0	0.00107033	0.0105659	0	0	0	0.00177718	
0.996202	0.0161334	0	0.00107052	0.0104831	0	0	0	0.00176233	
0.996196	0.0161362	0	0.00107071	0.0104009	0	0	0	0.00174765	
0.99619	0.0161391	0	0.0010709	0.0103194	0	0	0	0.00173313	
0.996184	0.0161419	0	0.00107109	0.0102385	0	0	0	0.00171877	
0.996178	0.0161446	0	0.00107127	0.0101582	0	0	0	0.00170457	
0.996172	0.0161474	0	0.00107145	0.0100786	0	0	0	0.00169053	
0.996166	0.0161501	0	0.00107164	0.00999963	0	0	0	0.00167665	
0.99616	0.0161529	0	0.00107182	0.00992126	0	0	0	0.00166292	
0.996154	0.0161556	0	0.00107199	0.0098435	0	0	0	0.00164935	
0.996148	0.0161582	0	0.00107217	0.00976636	0	0	0	0.00163593	
0.996142	0.0161609	0	0.00107235	0.00968983	0	0	0	0.00162266	
0.996136	0.0161635	0	0.00107252	0.00961391	0	0	0	0.00160953	
0.99613	0.0161662	0	0.0010727	0.00953858	0	0	0	0.00159656	
0.996124	0.0161688	0	0.00107287	0.00946384	0	0	0	0.00158373	
0.996118	0.0161713	0	0.00107304	0.00938969	0	0	0	0.00157104	
0.996112	0.0161739	0	0.00107321	0.00931613	0	0	0	0.00155849	
0.996106	0.0161764	0	0.00107338	0.00924315	0	0	0	0.00154609	
0.9961	0.016179	0	0.00107355	0.00917074	0	0	0	0.00153382	
0.996094	0.0161815	0	0.00107371	0.00909891	0	0	0	0.0015217	
0.996088	0.0161839	0	0.00107388	0.00902764	0	0	0	0.00150971	
0.996082	0.0161864	0	0.00107404	0.00895693	0	0	0	0.00149785	
0.996076	0.0161889	0	0.0010742	0.00888678	0	0	0	0.00148613	
0.99607	0.0161913	0	0.00107436	0.00881718	0	0	0	0.00147454	
0.996064	0.0161937	0	0.00107452	0.00874814	0	0	0	0.00146308	
0.996058	0.0161961	0	0.00107468	0.00867963	0	0	0	0.00145176	
0.996052	0.0161985	0	0.00107484	0.00861167	0	0	0	0.00144055	
0.996046	0.0162008	0	0.001075	0.00854424	0	0	0	0.00142948	
0.99604	0.0162031	0	0.00107515	0.00847734	0	0	0	0.00141853	
0.996034	0.0162055	0	0.00107531	0.00841097	0	0	0	0.00140771	
0.996028	0.0162078	0	0.00107546	0.00834513	0	0	0	0.00139701	
0.996022	0.0162101	0	0.00107561	0.0082798	0	0	0	0.00138643	
0.996016	0.0162123	0	0.00107576	0.00821498	0	0	0	0.00137597	
0.99601	0.0162146	0	0.00107591	0.00815068	0	0	0	0.00136563	
0.996004	0.0162168	0	0.00107606	0.00808689	0	0	0	0.00135541	
0.995998	0.016219	0	0.00107621	0.00802359	0	0	0	0.00134531	
0.995992	0.0162212	0	0.00107635	0.0079608	0	0	0	0.00133532	
0.995986	0.0162234	0	0.0010765	0.0078985	0	0	0	0.00132544	
0.99598	0.0162256	0	0.00107664	0.00783669	0	0	0	0.00131568	
0.995974	0.0162277	0	0.00107678	0.00777537	0	0	0	0.00130604	
0.995968	0.0162299	0	0.00107693	0.00771454	0	0	0	0.0012965	
0.995962	0.016232	0	0.00107707	0.00765418	0	0	0	0.00128707	
0.995956	0.0162341	0	0.00107721	0.00759429	0	0	0	0.00127775	
0.99595	0.0162362	0	0.00107734	0.00753488	0	0	0	0.00126854	
0.995944	0.0162383	0	0.00107748	0.00747594	0	0	0	0.00125944	
0.995938	0.0162403	0	0.00107762	0.00741746	0	0	0	0.00125044	
0.995932	0.0162424	0	0.00107775	0.00735945	0	0	0	0.00124155	
0.995926	0.0162444	0	0.00107789	0.00730189	0	0	0	0.00123276	
0.99592	0.0162464	0	0.00107802	0.00724478	0	0	0	0.00122407	
0.995914	0.0162484	0	0.00107815	0.00718812	0	0	0	0.00121549	
0.995908	0.0162504	0	0.00107829	0.00713191	0	0	0	0.00120701	
0.995902	0.0162523	0	0.00107842	0.00707615	0	0	0	0.00119862	
0.995896	0.0162543	0	0.00107855	0.00702082	0	0	0	0.00119034	
0.99589	0.0162562	0	0.00107867	0.00696593	0	0	0	0.00118215	
0.995884	0.0162581	0	0.0010788	0.00691147	0	0	0	0.00117406	
0.995878	0.01626	0	0.00107893	0.00685744	0	0	0	0.00116607	
0.995872	0.0162619	0	0.00107905	0.00680383	0	0	0	0.00115817	
0.995866	0.0162638	0	0.00107918	0.00675065	0	0	0	0.00115036	
0.99586	0.0162657	0	0.0010793	0.00669789	0	0	0	0.00114265	
0.995854	0.0162675	0	0.00107942	0.00664554	0	0	0	0.00113503	
0.995848	0.0162694	0	0.00107955	0.00659361	0	0	0	0.00112751	
0.995842	0.0162712	0	0.00107967	0.00654208	0	0	0	0.00112007	
0.995836	0.016273	0	0.00107979	0.00649096	0	0	0	0.00111273	
0.99583	0.0162748	0	0.00107991	0.00644024	0	0	0	0.00110547	
0.995824	0.0162766	0	0.00108002	0.00638993	0	0	0	0.0010983	
0.995818	0.0162784	0	0.00108014	0.00634001	0	0	0	0.00109122	
0.995812	0.0162801	0	0.00108026	0.00629048	0	0	0	0.00108423	
0.995806	0.0162818	0	0.00108037	0.00624134	0	0	0	0.00107732	
0.9958	0.0162836	0	0.00108049	0.00619259	0	0	0	0.0010705	
0.995794	0.0162853	0	0.0010806	0.00614422	0	0	0	0.00106377	
0.995788	0.016287	0	0.00108072	0.00609624	0	0	0	0.00105711	
0.995782	0.0162887	0	0.00108083	0.00604863	0	0	0	0.00105055	
0.995776	0.0162904	0	0.00108094	0.0060014	0	0	0	0.00104406	
0.99577	0.016292	0	0.00108105	0.00595454	0	0	0	0.00103766	
0.995764	0.0162937	0	0.00108116	0.00590805	0	0	0	0.00103133	
0.995758	0.0162953	0	0.00108127	0.00586193	0	0	0	0.00102509	
0.995752	0.016297	0	0.00108138	0.00581616	0	0	0	0.00101893	
0.995746	0.0162986	0	0.00108148	0.00577076	0	0	0	0.00101285	
0.99574	0.0163002	0	0.00108159	0.00572572	0	0	0	0.00100685	
0.995734	0.0163018	0	0.0010817	0.00568103	0	0	0	0.00100092	
0.995728	0.0163034	0	0.0010818	0.0056367	0	0	0	0.000995075	
0.995722	0.0163049	0	0.00108191	0.00559271	0	0	0	0.000989306	
0.995716	0.0163065	0	0.00108201	0.00554907	0	0	0	0.000983613	
0.99571	0.016308	0	0.00108211	0.00550578	0	0	0	0.000977996	
0.995704	0.0163096	0	0.00108221	0.00546282	0	0	0	0.000972455	
0.995699	0.0163111	0	0.00108231	0.0054202	0	0	0	0.00096699	
0.995693	0.0163126	0	0.00108242	0.00537792	0	0	0	0.000961599	
0.995687	0.0163141	0	0.00108251	0.00533598	0	0	0	0.000956282	
0.995681	0.0163156	0	0.00108261	0.00529436	0	0	0	0.000951039	
0.995675	0.0163171	0	0.00108271	0.00525307	0	0	0	0.000945869	
0.995669	0.0163185	0	0.00108281	0.00521211	0	0	0	0.000940772	
0.995663	0.01632	0	0.00108291	0.00517147	0	0	0	0.000935748	
0.995657	0.0163214	0	0.001083	0.00513115	0	0	0	0.000930796	
0.995651	0.0163229	0	0.0010831	0.00509114	0	0	0	0.000925915	
0.995645	0.0163243	0	0.00108319	0.00505146	0	0	0	0.000921107	
0.995639	0.0163257	0	0.00108329	0.00501208	0	0	0	0.000916369	
0.995633	0.0163271	0	0.00108338	0.00497302	0	0	0	0.000911702	
0.995627	0.0163285	0	0.00108347	0.00493426	0	0	0	0.000907106	
0.995621	0.0163299	0	0.00108356	0.00489581	0	0	0	0.00090258	
0.995615	0.0163313	0	0.00108365	0.00485766	0	0	0	0.000898124	
0.995609	0.0163326	0	0.00108374	0.00481982	0	0	0	0.000893738	
0.995603	0.016334	0	0.00108383	0.00478227	0	0	0	0.000889422	
0.995597	0.0163353	0	0.00108392	0.00474501	0	0	0	0.000885175	
0.995591	0.0163367	0	0.00108401	0.00470806	0	0	0	0.000880998	
0.995585	0.016338	0	0.0010841	0.00467139	0	0	0	0.00087689	
0.995579	0.0163393	0	0.00108419	0.00463501	0	0	0	0.000872851	
0.995573	0.0163406	0	0.00108427	0.00459892	0	0	0	0.000868882	
0.995567	0.0163419	0	0.00108436	0.00456311	0	0	0	0.000864982	
0.995561	0.0163432	0	0.00108445	0.00452759	0	0	0	0.000861151	
0.995555	0.0163445	0	0.00108453	0.00449234	0	0	0	0.00085739	
0.995549	0.0163458	0	0.00108461	0.00445738	0	0	0	0.000853698	
0.995543	0.016347	0	0.0010847	0.00442269	0	0	0	0.000850076	
0.995537	0.0163483	0	0.00108478	0.00438827	0	0	0	0.000846524	
0.995531	0.0163495	0	0.00108486	0.00435412	0	0	0	0.000843043	
0.995525	0.0163507	0	0.00108495	0.00432025	0	0	0	0.000839632	
0.995519	0.016352	0	0.00108503	0.00428664	0	0	0	0.000836292	
0.995513	0.0163532	0	0.00108511	0.0042533	0	0	0	0.000833024	
0.995507	0.0163544	0	0.00108519	0.00422022	0	0	0	0.000829829	
0.995501	0.0163556	0	0.00108527	0.0041874	0	0	0	0.000826706	
0.995495	0.0163568	0	0.00108535	0.00415484	0	0	0	0.000823657	
0.995489	0.016358	0	0.00108543	0.00412254	0	0	0	0.000820683	
0.995483	0.0163591	0	0.0010855	0.00409049	0	0	0	0.000817785	
0.995477	0.0163603	0	0.00108558	0.0040587	0	0	0	0.000814963	
0.995471	0.0163615	0	0.00108566	0.00402715	0	0	0	0.00081222	
0.995465	0.0163626	0	0.00108573	0.00399586	0	0	0	0.000809557	
0.995459	0.0163638	0	0.00108581	0.00396482	0	0	0	0.000806975	
0.995453	0.0163649	0	0.00108588	0.00393402	0	0	0	0.000804477	
0.995447	0.016366	0	0.00108596	0.00390346	0	0	0	0.000802064	
0.995441	0.0163671	0	0.00108603	0.00387314	0	0	0	0.00079974	
0.995435	0.0163683	0	0.00108611	0.00384307	0	0	0	0.000797507	
0.995429	0.0163694	0	0.00108618	0.00381323	0	0	0	0.000795368	
0.995423	0.0163705	0	0.00108625	0.00378364	0	0	0	0.000793328	
