1	0	0	0	1	0	0	0	1	
0.999933	1.447e-06	0	3.2848e-07	0.995045	0	0	0	0.980801	
0.999868	5.67391e-06	0	1.28885e-06	0.990155	0	0	0	0.96225	
0.999802	1.25383e-05	0	2.84797e-06	0.985294	0	0	0	0.944054	
0.999737	2.18998e-05	0	4.97395e-06	0.980461	0	0	0	0.926207	
0.999673	3.36291e-05	0	7.63749e-06	0.975655	0	0	0	0.908701	
0.999608	4.76073e-05	0	1.08115e-05	0.970876	0	0	0	0.89153	
0.999544	6.3724e-05	0	1.44711e-05	0.966124	0	0	0	0.874688	
0.999481	8.18769e-05	0	1.85928e-05	0.961398	0	0	0	0.858168	
0.999417	0.000101971	0	2.31552e-05	0.956699	0	0	0	0.841963	
0.999354	0.000123916	0	2.81379e-05	0.952025	0	0	0	0.826069	
0.999292	0.00014763	0	3.35221e-05	0.947378	0	0	0	0.810478	
0.999229	0.000173033	0	3.92899e-05	0.942755	0	0	0	0.795184	
0.999167	0.000200053	0	4.54245e-05	0.938158	0	0	0	0.780183	
0.999105	0.000228619	0	5.19103e-05	0.933586	0	0	0	0.765468	
0.999043	0.000258667	0	5.87323e-05	0.929039	0	0	0	0.751034	
0.998982	0.000290133	0	6.58763e-05	0.924516	0	0	0	0.736876	
0.99892	0.000322958	0	7.33289e-05	0.920018	0	0	0	0.722987	
0.998859	0.000357087	0	8.10775e-05	0.915544	0	0	0	0.709363	
0.998799	0.000392465	0	8.91097e-05	0.911093	0	0	0	0.695999	
0.998738	0.000429043	0	9.74142e-05	0.906667	0	0	0	0.68289	
0.998678	0.000466771	0	0.00010598	0.902264	0	0	0	0.670031	
0.998617	0.000505603	0	0.000114796	0.897884	0	0	0	0.657417	
0.998557	0.000545495	0	0.000123853	0.893528	0	0	0	0.645043	
0.998497	0.000586404	0	0.000133141	0.889194	0	0	0	0.632905	
0.998438	0.000628289	0	0.00014265	0.884884	0	0	0	0.620998	
0.998378	0.000671112	0	0.000152372	0.880596	0	0	0	0.609318	
0.998319	0.000714834	0	0.000162298	0.87633	0	0	0	0.59786	
0.99826	0.000759419	0	0.000172421	0.872087	0	0	0	0.58662	
0.998201	0.000804834	0	0.000182731	0.867866	0	0	0	0.575594	
0.998142	0.000851044	0	0.000193222	0.863667	0	0	0	0.564778	
0.998083	0.000898018	0	0.000203887	0.85949	0	0	0	0.554168	
0.998025	0.000945724	0	0.000214718	0.855334	0	0	0	0.54376	
0.997966	0.000994133	0	0.000225708	0.8512	0	0	0	0.533549	
0.997908	0.00104322	0	0.000236851	0.847088	0	0	0	0.523533	
0.99785	0.00109294	0	0.000248141	0.842996	0	0	0	0.513707	
0.997792	0.00114329	0	0.000259572	0.838926	0	0	0	0.504068	
0.997734	0.00119424	0	0.000271137	0.834877	0	0	0	0.494612	
0.997676	0.00124575	0	0.000282832	0.830848	0	0	0	0.485336	
0.997618	0.0012978	0	0.00029465	0.82684	0	0	0	0.476237	
0.997561	0.00135038	0	0.000306586	0.822853	0	0	0	0.46731	
0.997503	0.00140345	0	0.000318636	0.818886	0	0	0	0.458552	
0.997446	0.001457	0	0.000330793	0.814939	0	0	0	0.449961	
0.997389	0.00151101	0	0.000343054	0.811013	0	0	0	0.441533	
0.997332	0.00156545	0	0.000355414	0.807106	0	0	0	0.433266	
0.997275	0.00162031	0	0.000367869	0.803219	0	0	0	0.425155	
0.997218	0.00167557	0	0.000380413	0.799352	0	0	0	0.417198	
0.997161	0.0017312	0	0.000393043	0.795505	0	0	0	0.409392	
0.997105	0.00178719	0	0.000405755	0.791677	0	0	0	0.401734	
0.997048	0.00184352	0	0.000418544	0.787869	0	0	0	0.394222	
0.996992	0.00190018	0	0.000431408	0.784079	0	0	0	0.386852	
0.996935	0.00195715	0	0.000444341	0.780309	0	0	0	0.379621	
0.996879	0.00201442	0	0.000457342	0.776558	0	0	0	0.372528	
0.996823	0.00207196	0	0.000470405	0.772826	0	0	0	0.36557	
0.996766	0.00212976	0	0.000483528	0.769112	0	0	0	0.358743	
0.99671	0.00218782	0	0.000496708	0.765417	0	0	0	0.352046	
0.996654	0.00224611	0	0.000509941	0.761741	0	0	0	0.345476	
0.996599	0.00230462	0	0.000523225	0.758083	0	0	0	0.33903	
0.996543	0.00236333	0	0.000536555	0.754444	0	0	0	0.332706	
0.996487	0.00242225	0	0.00054993	0.750822	0	0	0	0.326503	
0.996431	0.00248134	0	0.000563347	0.747219	0	0	0	0.320416	
0.996376	0.00254061	0	0.000576802	0.743634	0	0	0	0.314445	
0.99632	0.00260004	0	0.000590294	0.740067	0	0	0	0.308587	
0.996265	0.00265961	0	0.000603819	0.736517	0	0	0	0.30284	
0.996209	0.00271933	0	0.000617375	0.732985	0	0	0	0.297202	
0.996154	0.00277917	0	0.00063096	0.729471	0	0	0	0.291671	
0.996099	0.00283912	0	0.000644572	0.725974	0	0	0	0.286244	
0.996044	0.00289918	0	0.000658207	0.722495	0	0	0	0.28092	
0.995988	0.00295934	0	0.000671865	0.719033	0	0	0	0.275696	
0.995933	0.00301959	0	0.000685542	0.715588	0	0	0	0.270572	
0.995878	0.00307991	0	0.000699237	0.71216	0	0	0	0.265544	
0.995823	0.0031403	0	0.000712948	0.708749	0	0	0	0.260612	
0.995768	0.00320076	0	0.000726672	0.705355	0	0	0	0.255772	
0.995714	0.00326126	0	0.000740408	0.701978	0	0	0	0.251024	
0.995659	0.00332181	0	0.000754154	0.698617	0	0	0	0.246366	
0.995604	0.00338239	0	0.000767909	0.695273	0	0	0	0.241796	
0.995549	0.00344301	0	0.000781669	0.691946	0	0	0	0.237313	
0.995495	0.00350364	0	0.000795435	0.688634	0	0	0	0.232914	
0.99544	0.00356429	0	0.000809204	0.68534	0	0	0	0.228598	
0.995386	0.00362494	0	0.000822974	0.682061	0	0	0	0.224364	
0.995331	0.0036856	0	0.000836744	0.678799	0	0	0	0.220209	
0.995277	0.00374625	0	0.000850512	0.675553	0	0	0	0.216133	
0.995222	0.00380688	0	0.000864278	0.672322	0	0	0	0.212134	
0.995168	0.0038675	0	0.000878039	0.669108	0	0	0	0.208211	
0.995114	0.00392809	0	0.000891795	0.665909	0	0	0	0.204362	
0.995059	0.00398865	0	0.000905543	0.662726	0	0	0	0.200585	
0.995005	0.00404917	0	0.000919283	0.659559	0	0	0	0.196879	
0.994951	0.00410965	0	0.000933014	0.656407	0	0	0	0.193244	
0.994897	0.00417008	0	0.000946733	0.65327	0	0	0	0.189677	
0.994843	0.00423046	0	0.000960441	0.650149	0	0	0	0.186177	
0.994789	0.00429078	0	0.000974135	0.647043	0	0	0	0.182743	
0.994735	0.00435104	0	0.000987816	0.643953	0	0	0	0.179374	
0.994681	0.00441123	0	0.00100148	0.640877	0	0	0	0.176068	
0.994627	0.00447135	0	0.00101513	0.637817	0	0	0	0.172825	
0.994573	0.00453139	0	0.00102876	0.634771	0	0	0	0.169643	
0.994519	0.00459135	0	0.00104237	0.63174	0	0	0	0.166521	
0.994465	0.00465123	0	0.00105597	0.628725	0	0	0	0.163457	
0.994411	0.00471102	0	0.00106954	0.625723	0	0	0	0.160452	
0.994358	0.00477071	0	0.00108309	0.622737	0	0	0	0.157503	
0.994304	0.00483031	0	0.00109662	0.619765	0	0	0	0.154609	
0.99425	0.00488981	0	0.00111013	0.616807	0	0	0	0.15177	
0.994196	0.0049492	0	0.00112361	0.613864	0	0	0	0.148984	
0.994143	0.00500849	0	0.00113707	0.610935	0	0	0	0.146251	
0.994089	0.00506766	0	0.00115051	0.608021	0	0	0	0.143569	
0.994036	0.00512672	0	0.00116392	0.60512	0	0	0	0.140938	
0.993982	0.00518567	0	0.0011773	0.602234	0	0	0	0.138356	
0.993928	0.00524449	0	0.00119065	0.599362	0	0	0	0.135822	
0.993875	0.00530319	0	0.00120398	0.596504	0	0	0	0.133337	
0.993821	0.00536177	0	0.00121728	0.593659	0	0	0	0.130898	
0.993768	0.00542021	0	0.00123054	0.590829	0	0	0	0.128504	
0.993715	0.00547853	0	0.00124378	0.588012	0	0	0	0.126156	
0.993661	0.00553671	0	0.00125699	0.585208	0	0	0	0.123852	
0.993608	0.00559475	0	0.00127017	0.582419	0	0	0	0.121591	
0.993555	0.00565265	0	0.00128331	0.579643	0	0	0	0.119373	
0.993501	0.00571042	0	0.00129643	0.57688	0	0	0	0.117196	
0.993448	0.00576804	0	0.00130951	0.574131	0	0	0	0.11506	
0.993395	0.00582551	0	0.00132256	0.571395	0	0	0	0.112964	
0.993341	0.00588283	0	0.00133557	0.568672	0	0	0	0.110908	
0.993288	0.00594001	0	0.00134855	0.565962	0	0	0	0.10889	
0.993235	0.00599704	0	0.0013615	0.563266	0	0	0	0.10691	
0.993182	0.00605391	0	0.00137441	0.560582	0	0	0	0.104967	
0.993129	0.00611062	0	0.00138728	0.557912	0	0	0	0.10306	
0.993075	0.00616718	0	0.00140012	0.555254	0	0	0	0.101189	
0.993022	0.00622358	0	0.00141293	0.552609	0	0	0	0.0993535	
0.992969	0.00627982	0	0.0014257	0.549977	0	0	0	0.0975521	
0.992916	0.00633589	0	0.00143843	0.547358	0	0	0	0.0957845	
0.992863	0.00639181	0	0.00145112	0.544752	0	0	0	0.09405	
0.99281	0.00644755	0	0.00146378	0.542158	0	0	0	0.092348	
0.992757	0.00650313	0	0.00147639	0.539576	0	0	0	0.0906778	
0.992704	0.00655855	0	0.00148897	0.537007	0	0	0	0.0890388	
0.992651	0.00661379	0	0.00150152	0.53445	0	0	0	0.0874306	
0.992598	0.00666887	0	0.00151402	0.531906	0	0	0	0.0858524	
0.992545	0.00672377	0	0.00152648	0.529374	0	0	0	0.0843037	
0.992492	0.0067785	0	0.00153891	0.526854	0	0	0	0.082784	
0.992439	0.00683306	0	0.00155129	0.524346	0	0	0	0.0812927	
0.992387	0.00688744	0	0.00156364	0.52185	0	0	0	0.0798293	
0.992334	0.00694164	0	0.00157595	0.519367	0	0	0	0.0783932	
0.992281	0.00699567	0	0.00158821	0.516895	0	0	0	0.0769839	
0.992228	0.00704953	0	0.00160044	0.514435	0	0	0	0.075601	
0.992175	0.0071032	0	0.00161262	0.511987	0	0	0	0.0742438	
0.992122	0.00715669	0	0.00162477	0.509551	0	0	0	0.072912	
0.99207	0.00721001	0	0.00163687	0.507126	0	0	0	0.0716051	
0.992017	0.00726314	0	0.00164893	0.504714	0	0	0	0.0703225	
0.991964	0.0073161	0	0.00166096	0.502312	0	0	0	0.0690639	
0.991911	0.00736887	0	0.00167294	0.499923	0	0	0	0.0678287	
0.991859	0.00742145	0	0.00168487	0.497544	0	0	0	0.0666166	
0.991806	0.00747386	0	0.00169677	0.495178	0	0	0	0.065427	
0.991753	0.00752608	0	0.00170863	0.492822	0	0	0	0.0642596	
0.9917	0.00757812	0	0.00172044	0.490478	0	0	0	0.063114	
0.991648	0.00762997	0	0.00173221	0.488145	0	0	0	0.0619897	
0.991595	0.00768163	0	0.00174394	0.485824	0	0	0	0.0608863	
0.991543	0.00773311	0	0.00175563	0.483513	0	0	0	0.0598035	
0.99149	0.00778441	0	0.00176727	0.481214	0	0	0	0.0587408	
0.991437	0.00783552	0	0.00177888	0.478925	0	0	0	0.0576979	
0.991385	0.00788644	0	0.00179044	0.476648	0	0	0	0.0566743	
0.991332	0.00793717	0	0.00180196	0.474381	0	0	0	0.0556698	
0.991279	0.00798772	0	0.00181343	0.472126	0	0	0	0.054684	
0.991227	0.00803808	0	0.00182486	0.469881	0	0	0	0.0537165	
0.991174	0.00808825	0	0.00183625	0.467647	0	0	0	0.0527669	
0.991122	0.00813823	0	0.0018476	0.465423	0	0	0	0.051835	
0.991069	0.00818803	0	0.00185891	0.463211	0	0	0	0.0509204	
0.991017	0.00823764	0	0.00187017	0.461009	0	0	0	0.0500228	
0.990964	0.00828705	0	0.00188139	0.458817	0	0	0	0.0491418	
0.990912	0.00833628	0	0.00189256	0.456636	0	0	0	0.0482772	
0.990859	0.00838532	0	0.0019037	0.454465	0	0	0	0.0474286	
0.990807	0.00843418	0	0.00191479	0.452305	0	0	0	0.0465957	
0.990754	0.00848284	0	0.00192583	0.450155	0	0	0	0.0457783	
0.990702	0.00853131	0	0.00193684	0.448016	0	0	0	0.044976	
0.99065	0.0085796	0	0.0019478	0.445887	0	0	0	0.0441885	
0.990597	0.00862769	0	0.00195872	0.443767	0	0	0	0.0434157	
0.990545	0.0086756	0	0.0019696	0.441658	0	0	0	0.0426571	
0.990492	0.00872332	0	0.00198043	0.43956	0	0	0	0.0419126	
0.99044	0.00877085	0	0.00199122	0.437471	0	0	0	0.0411818	
0.990387	0.00881819	0	0.00200197	0.435392	0	0	0	0.0404646	
0.990335	0.00886534	0	0.00201267	0.433323	0	0	0	0.0397606	
0.990283	0.00891231	0	0.00202333	0.431264	0	0	0	0.0390696	
0.99023	0.00895908	0	0.00203395	0.429215	0	0	0	0.0383914	
0.990178	0.00900567	0	0.00204453	0.427175	0	0	0	0.0377257	
0.990126	0.00905207	0	0.00205506	0.425146	0	0	0	0.0370723	
0.990073	0.00909828	0	0.00206555	0.423126	0	0	0	0.0364309	
0.990021	0.0091443	0	0.002076	0.421115	0	0	0	0.0358014	
0.989969	0.00919014	0	0.00208641	0.419115	0	0	0	0.0351835	
0.989916	0.00923579	0	0.00209677	0.417124	0	0	0	0.034577	
0.989864	0.00928125	0	0.00210709	0.415142	0	0	0	0.0339816	
0.989812	0.00932653	0	0.00211737	0.41317	0	0	0	0.0333972	
0.98976	0.00937162	0	0.00212761	0.411207	0	0	0	0.0328236	
0.989707	0.00941652	0	0.0021378	0.409254	0	0	0	0.0322605	
0.989655	0.00946124	0	0.00214795	0.40731	0	0	0	0.0317078	
0.989603	0.00950577	0	0.00215806	0.405375	0	0	0	0.0311652	
0.989551	0.00955011	0	0.00216813	0.40345	0	0	0	0.0306326	
0.989498	0.00959427	0	0.00217816	0.401534	0	0	0	0.0301098	
0.989446	0.00963825	0	0.00218814	0.399626	0	0	0	0.0295966	
0.989394	0.00968204	0	0.00219808	0.397728	0	0	0	0.0290928	
0.989342	0.00972565	0	0.00220798	0.395839	0	0	0	0.0285983	
0.98929	0.00976907	0	0.00221784	0.393959	0	0	0	0.0281129	
0.989237	0.00981231	0	0.00222766	0.392088	0	0	0	0.0276363	
0.989185	0.00985537	0	0.00223743	0.390226	0	0	0	0.0271685	
0.989133	0.00989824	0	0.00224716	0.388373	0	0	0	0.0267092	
0.989081	0.00994093	0	0.00225686	0.386529	0	0	0	0.0262584	
0.989029	0.00998344	0	0.00226651	0.384693	0	0	0	0.0258158	
0.988977	0.0100258	0	0.00227612	0.382867	0	0	0	0.0253813	
0.988924	0.0100679	0	0.00228569	0.381049	0	0	0	0.0249547	
0.988872	0.0101099	0	0.00229521	0.379239	0	0	0	0.024536	
0.98882	0.0101517	0	0.0023047	0.377439	0	0	0	0.0241249	
0.988768	0.0101933	0	0.00231415	0.375646	0	0	0	0.0237213	
0.988716	0.0102347	0	0.00232355	0.373863	0	0	0	0.023325	
0.988664	0.010276	0	0.00233292	0.372088	0	0	0	0.022936	
0.988612	0.010317	0	0.00234224	0.370321	0	0	0	0.0225541	
0.98856	0.0103579	0	0.00235152	0.368563	0	0	0	0.0221792	
0.988508	0.0103986	0	0.00236077	0.366813	0	0	0	0.0218111	
0.988455	0.0104392	0	0.00236997	0.365071	0	0	0	0.0214497	
0.988403	0.0104795	0	0.00237913	0.363338	0	0	0	0.0210949	
0.988351	0.0105197	0	0.00238825	0.361613	0	0	0	0.0207465	
0.988299	0.0105597	0	0.00239734	0.359897	0	0	0	0.0204044	
0.988247	0.0105996	0	0.00240638	0.358188	0	0	0	0.0200686	
0.988195	0.0106392	0	0.00241538	0.356488	0	0	0	0.0197389	
0.988143	0.0106787	0	0.00242435	0.354795	0	0	0	0.0194152	
0.988091	0.010718	0	0.00243327	0.353111	0	0	0	0.0190973	
0.988039	0.0107572	0	0.00244216	0.351435	0	0	0	0.0187852	
0.987987	0.0107961	0	0.002451	0.349767	0	0	0	0.0184788	
0.987935	0.0108349	0	0.00245981	0.348107	0	0	0	0.0181779	
0.987883	0.0108735	0	0.00246858	0.346454	0	0	0	0.0178824	
0.987831	0.010912	0	0.00247731	0.34481	0	0	0	0.0175924	
0.987779	0.0109503	0	0.002486	0.343173	0	0	0	0.0173075	
0.987727	0.0109884	0	0.00249465	0.341544	0	0	0	0.0170278	
0.987675	0.0110263	0	0.00250326	0.339923	0	0	0	0.0167532	
0.987623	0.0110641	0	0.00251184	0.33831	0	0	0	0.0164835	
0.987571	0.0111017	0	0.00252037	0.336704	0	0	0	0.0162187	
0.987519	0.0111391	0	0.00252887	0.335106	0	0	0	0.0159586	
0.987467	0.0111764	0	0.00253733	0.333516	0	0	0	0.0157033	
0.987415	0.0112135	0	0.00254576	0.331933	0	0	0	0.0154525	
0.987363	0.0112504	0	0.00255414	0.330357	0	0	0	0.0152063	
0.987311	0.0112872	0	0.00256249	0.32879	0	0	0	0.0149645	
0.987259	0.0113238	0	0.0025708	0.327229	0	0	0	0.014727	
0.987207	0.0113602	0	0.00257907	0.325676	0	0	0	0.0144938	
0.987156	0.0113965	0	0.0025873	0.324131	0	0	0	0.0142648	
0.987104	0.0114326	0	0.0025955	0.322593	0	0	0	0.0140399	
0.987052	0.0114686	0	0.00260366	0.321062	0	0	0	0.013819	
0.987	0.0115043	0	0.00261179	0.319538	0	0	0	0.0136021	
0.986948	0.01154	0	0.00261987	0.318022	0	0	0	0.0133891	
0.986896	0.0115754	0	0.00262792	0.316513	0	0	0	0.0131799	
0.986844	0.0116107	0	0.00263594	0.315011	0	0	0	0.0129744	
0.986792	0.0116459	0	0.00264392	0.313516	0	0	0	0.0127726	
0.98674	0.0116808	0	0.00265186	0.312028	0	0	0	0.0125744	
0.986689	0.0117157	0	0.00265976	0.310548	0	0	0	0.0123798	
0.986637	0.0117503	0	0.00266763	0.309074	0	0	0	0.0121886	
0.986585	0.0117848	0	0.00267547	0.307608	0	0	0	0.0120008	
0.986533	0.0118192	0	0.00268326	0.306148	0	0	0	0.0118164	
0.986481	0.0118534	0	0.00269102	0.304696	0	0	0	0.0116353	
0.986429	0.0118874	0	0.00269875	0.30325	0	0	0	0.0114574	
0.986377	0.0119213	0	0.00270644	0.301811	0	0	0	0.0112826	
0.986326	0.011955	0	0.0027141	0.300379	0	0	0	0.0111109	
0.986274	0.0119886	0	0.00272172	0.298954	0	0	0	0.0109423	
0.986222	0.012022	0	0.00272931	0.297535	0	0	0	0.0107767	
0.98617	0.0120553	0	0.00273686	0.296124	0	0	0	0.010614	
0.986118	0.0120884	0	0.00274437	0.294719	0	0	0	0.0104542	
0.986066	0.0121213	0	0.00275185	0.293321	0	0	0	0.0102973	
0.986015	0.0121541	0	0.0027593	0.291929	0	0	0	0.0101431	
0.985963	0.0121868	0	0.00276671	0.290544	0	0	0	0.00999158	
0.985911	0.0122193	0	0.00277409	0.289166	0	0	0	0.00984278	
0.985859	0.0122516	0	0.00278144	0.287794	0	0	0	0.0096966	
0.985807	0.0122838	0	0.00278875	0.286429	0	0	0	0.009553	
0.985756	0.0123159	0	0.00279603	0.28507	0	0	0	0.00941192	
0.985704	0.0123478	0	0.00280327	0.283717	0	0	0	0.00927333	
0.985652	0.0123795	0	0.00281048	0.282371	0	0	0	0.00913718	
0.9856	0.0124112	0	0.00281766	0.281032	0	0	0	0.00900341	
0.985549	0.0124426	0	0.0028248	0.279699	0	0	0	0.00887199	
0.985497	0.0124739	0	0.00283191	0.278372	0	0	0	0.00874288	
0.985445	0.0125051	0	0.00283899	0.277051	0	0	0	0.00861603	
0.985393	0.0125361	0	0.00284603	0.275737	0	0	0	0.00849139	
0.985342	0.012567	0	0.00285304	0.274429	0	0	0	0.00836894	
0.98529	0.0125978	0	0.00286002	0.273127	0	0	0	0.00824863	
0.985238	0.0126284	0	0.00286697	0.271832	0	0	0	0.00813041	
0.985186	0.0126588	0	0.00287388	0.270542	0	0	0	0.00801426	
0.985135	0.0126891	0	0.00288076	0.269259	0	0	0	0.00790013	
0.985083	0.0127193	0	0.00288761	0.267982	0	0	0	0.00778799	
0.985031	0.0127493	0	0.00289443	0.266711	0	0	0	0.0076778	
0.98498	0.0127792	0	0.00290121	0.265446	0	0	0	0.00756952	
0.984928	0.012809	0	0.00290797	0.264187	0	0	0	0.00746312	
0.984876	0.0128386	0	0.00291469	0.262934	0	0	0	0.00735856	
0.984824	0.0128681	0	0.00292138	0.261686	0	0	0	0.00725582	
0.984773	0.0128974	0	0.00292804	0.260445	0	0	0	0.00715485	
0.984721	0.0129266	0	0.00293467	0.25921	0	0	0	0.00705563	
0.984669	0.0129556	0	0.00294127	0.257981	0	0	0	0.00695812	
0.984618	0.0129846	0	0.00294783	0.256757	0	0	0	0.0068623	
0.984566	0.0130134	0	0.00295437	0.255539	0	0	0	0.00676812	
0.984514	0.013042	0	0.00296087	0.254327	0	0	0	0.00667557	
0.984463	0.0130705	0	0.00296735	0.253121	0	0	0	0.00658461	
0.984411	0.0130989	0	0.00297379	0.25192	0	0	0	0.00649521	
0.984359	0.0131272	0	0.0029802	0.250726	0	0	0	0.00640734	
0.984308	0.0131553	0	0.00298659	0.249537	0	0	0	0.00632098	
0.984256	0.0131833	0	0.00299294	0.248353	0	0	0	0.0062361	
0.984204	0.0132111	0	0.00299926	0.247175	0	0	0	0.00615267	
0.984153	0.0132388	0	0.00300556	0.246003	0	0	0	0.00607066	
0.984101	0.0132664	0	0.00301182	0.244836	0	0	0	0.00599006	
0.984049	0.0132939	0	0.00301806	0.243675	0	0	0	0.00591083	
0.983998	0.0133212	0	0.00302426	0.24252	0	0	0	0.00583294	
0.983946	0.0133484	0	0.00303044	0.241369	0	0	0	0.00575638	
0.983895	0.0133755	0	0.00303658	0.240225	0	0	0	0.00568113	
0.983843	0.0134024	0	0.0030427	0.239086	0	0	0	0.00560714	
0.983791	0.0134293	0	0.00304879	0.237952	0	0	0	0.00553441	
0.98374	0.0134559	0	0.00305485	0.236823	0	0	0	0.00546292	
0.983688	0.0134825	0	0.00306088	0.2357	0	0	0	0.00539263	
0.983637	0.0135089	0	0.00306688	0.234583	0	0	0	0.00532352	
0.983585	0.0135353	0	0.00307285	0.23347	0	0	0	0.00525559	
0.983533	0.0135614	0	0.0030788	0.232363	0	0	0	0.00518879	
0.983482	0.0135875	0	0.00308471	0.231261	0	0	0	0.00512312	
0.98343	0.0136134	0	0.0030906	0.230165	0	0	0	0.00505856	
0.983379	0.0136393	0	0.00309646	0.229073	0	0	0	0.00499507	
0.983327	0.013665	0	0.0031023	0.227987	0	0	0	0.00493265	
0.983275	0.0136905	0	0.0031081	0.226906	0	0	0	0.00487127	
0.983224	0.013716	0	0.00311388	0.22583	0	0	0	0.00481092	
0.983172	0.0137413	0	0.00311963	0.224759	0	0	0	0.00475158	
0.983121	0.0137665	0	0.00312535	0.223693	0	0	0	0.00469322	
0.983069	0.0137916	0	0.00313105	0.222633	0	0	0	0.00463584	
0.983018	0.0138166	0	0.00313671	0.221577	0	0	0	0.00457941	
0.982966	0.0138414	0	0.00314236	0.220526	0	0	0	0.00452391	
0.982915	0.0138661	0	0.00314797	0.219481	0	0	0	0.00446934	
0.982863	0.0138907	0	0.00315356	0.21844	0	0	0	0.00441566	
0.982812	0.0139152	0	0.00315912	0.217404	0	0	0	0.00436288	
0.98276	0.0139396	0	0.00316465	0.216373	0	0	0	0.00431097	
0.982708	0.0139639	0	0.00317016	0.215347	0	0	0	0.00425991	
0.982657	0.013988	0	0.00317564	0.214326	0	0	0	0.00420969	
0.982605	0.0140121	0	0.0031811	0.21331	0	0	0	0.00416029	
0.982554	0.014036	0	0.00318653	0.212299	0	0	0	0.00411171	
0.982502	0.0140598	0	0.00319193	0.211292	0	0	0	0.00406392	
0.982451	0.0140835	0	0.00319731	0.21029	0	0	0	0.00401692	
0.982399	0.014107	0	0.00320266	0.209293	0	0	0	0.00397068	
0.982348	0.0141305	0	0.00320798	0.208301	0	0	0	0.00392519	
0.982296	0.0141538	0	0.00321328	0.207313	0	0	0	0.00388045	
0.982245	0.0141771	0	0.00321856	0.20633	0	0	0	0.00383643	
0.982193	0.0142002	0	0.00322381	0.205352	0	0	0	0.00379313	
0.982142	0.0142232	0	0.00322903	0.204379	0	0	0	0.00375053	
0.98209	0.0142461	0	0.00323423	0.20341	0	0	0	0.00370862	
0.982039	0.0142689	0	0.0032394	0.202445	0	0	0	0.00366738	
0.981987	0.0142916	0	0.00324455	0.201486	0	0	0	0.00362681	
0.981936	0.0143141	0	0.00324968	0.20053	0	0	0	0.00358689	
0.981885	0.0143366	0	0.00325478	0.19958	0	0	0	0.00354762	
0.981833	0.014359	0	0.00325985	0.198633	0	0	0	0.00350897	
0.981782	0.0143812	0	0.0032649	0.197692	0	0	0	0.00347094	
0.98173	0.0144033	0	0.00326993	0.196754	0	0	0	0.00343352	
0.981679	0.0144254	0	0.00327493	0.195822	0	0	0	0.0033967	
0.981627	0.0144473	0	0.00327991	0.194893	0	0	0	0.00336047	
0.981576	0.0144691	0	0.00328486	0.193969	0	0	0	0.00332481	
0.981524	0.0144908	0	0.00328979	0.19305	0	0	0	0.00328972	
0.981473	0.0145125	0	0.0032947	0.192135	0	0	0	0.00325518	
0.981422	0.014534	0	0.00329958	0.191224	0	0	0	0.00322119	
0.98137	0.0145554	0	0.00330444	0.190317	0	0	0	0.00318774	
0.981319	0.0145767	0	0.00330928	0.189415	0	0	0	0.00315481	
0.981267	0.0145979	0	0.00331409	0.188517	0	0	0	0.0031224	
0.981216	0.014619	0	0.00331888	0.187624	0	0	0	0.00309051	
0.981164	0.01464	0	0.00332364	0.186734	0	0	0	0.00305911	
0.981113	0.0146608	0	0.00332839	0.185849	0	0	0	0.0030282	
0.981062	0.0146816	0	0.00333311	0.184968	0	0	0	0.00299778	
0.98101	0.0147023	0	0.0033378	0.184091	0	0	0	0.00296783	
0.980959	0.0147229	0	0.00334248	0.183218	0	0	0	0.00293834	
0.980907	0.0147434	0	0.00334713	0.18235	0	0	0	0.00290932	
0.980856	0.0147638	0	0.00335176	0.181486	0	0	0	0.00288074	
0.980805	0.0147841	0	0.00335637	0.180625	0	0	0	0.00285261	
0.980753	0.0148043	0	0.00336095	0.179769	0	0	0	0.00282491	
0.980702	0.0148244	0	0.00336551	0.178917	0	0	0	0.00279764	
0.98065	0.0148444	0	0.00337005	0.178069	0	0	0	0.00277078	
0.980599	0.0148643	0	0.00337457	0.177225	0	0	0	0.00274434	
0.980548	0.0148841	0	0.00337907	0.176385	0	0	0	0.00271831	
0.980496	0.0149038	0	0.00338354	0.175549	0	0	0	0.00269267	
0.980445	0.0149234	0	0.00338799	0.174717	0	0	0	0.00266742	
0.980394	0.0149429	0	0.00339242	0.173888	0	0	0	0.00264256	
0.980342	0.0149623	0	0.00339683	0.173064	0	0	0	0.00261808	
0.980291	0.0149817	0	0.00340122	0.172244	0	0	0	0.00259397	
0.98024	0.0150009	0	0.00340558	0.171427	0	0	0	0.00257022	
0.980188	0.01502	0	0.00340993	0.170615	0	0	0	0.00254683	
0.980137	0.0150391	0	0.00341425	0.169806	0	0	0	0.00252379	
0.980086	0.015058	0	0.00341856	0.169001	0	0	0	0.0025011	
0.980034	0.0150769	0	0.00342284	0.1682	0	0	0	0.00247875	
0.979983	0.0150957	0	0.0034271	0.167403	0	0	0	0.00245674	
0.979932	0.0151143	0	0.00343134	0.16661	0	0	0	0.00243505	
0.97988	0.0151329	0	0.00343556	0.16582	0	0	0	0.00241369	
0.979829	0.0151514	0	0.00343976	0.165034	0	0	0	0.00239264	
0.979778	0.0151698	0	0.00344393	0.164252	0	0	0	0.00237191	
0.979726	0.0151881	0	0.00344809	0.163473	0	0	0	0.00235148	
0.979675	0.0152064	0	0.00345223	0.162699	0	0	0	0.00233136	
0.979624	0.0152245	0	0.00345635	0.161927	0	0	0	0.00231153	
0.979572	0.0152425	0	0.00346044	0.16116	0	0	0	0.00229199	
0.979521	0.0152605	0	0.00346452	0.160396	0	0	0	0.00227274	
0.97947	0.0152784	0	0.00346858	0.159636	0	0	0	0.00225378	
0.979418	0.0152962	0	0.00347262	0.158879	0	0	0	0.00223509	
0.979367	0.0153138	0	0.00347663	0.158126	0	0	0	0.00221667	
0.979316	0.0153315	0	0.00348063	0.157377	0	0	0	0.00219852	
0.979265	0.015349	0	0.00348461	0.156631	0	0	0	0.00218063	
0.979213	0.0153664	0	0.00348857	0.155889	0	0	0	0.00216301	
0.979162	0.0153838	0	0.00349251	0.15515	0	0	0	0.00214563	
0.979111	0.015401	0	0.00349643	0.154415	0	0	0	0.00212851	
0.97906	0.0154182	0	0.00350033	0.153683	0	0	0	0.00211163	
0.979008	0.0154353	0	0.00350421	0.152955	0	0	0	0.002095	
0.978957	0.0154523	0	0.00350807	0.15223	0	0	0	0.0020786	
0.978906	0.0154693	0	0.00351192	0.151508	0	0	0	0.00206244	
0.978854	0.0154861	0	0.00351574	0.15079	0	0	0	0.00204651	
0.978803	0.0155029	0	0.00351955	0.150076	0	0	0	0.0020308	
0.978752	0.0155196	0	0.00352334	0.149365	0	0	0	0.00201532	
0.978701	0.0155362	0	0.0035271	0.148657	0	0	0	0.00200005	
0.97865	0.0155527	0	0.00353085	0.147952	0	0	0	0.001985	
0.978598	0.0155691	0	0.00353459	0.147251	0	0	0	0.00197017	
0.978547	0.0155855	0	0.0035383	0.146553	0	0	0	0.00195554	
0.978496	0.0156017	0	0.00354199	0.145859	0	0	0	0.00194111	
0.978445	0.0156179	0	0.00354567	0.145168	0	0	0	0.00192689	
0.978393	0.0156341	0	0.00354933	0.14448	0	0	0	0.00191286	
0.978342	0.0156501	0	0.00355297	0.143795	0	0	0	0.00189903	
0.978291	0.0156661	0	0.00355659	0.143114	0	0	0	0.00188539	
0.97824	0.0156819	0	0.0035602	0.142435	0	0	0	0.00187194	
0.978189	0.0156977	0	0.00356379	0.14176	0	0	0	0.00185868	
0.978137	0.0157135	0	0.00356736	0.141089	0	0	0	0.0018456	
0.978086	0.0157291	0	0.00357091	0.14042	0	0	0	0.0018327	
0.978035	0.0157447	0	0.00357444	0.139755	0	0	0	0.00181997	
0.977984	0.0157602	0	0.00357796	0.139093	0	0	0	0.00180742	
0.977932	0.0157756	0	0.00358146	0.138433	0	0	0	0.00179504	
0.977881	0.0157909	0	0.00358494	0.137777	0	0	0	0.00178282	
0.97783	0.0158062	0	0.0035884	0.137125	0	0	0	0.00177077	
0.977779	0.0158214	0	0.00359185	0.136475	0	0	0	0.00175889	
0.977728	0.0158365	0	0.00359528	0.135828	0	0	0	0.00174716	
0.977677	0.0158515	0	0.0035987	0.135185	0	0	0	0.0017356	
0.977625	0.0158665	0	0.00360209	0.134544	0	0	0	0.00172418	
0.977574	0.0158814	0	0.00360547	0.133907	0	0	0	0.00171293	
0.977523	0.0158962	0	0.00360884	0.133272	0	0	0	0.00170182	
0.977472	0.0159109	0	0.00361218	0.132641	0	0	0	0.00169085	
0.977421	0.0159256	0	0.00361551	0.132012	0	0	0	0.00168004	
0.97737	0.0159402	0	0.00361883	0.131387	0	0	0	0.00166937	
0.977318	0.0159547	0	0.00362212	0.130764	0	0	0	0.00165883	
0.977267	0.0159692	0	0.00362541	0.130145	0	0	0	0.00164844	
0.977216	0.0159835	0	0.00362867	0.129528	0	0	0	0.00163818	
0.977165	0.0159978	0	0.00363192	0.128914	0	0	0	0.00162806	
0.977114	0.0160121	0	0.00363515	0.128303	0	0	0	0.00161807	
0.977063	0.0160263	0	0.00363837	0.127696	0	0	0	0.00160821	
0.977012	0.0160403	0	0.00364157	0.127091	0	0	0	0.00159848	
0.97696	0.0160544	0	0.00364475	0.126488	0	0	0	0.00158887	
0.976909	0.0160683	0	0.00364792	0.125889	0	0	0	0.00157939	
0.976858	0.0160822	0	0.00365107	0.125293	0	0	0	0.00157003	
0.976807	0.016096	0	0.00365421	0.124699	0	0	0	0.00156079	
0.976756	0.0161098	0	0.00365733	0.124108	0	0	0	0.00155167	
0.976705	0.0161235	0	0.00366043	0.12352	0	0	0	0.00154267	
0.976654	0.0161371	0	0.00366353	0.122935	0	0	0	0.00153378	
0.976603	0.0161506	0	0.0036666	0.122353	0	0	0	0.00152501	
0.976552	0.0161641	0	0.00366966	0.121773	0	0	0	0.00151634	
0.9765	0.0161775	0	0.0036727	0.121196	0	0	0	0.00150779	
0.976449	0.0161908	0	0.00367573	0.120622	0	0	0	0.00149934	
0.976398	0.0162041	0	0.00367875	0.12005	0	0	0	0.001491	
0.976347	0.0162173	0	0.00368175	0.119482	0	0	0	0.00148277	
0.976296	0.0162305	0	0.00368473	0.118916	0	0	0	0.00147464	
0.976245	0.0162436	0	0.0036877	0.118352	0	0	0	0.00146661	
0.976194	0.0162566	0	0.00369065	0.117792	0	0	0	0.00145868	
0.976143	0.0162695	0	0.00369359	0.117234	0	0	0	0.00145085	
0.976092	0.0162824	0	0.00369652	0.116678	0	0	0	0.00144312	
0.976041	0.0162952	0	0.00369943	0.116125	0	0	0	0.00143548	
0.97599	0.016308	0	0.00370232	0.115575	0	0	0	0.00142793	
0.975939	0.0163207	0	0.0037052	0.115028	0	0	0	0.00142048	
0.975887	0.0163333	0	0.00370807	0.114483	0	0	0	0.00141313	
0.975836	0.0163458	0	0.00371092	0.113941	0	0	0	0.00140586	
0.975785	0.0163583	0	0.00371376	0.113401	0	0	0	0.00139868	
0.975734	0.0163708	0	0.00371658	0.112864	0	0	0	0.00139159	
0.975683	0.0163832	0	0.00371939	0.112329	0	0	0	0.00138458	
0.975632	0.0163955	0	0.00372219	0.111797	0	0	0	0.00137766	
0.975581	0.0164077	0	0.00372497	0.111267	0	0	0	0.00137082	
0.97553	0.0164199	0	0.00372774	0.11074	0	0	0	0.00136407	
0.975479	0.016432	0	0.00373049	0.110216	0	0	0	0.0013574	
0.975428	0.0164441	0	0.00373323	0.109694	0	0	0	0.0013508	
0.975377	0.0164561	0	0.00373596	0.109174	0	0	0	0.00134429	
0.975326	0.0164681	0	0.00373867	0.108657	0	0	0	0.00133786	
0.975275	0.01648	0	0.00374137	0.108142	0	0	0	0.0013315	
0.975224	0.0164918	0	0.00374405	0.10763	0	0	0	0.00132522	
0.975173	0.0165036	0	0.00374672	0.10712	0	0	0	0.00131901	
0.975122	0.0165153	0	0.00374938	0.106613	0	0	0	0.00131287	
0.975071	0.0165269	0	0.00375203	0.106108	0	0	0	0.00130681	
0.97502	0.0165385	0	0.00375466	0.105605	0	0	0	0.00130082	
0.974969	0.01655	0	0.00375728	0.105105	0	0	0	0.0012949	
0.974918	0.0165615	0	0.00375988	0.104607	0	0	0	0.00128906	
0.974867	0.0165729	0	0.00376247	0.104112	0	0	0	0.00128328	
0.974816	0.0165843	0	0.00376505	0.103619	0	0	0	0.00127756	
0.974765	0.0165956	0	0.00376762	0.103128	0	0	0	0.00127192	
0.974714	0.0166068	0	0.00377017	0.102639	0	0	0	0.00126634	
0.974663	0.016618	0	0.00377271	0.102153	0	0	0	0.00126082	
0.974612	0.0166291	0	0.00377524	0.101669	0	0	0	0.00125537	
0.974561	0.0166402	0	0.00377775	0.101188	0	0	0	0.00124998	
0.97451	0.0166512	0	0.00378025	0.100709	0	0	0	0.00124466	
0.974459	0.0166622	0	0.00378274	0.100232	0	0	0	0.00123939	
0.974408	0.0166731	0	0.00378522	0.0997569	0	0	0	0.00123419	
0.974357	0.016684	0	0.00378768	0.0992844	0	0	0	0.00122905	
0.974306	0.0166948	0	0.00379013	0.0988142	0	0	0	0.00122397	
0.974255	0.0167055	0	0.00379257	0.0983462	0	0	0	0.00121894	
0.974204	0.0167162	0	0.003795	0.0978804	0	0	0	0.00121397	
0.974153	0.0167268	0	0.00379741	0.0974169	0	0	0	0.00120906	
0.974102	0.0167374	0	0.00379981	0.0969555	0	0	0	0.00120421	
0.974051	0.0167479	0	0.0038022	0.0964963	0	0	0	0.00119941	
0.974	0.0167584	0	0.00380458	0.0960394	0	0	0	0.00119466	
0.973949	0.0167688	0	0.00380695	0.0955845	0	0	0	0.00118997	
0.973899	0.0167792	0	0.0038093	0.0951319	0	0	0	0.00118534	
0.973848	0.0167895	0	0.00381164	0.0946813	0	0	0	0.00118075	
0.973797	0.0167998	0	0.00381397	0.0942329	0	0	0	0.00117622	
0.973746	0.01681	0	0.00381629	0.0937867	0	0	0	0.00117174	
0.973695	0.0168201	0	0.00381859	0.0933426	0	0	0	0.00116731	
0.973644	0.0168302	0	0.00382089	0.0929005	0	0	0	0.00116293	
0.973593	0.0168403	0	0.00382317	0.0924606	0	0	0	0.0011586	
0.973542	0.0168503	0	0.00382544	0.0920227	0	0	0	0.00115431	
0.973491	0.0168602	0	0.0038277	0.091587	0	0	0	0.00115008	
0.97344	0.0168701	0	0.00382995	0.0911533	0	0	0	0.00114589	
0.973389	0.01688	0	0.00383219	0.0907216	0	0	0	0.00114175	
0.973338	0.0168898	0	0.00383441	0.090292	0	0	0	0.00113766	
0.973288	0.0168995	0	0.00383662	0.0898644	0	0	0	0.00113361	
0.973237	0.0169092	0	0.00383883	0.0894389	0	0	0	0.00112961	
0.973186	0.0169189	0	0.00384102	0.0890154	0	0	0	0.00112565	
0.973135	0.0169285	0	0.0038432	0.0885939	0	0	0	0.00112174	
0.973084	0.0169381	0	0.00384537	0.0881744	0	0	0	0.00111787	
0.973033	0.0169476	0	0.00384752	0.0877569	0	0	0	0.00111405	
0.972982	0.016957	0	0.00384967	0.0873413	0	0	0	0.00111027	
0.972931	0.0169664	0	0.00385181	0.0869278	0	0	0	0.00110652	
0.97288	0.0169758	0	0.00385393	0.0865162	0	0	0	0.00110283	
0.97283	0.0169851	0	0.00385604	0.0861065	0	0	0	0.00109917	
0.972779	0.0169944	0	0.00385815	0.0856988	0	0	0	0.00109555	
0.972728	0.0170036	0	0.00386024	0.085293	0	0	0	0.00109198	
0.972677	0.0170127	0	0.00386232	0.0848892	0	0	0	0.00108844	
0.972626	0.0170219	0	0.00386439	0.0844872	0	0	0	0.00108494	
0.972575	0.0170309	0	0.00386645	0.0840872	0	0	0	0.00108149	
0.972524	0.01704	0	0.0038685	0.0836891	0	0	0	0.00107807	
0.972474	0.0170489	0	0.00387054	0.0832929	0	0	0	0.00107469	
0.972423	0.0170579	0	0.00387257	0.0828985	0	0	0	0.00107134	
0.972372	0.0170668	0	0.00387459	0.082506	0	0	0	0.00106804	
0.972321	0.0170756	0	0.00387659	0.0821154	0	0	0	0.00106477	
0.97227	0.0170844	0	0.00387859	0.0817266	0	0	0	0.00106154	
0.972219	0.0170932	0	0.00388058	0.0813397	0	0	0	0.00105834	
0.972168	0.0171019	0	0.00388256	0.0809546	0	0	0	0.00105518	
0.972118	0.0171105	0	0.00388452	0.0805713	0	0	0	0.00105206	
0.972067	0.0171191	0	0.00388648	0.0801898	0	0	0	0.00104897	
0.972016	0.0171277	0	0.00388842	0.0798102	0	0	0	0.00104591	
0.971965	0.0171362	0	0.00389036	0.0794324	0	0	0	0.00104289	
0.971914	0.0171447	0	0.00389229	0.0790563	0	0	0	0.00103991	
0.971864	0.0171532	0	0.0038942	0.0786821	0	0	0	0.00103695	
0.971813	0.0171616	0	0.00389611	0.0783096	0	0	0	0.00103404	
0.971762	0.0171699	0	0.00389801	0.0779388	0	0	0	0.00103115	
0.971711	0.0171782	0	0.00389989	0.0775699	0	0	0	0.0010283	
0.97166	0.0171865	0	0.00390177	0.0772027	0	0	0	0.00102548	
0.97161	0.0171947	0	0.00390364	0.0768372	0	0	0	0.00102269	
0.971559	0.0172029	0	0.0039055	0.0764735	0	0	0	0.00101993	
0.971508	0.0172111	0	0.00390734	0.0761114	0	0	0	0.00101721	
0.971457	0.0172192	0	0.00390918	0.0757511	0	0	0	0.00101451	
0.971406	0.0172272	0	0.00391101	0.0753926	0	0	0	0.00101185	
0.971356	0.0172352	0	0.00391283	0.0750357	0	0	0	0.00100922	
0.971305	0.0172432	0	0.00391464	0.0746805	0	0	0	0.00100662	
0.971254	0.0172511	0	0.00391644	0.074327	0	0	0	0.00100404	
0.971203	0.017259	0	0.00391823	0.0739751	0	0	0	0.0010015	
0.971152	0.0172669	0	0.00392001	0.073625	0	0	0	0.000998991	
0.971102	0.0172747	0	0.00392179	0.0732765	0	0	0	0.000996509	
0.971051	0.0172824	0	0.00392355	0.0729296	0	0	0	0.000994056	
0.971	0.0172902	0	0.0039253	0.0725844	0	0	0	0.000991631	
0.970949	0.0172979	0	0.00392705	0.0722409	0	0	0	0.000989236	
0.970899	0.0173055	0	0.00392879	0.0718989	0	0	0	0.000986869	
0.970848	0.0173131	0	0.00393051	0.0715586	0	0	0	0.00098453	
0.970797	0.0173207	0	0.00393223	0.0712199	0	0	0	0.000982219	
0.970746	0.0173282	0	0.00393394	0.0708828	0	0	0	0.000979935	
0.970696	0.0173357	0	0.00393564	0.0705473	0	0	0	0.00097768	
0.970645	0.0173431	0	0.00393733	0.0702134	0	0	0	0.000975452	
0.970594	0.0173505	0	0.00393901	0.0698811	0	0	0	0.000973251	
0.970543	0.0173579	0	0.00394069	0.0695504	0	0	0	0.000971076	
0.970493	0.0173653	0	0.00394235	0.0692212	0	0	0	0.000968929	
0.970442	0.0173725	0	0.00394401	0.0688936	0	0	0	0.000966808	
0.970391	0.0173798	0	0.00394565	0.0685675	0	0	0	0.000964714	
0.970341	0.017387	0	0.00394729	0.068243	0	0	0	0.000962646	
0.97029	0.0173942	0	0.00394892	0.06792	0	0	0	0.000960604	
0.970239	0.0174013	0	0.00395054	0.0675986	0	0	0	0.000958588	
0.970188	0.0174085	0	0.00395216	0.0672787	0	0	0	0.000956597	
0.970138	0.0174155	0	0.00395376	0.0669603	0	0	0	0.000954633	
0.970087	0.0174226	0	0.00395536	0.0666434	0	0	0	0.000952693	
0.970036	0.0174295	0	0.00395695	0.066328	0	0	0	0.000950779	
0.969986	0.0174365	0	0.00395853	0.0660141	0	0	0	0.00094889	
0.969935	0.0174434	0	0.0039601	0.0657017	0	0	0	0.000947025	
0.969884	0.0174503	0	0.00396166	0.0653908	0	0	0	0.000945186	
0.969833	0.0174572	0	0.00396321	0.0650814	0	0	0	0.000943371	
0.969783	0.017464	0	0.00396476	0.0647734	0	0	0	0.000941581	
0.969732	0.0174707	0	0.0039663	0.0644669	0	0	0	0.000939815	
0.969681	0.0174775	0	0.00396783	0.0641618	0	0	0	0.000938073	
0.969631	0.0174842	0	0.00396935	0.0638582	0	0	0	0.000936356	
0.96958	0.0174909	0	0.00397087	0.063556	0	0	0	0.000934663	
0.969529	0.0174975	0	0.00397237	0.0632553	0	0	0	0.000932993	
0.969479	0.0175041	0	0.00397387	0.062956	0	0	0	0.000931347	
0.969428	0.0175107	0	0.00397536	0.0626581	0	0	0	0.000929725	
0.969377	0.0175172	0	0.00397684	0.0623616	0	0	0	0.000928127	
0.969327	0.0175237	0	0.00397832	0.0620665	0	0	0	0.000926552	
0.969276	0.0175301	0	0.00397978	0.0617729	0	0	0	0.000925001	
0.969225	0.0175366	0	0.00398124	0.0614806	0	0	0	0.000923473	
0.969175	0.017543	0	0.00398269	0.0611897	0	0	0	0.000921968	
0.969124	0.0175493	0	0.00398414	0.0609002	0	0	0	0.000920486	
0.969073	0.0175556	0	0.00398557	0.060612	0	0	0	0.000919027	
0.969023	0.0175619	0	0.003987	0.0603253	0	0	0	0.000917591	
0.968972	0.0175682	0	0.00398842	0.0600398	0	0	0	0.000916179	
0.968922	0.0175744	0	0.00398984	0.0597558	0	0	0	0.000914789	
0.968871	0.0175806	0	0.00399124	0.0594731	0	0	0	0.000913422	
0.96882	0.0175868	0	0.00399264	0.0591917	0	0	0	0.000912077	
0.96877	0.0175929	0	0.00399403	0.0589117	0	0	0	0.000910755	
0.968719	0.017599	0	0.00399541	0.058633	0	0	0	0.000909456	
0.968668	0.017605	0	0.00399679	0.0583556	0	0	0	0.00090818	
0.968618	0.0176111	0	0.00399816	0.0580795	0	0	0	0.000906926	
0.968567	0.0176171	0	0.00399952	0.0578047	0	0	0	0.000905694	
0.968517	0.017623	0	0.00400087	0.0575313	0	0	0	0.000904485	
0.968466	0.017629	0	0.00400222	0.0572591	0	0	0	0.000903299	
0.968415	0.0176349	0	0.00400356	0.0569883	0	0	0	0.000902135	
0.968365	0.0176407	0	0.00400489	0.0567187	0	0	0	0.000900993	
0.968314	0.0176466	0	0.00400622	0.0564504	0	0	0	0.000899873	
0.968263	0.0176524	0	0.00400754	0.0561833	0	0	0	0.000898776	
0.968213	0.0176582	0	0.00400885	0.0559176	0	0	0	0.000897702	
0.968162	0.0176639	0	0.00401015	0.0556531	0	0	0	0.000896649	
0.968112	0.0176696	0	0.00401145	0.0553898	0	0	0	0.000895619	
0.968061	0.0176753	0	0.00401274	0.0551278	0	0	0	0.000894611	
0.968011	0.017681	0	0.00401402	0.054867	0	0	0	0.000893626	
0.96796	0.0176866	0	0.0040153	0.0546075	0	0	0	0.000892663	
0.967909	0.0176922	0	0.00401657	0.0543492	0	0	0	0.000891723	
0.967859	0.0176977	0	0.00401783	0.0540922	0	0	0	0.000890804	
0.967808	0.0177033	0	0.00401909	0.0538363	0	0	0	0.000889909	
0.967758	0.0177088	0	0.00402034	0.0535817	0	0	0	0.000889035	
0.967707	0.0177142	0	0.00402158	0.0533283	0	0	0	0.000888185	
0.967657	0.0177197	0	0.00402281	0.053076	0	0	0	0.000887356	
0.967606	0.0177251	0	0.00402404	0.052825	0	0	0	0.000886551	
0.967555	0.0177305	0	0.00402527	0.0525752	0	0	0	0.000885768	
0.967505	0.0177358	0	0.00402648	0.0523265	0	0	0	0.000885008	
0.967454	0.0177412	0	0.00402769	0.0520791	0	0	0	0.00088427	
0.967404	0.0177465	0	0.00402889	0.0518328	0	0	0	0.000883555	
0.967353	0.0177517	0	0.00403009	0.0515876	0	0	0	0.000882864	
0.967303	0.017757	0	0.00403128	0.0513437	0	0	0	0.000882195	
0.967252	0.0177622	0	0.00403246	0.0511009	0	0	0	0.000881549	
0.967202	0.0177674	0	0.00403364	0.0508592	0	0	0	0.000880927	
0.967151	0.0177725	0	0.00403481	0.0506187	0	0	0	0.000880328	
0.967101	0.0177777	0	0.00403597	0.0503793	0	0	0	0.000879752	
0.96705	0.0177828	0	0.00403713	0.0501411	0	0	0	0.0008792	
0.966999	0.0177878	0	0.00403828	0.049904	0	0	0	0.000878671	
0.966949	0.0177929	0	0.00403943	0.049668	0	0	0	0.000878166	
0.966898	0.0177979	0	0.00404057	0.0494332	0	0	0	0.000877685	
0.966848	0.0178029	0	0.0040417	0.0491994	0	0	0	0.000877228	
0.966797	0.0178078	0	0.00404283	0.0489668	0	0	0	0.000876796	
0.966747	0.0178128	0	0.00404395	0.0487353	0	0	0	0.000876387	
0.966696	0.0178177	0	0.00404506	0.0485048	0	0	0	0.000876003	
0.966646	0.0178226	0	0.00404617	0.0482755	0	0	0	0.000875644	
0.966595	0.0178274	0	0.00404728	0.0480472	0	0	0	0.00087531	
0.966545	0.0178323	0	0.00404837	0.0478201	0	0	0	0.000875001	
0.966494	0.0178371	0	0.00404946	0.047594	0	0	0	0.000874717	
0.966444	0.0178418	0	0.00405055	0.047369	0	0	0	0.000874458	
0.966393	0.0178466	0	0.00405163	0.047145	0	0	0	0.000874226	
0.966343	0.0178513	0	0.0040527	0.0469221	0	0	0	0.000874019	
0.966292	0.017856	0	0.00405377	0.0467003	0	0	0	0.000873838	
0.966242	0.0178607	0	0.00405483	0.0464795	0	0	0	0.000873684	
0.966191	0.0178653	0	0.00405588	0.0462598	0	0	0	0.000873557	
0.966141	0.01787	0	0.00405693	0.0460411	0	0	0	0.000873457	
0.966091	0.0178746	0	0.00405798	0.0458234	0	0	0	0.000873384	
0.96604	0.0178791	0	0.00405901	0.0456068	0	0	0	0.000873339	
0.96599	0.0178837	0	0.00406005	0.0453912	0	0	0	0.000873322	
0.965939	0.0178882	0	0.00406107	0.0451767	0	0	0	0.000873333	
0.965889	0.0178927	0	0.00406209	0.0449631	0	0	0	0.000873373	
0.965838	0.0178972	0	0.00406311	0.0447506	0	0	0	0.000873441	
0.965788	0.0179016	0	0.00406412	0.0445391	0	0	0	0.00087354	
0.965737	0.0179061	0	0.00406513	0.0443285	0	0	0	0.000873668	
0.965687	0.0179105	0	0.00406612	0.044119	0	0	0	0.000873826	
0.965636	0.0179148	0	0.00406712	0.0439105	0	0	0	0.000874016	
0.965586	0.0179192	0	0.00406811	0.0437029	0	0	0	0.000874236	
0.965536	0.0179235	0	0.00406909	0.0434964	0	0	0	0.000874489	
0.965485	0.0179278	0	0.00407007	0.0432908	0	0	0	0.000874773	
0.965435	0.0179321	0	0.00407104	0.0430862	0	0	0	0.000875091	
0.965384	0.0179364	0	0.004072	0.0428826	0	0	0	0.000875442	
0.965334	0.0179406	0	0.00407297	0.0426799	0	0	0	0.000875827	
0.965283	0.0179448	0	0.00407392	0.0424782	0	0	0	0.000876246	
0.965233	0.017949	0	0.00407487	0.0422775	0	0	0	0.000876701	
0.965183	0.0179532	0	0.00407582	0.0420777	0	0	0	0.000877193	
0.965132	0.0179573	0	0.00407676	0.0418789	0	0	0	0.00087772	
0.965082	0.0179614	0	0.00407769	0.041681	0	0	0	0.000878286	
0.965031	0.0179655	0	0.00407862	0.041484	0	0	0	0.00087889	
0.964981	0.0179696	0	0.00407955	0.041288	0	0	0	0.000879534	
0.964931	0.0179736	0	0.00408047	0.0410929	0	0	0	0.000880217	
0.96488	0.0179777	0	0.00408138	0.0408987	0	0	0	0.000880942	
0.96483	0.0179817	0	0.00408229	0.0407055	0	0	0	0.00088171	
0.964779	0.0179857	0	0.0040832	0.0405131	0	0	0	0.000882521	
0.964729	0.0179896	0	0.0040841	0.0403217	0	0	0	0.000883376	
0.964679	0.0179936	0	0.00408499	0.0401312	0	0	0	0.000884278	
0.964628	0.0179975	0	0.00408588	0.0399416	0	0	0	0.000885226	
0.964578	0.0180014	0	0.00408676	0.0397529	0	0	0	0.000886224	
0.964527	0.0180052	0	0.00408764	0.0395651	0	0	0	0.000887272	
0.964477	0.0180091	0	0.00408852	0.0393782	0	0	0	0.000888371	
0.964427	0.0180129	0	0.00408939	0.0391922	0	0	0	0.000889525	
0.964376	0.0180167	0	0.00409026	0.039007	0	0	0	0.000890734	
0.964326	0.0180205	0	0.00409112	0.0388228	0	0	0	0.000892	
0.964276	0.0180243	0	0.00409197	0.0386394	0	0	0	0.000893327	
0.964225	0.0180281	0	0.00409282	0.0384569	0	0	0	0.000894715	
0.964175	0.0180318	0	0.00409367	0.0382752	0	0	0	0.000896169	
0.964124	0.0180355	0	0.00409451	0.0380944	0	0	0	0.00089769	
0.964074	0.0180392	0	0.00409535	0.0379145	0	0	0	0.000899281	
0.964024	0.0180429	0	0.00409618	0.0377354	0	0	0	0.000900947	
0.963973	0.0180465	0	0.00409701	0.0375572	0	0	0	0.00090269	
0.963923	0.0180501	0	0.00409783	0.0373798	0	0	0	0.000904514	
0.963873	0.0180537	0	0.00409865	0.0372033	0	0	0	0.000906424	
0.963822	0.0180573	0	0.00409947	0.0370276	0	0	0	0.000908425	
0.963772	0.0180609	0	0.00410028	0.0368527	0	0	0	0.000910521	
0.963722	0.0180644	0	0.00410108	0.0366787	0	0	0	0.000912719	
0.963671	0.018068	0	0.00410189	0.0365055	0	0	0	0.000915025	
0.963621	0.0180715	0	0.00410268	0.0363331	0	0	0	0.000917446	
0.963571	0.018075	0	0.00410348	0.0361615	0	0	0	0.00091999	
0.96352	0.0180785	0	0.00410426	0.0359908	0	0	0	0.000922666	
0.96347	0.0180819	0	0.00410505	0.0358209	0	0	0	0.000925484	
0.96342	0.0180854	0	0.00410583	0.0356517	0	0	0	0.000928455	
