1	0	0	0	1	0	0	0	1	
0.99995	1.69212e-06	0	3.313e-07	0.994501	0	0	0	0.982267	
0.9999	6.62831e-06	0	1.29869e-06	0.98908	0	0	0	0.965096	
0.999851	1.46326e-05	0	2.86679e-06	0.983693	0	0	0	0.94823	
0.999802	2.55321e-05	0	5.00179e-06	0.97834	0	0	0	0.931664	
0.999753	3.91686e-05	0	7.67266e-06	0.97302	0	0	0	0.915392	
0.999705	5.53964e-05	0	1.08509e-05	0.967734	0	0	0	0.899409	
0.999657	7.40812e-05	0	1.45103e-05	0.96248	0	0	0	0.883709	
0.999609	9.50988e-05	0	1.86263e-05	0.957258	0	0	0	0.868288	
0.999562	0.000118334	0	2.31766e-05	0.952069	0	0	0	0.85314	
0.999515	0.000143679	0	2.81399e-05	0.94691	0	0	0	0.838261	
0.999468	0.000171033	0	3.34967e-05	0.941784	0	0	0	0.823645	
0.999422	0.000200303	0	3.92286e-05	0.936688	0	0	0	0.809288	
0.999375	0.0002314	0	4.53183e-05	0.931622	0	0	0	0.795185	
0.999329	0.000264242	0	5.17495e-05	0.926587	0	0	0	0.781332	
0.999284	0.000298751	0	5.85071e-05	0.921583	0	0	0	0.767723	
0.999238	0.000334853	0	6.55766e-05	0.916607	0	0	0	0.754355	
0.999193	0.000372477	0	7.29442e-05	0.911662	0	0	0	0.741223	
0.999148	0.000411558	0	8.05971e-05	0.906745	0	0	0	0.728323	
0.999103	0.000452034	0	8.85229e-05	0.901858	0	0	0	0.715651	
0.999058	0.000493843	0	9.671e-05	0.896999	0	0	0	0.703203	
0.999014	0.000536931	0	0.000105147	0.892169	0	0	0	0.690975	
0.998969	0.000581241	0	0.000113824	0.887367	0	0	0	0.678962	
0.998925	0.000626723	0	0.00012273	0.882594	0	0	0	0.667161	
0.998881	0.000673328	0	0.000131856	0.877847	0	0	0	0.655568	
0.998838	0.000721007	0	0.000141193	0.873129	0	0	0	0.64418	
0.998794	0.000769717	0	0.000150731	0.868438	0	0	0	0.632992	
0.998751	0.000819413	0	0.000160462	0.863774	0	0	0	0.622002	
0.998707	0.000870053	0	0.000170378	0.859137	0	0	0	0.611205	
0.998664	0.000921599	0	0.000180471	0.854526	0	0	0	0.600598	
0.998621	0.000974012	0	0.000190734	0.849942	0	0	0	0.590179	
0.998578	0.00102725	0	0.00020116	0.845385	0	0	0	0.579942	
0.998536	0.00108129	0	0.000211741	0.840853	0	0	0	0.569886	
0.998493	0.00113609	0	0.000222471	0.836348	0	0	0	0.560007	
0.998451	0.00119161	0	0.000233343	0.831868	0	0	0	0.550301	
0.998408	0.00124783	0	0.000244352	0.827414	0	0	0	0.540767	
0.998366	0.00130472	0	0.000255491	0.822985	0	0	0	0.531399	
0.998324	0.00136224	0	0.000266755	0.818581	0	0	0	0.522197	
0.998282	0.00142037	0	0.000278137	0.814202	0	0	0	0.513157	
0.99824	0.00147908	0	0.000289633	0.809848	0	0	0	0.504275	
0.998199	0.00153835	0	0.000301238	0.805518	0	0	0	0.495549	
0.998157	0.00159814	0	0.000312946	0.801214	0	0	0	0.486977	
0.998116	0.00165844	0	0.000324753	0.796933	0	0	0	0.478555	
0.998074	0.00171922	0	0.000336654	0.792676	0	0	0	0.470281	
0.998033	0.00178045	0	0.000348645	0.788444	0	0	0	0.462153	
0.997992	0.00184212	0	0.00036072	0.784235	0	0	0	0.454167	
0.997951	0.00190421	0	0.000372877	0.78005	0	0	0	0.446321	
0.99791	0.00196668	0	0.00038511	0.775888	0	0	0	0.438613	
0.997869	0.00202953	0	0.000397417	0.771749	0	0	0	0.43104	
0.997828	0.00209273	0	0.000409792	0.767634	0	0	0	0.4236	
0.997787	0.00215627	0	0.000422233	0.763542	0	0	0	0.41629	
0.997747	0.00222012	0	0.000434736	0.759472	0	0	0	0.409109	
0.997706	0.00228427	0	0.000447298	0.755425	0	0	0	0.402053	
0.997666	0.0023487	0	0.000459914	0.751401	0	0	0	0.395122	
0.997625	0.0024134	0	0.000472582	0.747399	0	0	0	0.388311	
0.997585	0.00247835	0	0.000485299	0.743419	0	0	0	0.38162	
0.997545	0.00254352	0	0.000498062	0.739462	0	0	0	0.375046	
0.997505	0.00260892	0	0.000510867	0.735526	0	0	0	0.368588	
0.997465	0.00267452	0	0.000523712	0.731612	0	0	0	0.362242	
0.997425	0.00274031	0	0.000536594	0.72772	0	0	0	0.356007	
0.997385	0.00280628	0	0.000549511	0.723849	0	0	0	0.349882	
0.997345	0.00287241	0	0.000562459	0.72	0	0	0	0.343864	
0.997305	0.00293868	0	0.000575437	0.716172	0	0	0	0.337951	
0.997265	0.0030051	0	0.000588442	0.712365	0	0	0	0.332141	
0.997226	0.00307164	0	0.000601471	0.708579	0	0	0	0.326434	
0.997186	0.00313829	0	0.000614522	0.704814	0	0	0	0.320826	
0.997146	0.00320504	0	0.000627593	0.70107	0	0	0	0.315316	
0.997107	0.00327189	0	0.000640682	0.697346	0	0	0	0.309902	
0.997067	0.00333881	0	0.000653786	0.693643	0	0	0	0.304583	
0.997028	0.00340581	0	0.000666904	0.68996	0	0	0	0.299357	
0.996989	0.00347286	0	0.000680034	0.686297	0	0	0	0.294222	
0.99695	0.00353997	0	0.000693174	0.682654	0	0	0	0.289177	
0.99691	0.00360711	0	0.000706321	0.679031	0	0	0	0.28422	
0.996871	0.00367429	0	0.000719475	0.675428	0	0	0	0.27935	
0.996832	0.00374149	0	0.000732633	0.671845	0	0	0	0.274564	
0.996793	0.0038087	0	0.000745794	0.668281	0	0	0	0.269862	
0.996754	0.00387592	0	0.000758955	0.664737	0	0	0	0.265243	
0.996715	0.00394313	0	0.000772116	0.661212	0	0	0	0.260703	
0.996676	0.00401034	0	0.000785276	0.657707	0	0	0	0.256243	
0.996637	0.00407752	0	0.000798431	0.65422	0	0	0	0.251861	
0.996598	0.00414468	0	0.000811582	0.650753	0	0	0	0.247555	
0.99656	0.00421181	0	0.000824726	0.647304	0	0	0	0.243325	
0.996521	0.0042789	0	0.000837862	0.643874	0	0	0	0.239168	
0.996482	0.00434594	0	0.000850989	0.640463	0	0	0	0.235083	
0.996444	0.00441293	0	0.000864106	0.63707	0	0	0	0.23107	
0.996405	0.00447986	0	0.000877212	0.633696	0	0	0	0.227126	
0.996366	0.00454672	0	0.000890304	0.63034	0	0	0	0.223252	
0.996328	0.00461351	0	0.000903382	0.627003	0	0	0	0.219444	
0.996289	0.00468023	0	0.000916446	0.623683	0	0	0	0.215704	
0.996251	0.00474686	0	0.000929493	0.620382	0	0	0	0.212028	
0.996213	0.00481341	0	0.000942522	0.617098	0	0	0	0.208416	
0.996174	0.00487986	0	0.000955534	0.613832	0	0	0	0.204867	
0.996136	0.00494621	0	0.000968526	0.610584	0	0	0	0.20138	
0.996098	0.00501246	0	0.000981498	0.607353	0	0	0	0.197953	
0.996059	0.0050786	0	0.000994449	0.60414	0	0	0	0.194586	
0.996021	0.00514462	0	0.00100738	0.600944	0	0	0	0.191278	
0.995983	0.00521053	0	0.00102028	0.597766	0	0	0	0.188027	
0.995945	0.00527632	0	0.00103316	0.594604	0	0	0	0.184832	
0.995907	0.00534198	0	0.00104602	0.59146	0	0	0	0.181693	
0.995868	0.00540752	0	0.00105885	0.588333	0	0	0	0.178609	
0.99583	0.00547291	0	0.00107166	0.585222	0	0	0	0.175578	
0.995792	0.00553817	0	0.00108444	0.582129	0	0	0	0.1726	
0.995754	0.00560329	0	0.00109719	0.579052	0	0	0	0.169674	
0.995716	0.00566827	0	0.00110991	0.575991	0	0	0	0.166798	
0.995678	0.00573309	0	0.0011226	0.572947	0	0	0	0.163973	
0.99564	0.00579777	0	0.00113527	0.56992	0	0	0	0.161196	
0.995603	0.00586229	0	0.0011479	0.566908	0	0	0	0.158467	
0.995565	0.00592665	0	0.0011605	0.563913	0	0	0	0.155786	
0.995527	0.00599085	0	0.00117307	0.560934	0	0	0	0.153152	
0.995489	0.00605488	0	0.00118561	0.557971	0	0	0	0.150563	
0.995451	0.00611875	0	0.00119812	0.555024	0	0	0	0.148019	
0.995413	0.00618245	0	0.00121059	0.552093	0	0	0	0.145519	
0.995376	0.00624598	0	0.00122303	0.549178	0	0	0	0.143062	
0.995338	0.00630934	0	0.00123544	0.546278	0	0	0	0.140648	
0.9953	0.00637251	0	0.00124781	0.543394	0	0	0	0.138276	
0.995263	0.00643551	0	0.00126014	0.540525	0	0	0	0.135944	
0.995225	0.00649833	0	0.00127244	0.537672	0	0	0	0.133654	
0.995187	0.00656096	0	0.00128471	0.534834	0	0	0	0.131402	
0.99515	0.00662341	0	0.00129693	0.532011	0	0	0	0.12919	
0.995112	0.00668567	0	0.00130912	0.529203	0	0	0	0.127016	
0.995074	0.00674773	0	0.00132128	0.52641	0	0	0	0.12488	
0.995037	0.00680961	0	0.00133339	0.523632	0	0	0	0.122781	
0.994999	0.0068713	0	0.00134547	0.52087	0	0	0	0.120718	
0.994962	0.00693278	0	0.00135751	0.518122	0	0	0	0.11869	
0.994924	0.00699408	0	0.00136951	0.515388	0	0	0	0.116698	
0.994887	0.00705517	0	0.00138148	0.512669	0	0	0	0.11474	
0.994849	0.00711607	0	0.0013934	0.509965	0	0	0	0.112816	
0.994812	0.00717676	0	0.00140528	0.507275	0	0	0	0.110925	
0.994775	0.00723725	0	0.00141713	0.5046	0	0	0	0.109067	
0.994737	0.00729754	0	0.00142893	0.501939	0	0	0	0.10724	
0.9947	0.00735762	0	0.0014407	0.499292	0	0	0	0.105446	
0.994662	0.00741749	0	0.00145242	0.496659	0	0	0	0.103682	
0.994625	0.00747716	0	0.0014641	0.494041	0	0	0	0.101949	
0.994588	0.00753662	0	0.00147575	0.491436	0	0	0	0.100246	
0.99455	0.00759587	0	0.00148735	0.488845	0	0	0	0.0985717	
0.994513	0.0076549	0	0.00149891	0.486268	0	0	0	0.0969266	
0.994476	0.00771373	0	0.00151043	0.483705	0	0	0	0.0953098	
0.994439	0.00777234	0	0.0015219	0.481155	0	0	0	0.093721	
0.994401	0.00783074	0	0.00153334	0.478619	0	0	0	0.0921594	
0.994364	0.00788893	0	0.00154473	0.476097	0	0	0	0.0906248	
0.994327	0.0079469	0	0.00155608	0.473588	0	0	0	0.0891166	
0.99429	0.00800466	0	0.00156739	0.471092	0	0	0	0.0876344	
0.994252	0.0080622	0	0.00157866	0.46861	0	0	0	0.0861777	
0.994215	0.00811952	0	0.00158988	0.466141	0	0	0	0.084746	
0.994178	0.00817662	0	0.00160106	0.463685	0	0	0	0.083339	
0.994141	0.00823351	0	0.0016122	0.461242	0	0	0	0.0819562	
0.994104	0.00829018	0	0.0016233	0.458812	0	0	0	0.0805971	
0.994067	0.00834663	0	0.00163435	0.456395	0	0	0	0.0792614	
0.99403	0.00840285	0	0.00164536	0.453991	0	0	0	0.0779487	
0.993992	0.00845886	0	0.00165633	0.451599	0	0	0	0.0766585	
0.993955	0.00851465	0	0.00166725	0.449221	0	0	0	0.0753904	
0.993918	0.00857022	0	0.00167813	0.446855	0	0	0	0.0741442	
0.993881	0.00862557	0	0.00168897	0.444501	0	0	0	0.0729193	
0.993844	0.00868069	0	0.00169976	0.442161	0	0	0	0.0717155	
0.993807	0.0087356	0	0.00171051	0.439832	0	0	0	0.0705323	
0.99377	0.00879028	0	0.00172122	0.437516	0	0	0	0.0693694	
0.993733	0.00884474	0	0.00173188	0.435212	0	0	0	0.0682264	
0.993696	0.00889898	0	0.0017425	0.432921	0	0	0	0.0671031	
0.993659	0.008953	0	0.00175308	0.430641	0	0	0	0.0659989	
0.993622	0.00900679	0	0.00176361	0.428374	0	0	0	0.0649138	
0.993585	0.00906037	0	0.0017741	0.426119	0	0	0	0.0638471	
0.993548	0.00911372	0	0.00178455	0.423876	0	0	0	0.0627988	
0.993511	0.00916684	0	0.00179495	0.421644	0	0	0	0.0617684	
0.993474	0.00921975	0	0.00180531	0.419425	0	0	0	0.0607556	
0.993437	0.00927243	0	0.00181563	0.417217	0	0	0	0.0597602	
0.9934	0.00932489	0	0.0018259	0.415021	0	0	0	0.0587818	
0.993364	0.00937713	0	0.00183613	0.412837	0	0	0	0.0578201	
0.993327	0.00942915	0	0.00184631	0.410664	0	0	0	0.0568749	
0.99329	0.00948094	0	0.00185646	0.408503	0	0	0	0.0559458	
0.993253	0.00953252	0	0.00186655	0.406353	0	0	0	0.0550326	
0.993216	0.00958387	0	0.00187661	0.404215	0	0	0	0.0541349	
0.993179	0.009635	0	0.00188662	0.402088	0	0	0	0.0532526	
0.993142	0.00968591	0	0.00189659	0.399972	0	0	0	0.0523854	
0.993105	0.00973659	0	0.00190651	0.397867	0	0	0	0.051533	
0.993069	0.00978706	0	0.0019164	0.395774	0	0	0	0.0506951	
0.993032	0.00983731	0	0.00192623	0.393692	0	0	0	0.0498715	
0.992995	0.00988733	0	0.00193603	0.391621	0	0	0	0.0490619	
0.992958	0.00993714	0	0.00194578	0.38956	0	0	0	0.0482661	
0.992921	0.00998673	0	0.00195549	0.387511	0	0	0	0.0474839	
0.992885	0.0100361	0	0.00196516	0.385472	0	0	0	0.046715	
0.992848	0.0100852	0	0.00197478	0.383445	0	0	0	0.0459592	
0.992811	0.0101342	0	0.00198436	0.381428	0	0	0	0.0452162	
0.992774	0.0101829	0	0.0019939	0.379421	0	0	0	0.0444859	
0.992738	0.0102314	0	0.0020034	0.377425	0	0	0	0.043768	
0.992701	0.0102796	0	0.00201285	0.37544	0	0	0	0.0430624	
0.992664	0.0103277	0	0.00202226	0.373466	0	0	0	0.0423687	
0.992627	0.0103755	0	0.00203163	0.371502	0	0	0	0.0416868	
0.992591	0.0104232	0	0.00204095	0.369548	0	0	0	0.0410164	
0.992554	0.0104706	0	0.00205023	0.367604	0	0	0	0.0403575	
0.992517	0.0105178	0	0.00205947	0.365671	0	0	0	0.0397098	
0.99248	0.0105648	0	0.00206867	0.363748	0	0	0	0.039073	
0.992444	0.0106115	0	0.00207783	0.361835	0	0	0	0.038447	
0.992407	0.0106581	0	0.00208694	0.359933	0	0	0	0.0378317	
0.99237	0.0107044	0	0.00209602	0.35804	0	0	0	0.0372268	
0.992334	0.0107505	0	0.00210505	0.356157	0	0	0	0.0366321	
0.992297	0.0107964	0	0.00211404	0.354285	0	0	0	0.0360475	
0.99226	0.0108421	0	0.00212299	0.352422	0	0	0	0.0354728	
0.992224	0.0108876	0	0.00213189	0.350569	0	0	0	0.0349078	
0.992187	0.0109329	0	0.00214076	0.348726	0	0	0	0.0343524	
0.99215	0.010978	0	0.00214958	0.346893	0	0	0	0.0338064	
0.992114	0.0110228	0	0.00215837	0.345069	0	0	0	0.0332696	
0.992077	0.0110675	0	0.00216711	0.343255	0	0	0	0.0327418	
0.992041	0.0111119	0	0.00217581	0.341451	0	0	0	0.032223	
0.992004	0.0111561	0	0.00218447	0.339656	0	0	0	0.031713	
0.991967	0.0112002	0	0.00219309	0.33787	0	0	0	0.0312115	
0.991931	0.011244	0	0.00220167	0.336094	0	0	0	0.0307185	
0.991894	0.0112876	0	0.00221021	0.334327	0	0	0	0.0302339	
0.991857	0.011331	0	0.00221871	0.33257	0	0	0	0.0297574	
0.991821	0.0113742	0	0.00222717	0.330822	0	0	0	0.0292889	
0.991784	0.0114172	0	0.00223559	0.329083	0	0	0	0.0288283	
0.991748	0.01146	0	0.00224396	0.327354	0	0	0	0.0283755	
0.991711	0.0115026	0	0.0022523	0.325633	0	0	0	0.0279303	
0.991675	0.011545	0	0.0022606	0.323922	0	0	0	0.0274926	
0.991638	0.0115871	0	0.00226886	0.32222	0	0	0	0.0270623	
0.991602	0.0116291	0	0.00227708	0.320526	0	0	0	0.0266391	
0.991565	0.0116709	0	0.00228526	0.318842	0	0	0	0.0262231	
0.991528	0.0117125	0	0.0022934	0.317166	0	0	0	0.0258141	
0.991492	0.0117539	0	0.00230151	0.315499	0	0	0	0.025412	
0.991455	0.011795	0	0.00230957	0.313842	0	0	0	0.0250166	
0.991419	0.011836	0	0.0023176	0.312192	0	0	0	0.0246278	
0.991382	0.0118768	0	0.00232558	0.310552	0	0	0	0.0242455	
0.991346	0.0119174	0	0.00233353	0.30892	0	0	0	0.0238697	
0.991309	0.0119578	0	0.00234144	0.307297	0	0	0	0.0235001	
0.991273	0.011998	0	0.00234931	0.305682	0	0	0	0.0231368	
0.991236	0.012038	0	0.00235714	0.304076	0	0	0	0.0227795	
0.9912	0.0120778	0	0.00236494	0.302479	0	0	0	0.0224282	
0.991163	0.0121174	0	0.0023727	0.300889	0	0	0	0.0220828	
0.991127	0.0121569	0	0.00238042	0.299309	0	0	0	0.0217431	
0.99109	0.0121961	0	0.0023881	0.297736	0	0	0	0.0214091	
0.991054	0.0122351	0	0.00239574	0.296172	0	0	0	0.0210807	
0.991017	0.012274	0	0.00240335	0.294616	0	0	0	0.0207578	
0.990981	0.0123126	0	0.00241092	0.293068	0	0	0	0.0204402	
0.990944	0.0123511	0	0.00241845	0.291528	0	0	0	0.020128	
0.990908	0.0123894	0	0.00242595	0.289997	0	0	0	0.0198209	
0.990872	0.0124275	0	0.00243341	0.288474	0	0	0	0.019519	
0.990835	0.0124654	0	0.00244083	0.286958	0	0	0	0.0192221	
0.990799	0.0125031	0	0.00244822	0.285451	0	0	0	0.0189301	
0.990762	0.0125407	0	0.00245557	0.283951	0	0	0	0.018643	
0.990726	0.012578	0	0.00246288	0.28246	0	0	0	0.0183607	
0.990689	0.0126152	0	0.00247016	0.280976	0	0	0	0.0180831	
0.990653	0.0126522	0	0.0024774	0.2795	0	0	0	0.01781	
0.990616	0.012689	0	0.0024846	0.278032	0	0	0	0.0175415	
0.99058	0.0127256	0	0.00249177	0.276572	0	0	0	0.0172775	
0.990544	0.012762	0	0.00249891	0.275119	0	0	0	0.0170178	
0.990507	0.0127983	0	0.00250601	0.273674	0	0	0	0.0167624	
0.990471	0.0128343	0	0.00251307	0.272237	0	0	0	0.0165113	
0.990434	0.0128702	0	0.0025201	0.270807	0	0	0	0.0162643	
0.990398	0.012906	0	0.00252709	0.269385	0	0	0	0.0160214	
0.990362	0.0129415	0	0.00253405	0.26797	0	0	0	0.0157825	
0.990325	0.0129769	0	0.00254098	0.266563	0	0	0	0.0155476	
0.990289	0.0130121	0	0.00254787	0.265163	0	0	0	0.0153165	
0.990252	0.0130471	0	0.00255472	0.26377	0	0	0	0.0150893	
0.990216	0.0130819	0	0.00256154	0.262385	0	0	0	0.0148658	
0.99018	0.0131166	0	0.00256833	0.261007	0	0	0	0.014646	
0.990143	0.0131511	0	0.00257509	0.259637	0	0	0	0.0144298	
0.990107	0.0131854	0	0.0025818	0.258273	0	0	0	0.0142172	
0.990071	0.0132195	0	0.00258849	0.256917	0	0	0	0.014008	
0.990034	0.0132535	0	0.00259514	0.255568	0	0	0	0.0138023	
0.989998	0.0132873	0	0.00260176	0.254226	0	0	0	0.0136	
0.989962	0.0133209	0	0.00260835	0.252891	0	0	0	0.0134011	
0.989925	0.0133544	0	0.0026149	0.251563	0	0	0	0.0132053	
0.989889	0.0133877	0	0.00262142	0.250242	0	0	0	0.0130128	
0.989853	0.0134208	0	0.00262791	0.248928	0	0	0	0.0128235	
0.989816	0.0134538	0	0.00263436	0.247621	0	0	0	0.0126372	
0.98978	0.0134866	0	0.00264078	0.246321	0	0	0	0.012454	
0.989744	0.0135192	0	0.00264717	0.245028	0	0	0	0.0122738	
0.989707	0.0135517	0	0.00265353	0.243741	0	0	0	0.0120966	
0.989671	0.013584	0	0.00265985	0.242461	0	0	0	0.0119222	
0.989635	0.0136161	0	0.00266614	0.241188	0	0	0	0.0117507	
0.989598	0.0136481	0	0.0026724	0.239922	0	0	0	0.011582	
0.989562	0.0136799	0	0.00267863	0.238662	0	0	0	0.0114161	
0.989526	0.0137115	0	0.00268483	0.237409	0	0	0	0.0112528	
0.989489	0.013743	0	0.00269099	0.236163	0	0	0	0.0110922	
0.989453	0.0137743	0	0.00269713	0.234923	0	0	0	0.0109343	
0.989417	0.0138055	0	0.00270323	0.23369	0	0	0	0.0107789	
0.98938	0.0138365	0	0.0027093	0.232463	0	0	0	0.010626	
0.989344	0.0138674	0	0.00271535	0.231243	0	0	0	0.0104756	
0.989308	0.0138981	0	0.00272136	0.230029	0	0	0	0.0103276	
0.989272	0.0139286	0	0.00272734	0.228821	0	0	0	0.0101821	
0.989235	0.013959	0	0.00273329	0.22762	0	0	0	0.0100389	
0.989199	0.0139892	0	0.0027392	0.226425	0	0	0	0.00989803	
0.989163	0.0140193	0	0.00274509	0.225236	0	0	0	0.00975944	
0.989126	0.0140492	0	0.00275095	0.224054	0	0	0	0.00962309	
0.98909	0.014079	0	0.00275678	0.222878	0	0	0	0.00948895	
0.989054	0.0141086	0	0.00276258	0.221708	0	0	0	0.00935697	
0.989018	0.0141381	0	0.00276835	0.220544	0	0	0	0.00922712	
0.988981	0.0141674	0	0.00277409	0.219386	0	0	0	0.00909937	
0.988945	0.0141966	0	0.0027798	0.218235	0	0	0	0.00897367	
0.988909	0.0142256	0	0.00278548	0.217089	0	0	0	0.00885001	
0.988873	0.0142544	0	0.00279113	0.21595	0	0	0	0.00872833	
0.988836	0.0142831	0	0.00279676	0.214816	0	0	0	0.0086086	
0.9888	0.0143117	0	0.00280235	0.213689	0	0	0	0.00849081	
0.988764	0.0143401	0	0.00280791	0.212567	0	0	0	0.0083749	
0.988728	0.0143684	0	0.00281345	0.211452	0	0	0	0.00826085	
0.988691	0.0143965	0	0.00281896	0.210342	0	0	0	0.00814863	
0.988655	0.0144245	0	0.00282444	0.209238	0	0	0	0.00803821	
0.988619	0.0144524	0	0.00282989	0.20814	0	0	0	0.00792955	
0.988583	0.0144801	0	0.00283531	0.207047	0	0	0	0.00782264	
0.988546	0.0145076	0	0.00284071	0.20596	0	0	0	0.00771743	
0.98851	0.014535	0	0.00284608	0.20488	0	0	0	0.0076139	
0.988474	0.0145623	0	0.00285142	0.203804	0	0	0	0.00751202	
0.988438	0.0145894	0	0.00285673	0.202735	0	0	0	0.00741177	
0.988402	0.0146164	0	0.00286201	0.201671	0	0	0	0.00731311	
0.988365	0.0146433	0	0.00286727	0.200612	0	0	0	0.00721602	
0.988329	0.01467	0	0.0028725	0.199559	0	0	0	0.00712048	
0.988293	0.0146966	0	0.00287771	0.198512	0	0	0	0.00702645	
0.988257	0.014723	0	0.00288288	0.19747	0	0	0	0.00693392	
0.988221	0.0147493	0	0.00288803	0.196434	0	0	0	0.00684285	
0.988184	0.0147755	0	0.00289315	0.195403	0	0	0	0.00675323	
0.988148	0.0148015	0	0.00289825	0.194378	0	0	0	0.00666502	
0.988112	0.0148274	0	0.00290332	0.193358	0	0	0	0.00657821	
0.988076	0.0148531	0	0.00290836	0.192343	0	0	0	0.00649277	
0.98804	0.0148788	0	0.00291338	0.191334	0	0	0	0.00640868	
0.988003	0.0149043	0	0.00291837	0.19033	0	0	0	0.00632592	
0.987967	0.0149296	0	0.00292334	0.189331	0	0	0	0.00624446	
0.987931	0.0149548	0	0.00292828	0.188337	0	0	0	0.00616428	
0.987895	0.0149799	0	0.00293319	0.187349	0	0	0	0.00608536	
0.987859	0.0150049	0	0.00293808	0.186366	0	0	0	0.00600768	
0.987823	0.0150297	0	0.00294294	0.185388	0	0	0	0.00593123	
0.987786	0.0150544	0	0.00294778	0.184415	0	0	0	0.00585597	
0.98775	0.015079	0	0.00295259	0.183448	0	0	0	0.00578189	
0.987714	0.0151035	0	0.00295738	0.182485	0	0	0	0.00570897	
0.987678	0.0151278	0	0.00296214	0.181528	0	0	0	0.00563719	
0.987642	0.015152	0	0.00296688	0.180575	0	0	0	0.00556653	
0.987606	0.0151761	0	0.00297159	0.179628	0	0	0	0.00549697	
0.987569	0.0152	0	0.00297628	0.178685	0	0	0	0.0054285	
0.987533	0.0152238	0	0.00298094	0.177748	0	0	0	0.0053611	
0.987497	0.0152475	0	0.00298558	0.176815	0	0	0	0.00529474	
0.987461	0.0152711	0	0.0029902	0.175887	0	0	0	0.00522942	
0.987425	0.0152945	0	0.00299479	0.174964	0	0	0	0.00516511	
0.987389	0.0153178	0	0.00299935	0.174046	0	0	0	0.00510179	
0.987353	0.015341	0	0.0030039	0.173133	0	0	0	0.00503946	
0.987316	0.0153641	0	0.00300842	0.172225	0	0	0	0.00497809	
0.98728	0.0153871	0	0.00301291	0.171321	0	0	0	0.00491768	
0.987244	0.0154099	0	0.00301738	0.170422	0	0	0	0.00485819	
0.987208	0.0154326	0	0.00302183	0.169528	0	0	0	0.00479962	
0.987172	0.0154552	0	0.00302626	0.168639	0	0	0	0.00474196	
0.987136	0.0154777	0	0.00303066	0.167754	0	0	0	0.00468518	
0.9871	0.0155001	0	0.00303504	0.166874	0	0	0	0.00462928	
0.987064	0.0155223	0	0.00303939	0.165999	0	0	0	0.00457423	
0.987027	0.0155445	0	0.00304373	0.165128	0	0	0	0.00452003	
0.986991	0.0155665	0	0.00304804	0.164261	0	0	0	0.00446666	
0.986955	0.0155884	0	0.00305232	0.1634	0	0	0	0.00441411	
0.986919	0.0156101	0	0.00305659	0.162542	0	0	0	0.00436236	
0.986883	0.0156318	0	0.00306083	0.16169	0	0	0	0.00431141	
0.986847	0.0156534	0	0.00306505	0.160842	0	0	0	0.00426123	
0.986811	0.0156748	0	0.00306925	0.159998	0	0	0	0.00421181	
0.986775	0.0156961	0	0.00307342	0.159158	0	0	0	0.00416315	
0.986739	0.0157173	0	0.00307758	0.158324	0	0	0	0.00411523	
0.986702	0.0157384	0	0.00308171	0.157493	0	0	0	0.00406803	
0.986666	0.0157594	0	0.00308582	0.156667	0	0	0	0.00402155	
0.98663	0.0157803	0	0.00308991	0.155845	0	0	0	0.00397578	
0.986594	0.0158011	0	0.00309397	0.155027	0	0	0	0.00393069	
0.986558	0.0158217	0	0.00309802	0.154214	0	0	0	0.00388629	
0.986522	0.0158423	0	0.00310204	0.153405	0	0	0	0.00384256	
0.986486	0.0158627	0	0.00310605	0.152601	0	0	0	0.00379949	
0.98645	0.0158831	0	0.00311003	0.1518	0	0	0	0.00375707	
0.986414	0.0159033	0	0.00311399	0.151004	0	0	0	0.00371529	
0.986378	0.0159234	0	0.00311793	0.150212	0	0	0	0.00367413	
0.986342	0.0159434	0	0.00312185	0.149424	0	0	0	0.0036336	
0.986306	0.0159633	0	0.00312575	0.14864	0	0	0	0.00359366	
0.98627	0.0159831	0	0.00312962	0.14786	0	0	0	0.00355433	
0.986233	0.0160028	0	0.00313348	0.147085	0	0	0	0.00351559	
0.986197	0.0160224	0	0.00313732	0.146313	0	0	0	0.00347742	
0.986161	0.0160419	0	0.00314113	0.145546	0	0	0	0.00343982	
0.986125	0.0160613	0	0.00314493	0.144783	0	0	0	0.00340279	
0.986089	0.0160806	0	0.0031487	0.144023	0	0	0	0.0033663	
0.986053	0.0160998	0	0.00315246	0.143268	0	0	0	0.00333036	
0.986017	0.0161188	0	0.0031562	0.142516	0	0	0	0.00329495	
0.985981	0.0161378	0	0.00315991	0.141769	0	0	0	0.00326006	
0.985945	0.0161567	0	0.00316361	0.141025	0	0	0	0.00322569	
0.985909	0.0161755	0	0.00316728	0.140286	0	0	0	0.00319183	
0.985873	0.0161942	0	0.00317094	0.13955	0	0	0	0.00315846	
0.985837	0.0162127	0	0.00317458	0.138818	0	0	0	0.00312559	
0.985801	0.0162312	0	0.0031782	0.13809	0	0	0	0.00309321	
0.985765	0.0162496	0	0.0031818	0.137366	0	0	0	0.0030613	
0.985729	0.0162679	0	0.00318538	0.136645	0	0	0	0.00302985	
0.985693	0.0162861	0	0.00318894	0.135929	0	0	0	0.00299887	
0.985657	0.0163042	0	0.00319248	0.135216	0	0	0	0.00296834	
0.985621	0.0163221	0	0.003196	0.134507	0	0	0	0.00293826	
0.985585	0.01634	0	0.00319951	0.133801	0	0	0	0.00290862	
0.985549	0.0163578	0	0.00320299	0.133099	0	0	0	0.00287941	
0.985513	0.0163756	0	0.00320646	0.132401	0	0	0	0.00285062	
0.985477	0.0163932	0	0.00320991	0.131707	0	0	0	0.00282226	
0.985441	0.0164107	0	0.00321334	0.131016	0	0	0	0.0027943	
0.985405	0.0164281	0	0.00321675	0.130329	0	0	0	0.00276675	
0.985369	0.0164454	0	0.00322014	0.129646	0	0	0	0.0027396	
0.985333	0.0164627	0	0.00322352	0.128966	0	0	0	0.00271284	
0.985297	0.0164798	0	0.00322688	0.12829	0	0	0	0.00268647	
0.985261	0.0164969	0	0.00323022	0.127617	0	0	0	0.00266048	
0.985225	0.0165139	0	0.00323354	0.126948	0	0	0	0.00263486	
0.985189	0.0165307	0	0.00323684	0.126282	0	0	0	0.00260961	
0.985153	0.0165475	0	0.00324013	0.12562	0	0	0	0.00258472	
0.985117	0.0165642	0	0.0032434	0.124961	0	0	0	0.00256019	
0.985081	0.0165808	0	0.00324665	0.124306	0	0	0	0.00253601	
0.985045	0.0165973	0	0.00324988	0.123654	0	0	0	0.00251217	
0.985009	0.0166138	0	0.0032531	0.123005	0	0	0	0.00248868	
0.984973	0.0166301	0	0.0032563	0.12236	0	0	0	0.00246552	
0.984937	0.0166463	0	0.00325948	0.121719	0	0	0	0.00244269	
0.984901	0.0166625	0	0.00326265	0.121081	0	0	0	0.00242018	
0.984865	0.0166786	0	0.0032658	0.120446	0	0	0	0.00239799	
0.984829	0.0166946	0	0.00326893	0.119814	0	0	0	0.00237612	
0.984793	0.0167105	0	0.00327204	0.119186	0	0	0	0.00235456	
0.984757	0.0167263	0	0.00327514	0.118561	0	0	0	0.0023333	
0.984721	0.016742	0	0.00327822	0.117939	0	0	0	0.00231234	
0.984685	0.0167577	0	0.00328129	0.117321	0	0	0	0.00229168	
0.984649	0.0167733	0	0.00328433	0.116706	0	0	0	0.0022713	
0.984613	0.0167887	0	0.00328737	0.116094	0	0	0	0.00225121	
0.984577	0.0168041	0	0.00329038	0.115485	0	0	0	0.00223141	
0.984541	0.0168195	0	0.00329338	0.114879	0	0	0	0.00221188	
0.984505	0.0168347	0	0.00329636	0.114277	0	0	0	0.00219262	
0.984469	0.0168499	0	0.00329933	0.113678	0	0	0	0.00217363	
0.984433	0.0168649	0	0.00330228	0.113082	0	0	0	0.00215491	
0.984397	0.0168799	0	0.00330522	0.112489	0	0	0	0.00213644	
0.984361	0.0168948	0	0.00330814	0.111899	0	0	0	0.00211824	
0.984325	0.0169097	0	0.00331104	0.111313	0	0	0	0.00210028	
0.984289	0.0169244	0	0.00331393	0.110729	0	0	0	0.00208258	
0.984253	0.0169391	0	0.0033168	0.110148	0	0	0	0.00206511	
0.984217	0.0169537	0	0.00331966	0.109571	0	0	0	0.00204789	
0.984181	0.0169682	0	0.0033225	0.108997	0	0	0	0.00203091	
0.984145	0.0169826	0	0.00332533	0.108425	0	0	0	0.00201416	
0.984109	0.016997	0	0.00332814	0.107857	0	0	0	0.00199764	
0.984073	0.0170113	0	0.00333094	0.107291	0	0	0	0.00198135	
0.984037	0.0170255	0	0.00333372	0.106729	0	0	0	0.00196528	
0.984002	0.0170396	0	0.00333648	0.106169	0	0	0	0.00194943	
0.983966	0.0170536	0	0.00333923	0.105613	0	0	0	0.00193379	
0.98393	0.0170676	0	0.00334197	0.105059	0	0	0	0.00191837	
0.983894	0.0170815	0	0.00334469	0.104508	0	0	0	0.00190316	
0.983858	0.0170953	0	0.0033474	0.10396	0	0	0	0.00188815	
0.983822	0.0171091	0	0.00335009	0.103415	0	0	0	0.00187335	
0.983786	0.0171228	0	0.00335277	0.102873	0	0	0	0.00185875	
0.98375	0.0171364	0	0.00335543	0.102334	0	0	0	0.00184435	
0.983714	0.0171499	0	0.00335808	0.101797	0	0	0	0.00183014	
0.983678	0.0171633	0	0.00336071	0.101264	0	0	0	0.00181612	
0.983642	0.0171767	0	0.00336333	0.100733	0	0	0	0.00180229	
0.983606	0.01719	0	0.00336594	0.100205	0	0	0	0.00178865	
0.98357	0.0172033	0	0.00336853	0.0996796	0	0	0	0.00177519	
0.983535	0.0172164	0	0.00337111	0.099157	0	0	0	0.00176191	
0.983499	0.0172295	0	0.00337367	0.0986373	0	0	0	0.0017488	
0.983463	0.0172426	0	0.00337622	0.0981202	0	0	0	0.00173588	
0.983427	0.0172555	0	0.00337876	0.0976059	0	0	0	0.00172312	
0.983391	0.0172684	0	0.00338128	0.0970942	0	0	0	0.00171053	
0.983355	0.0172812	0	0.00338379	0.0965853	0	0	0	0.00169812	
0.983319	0.0172939	0	0.00338628	0.096079	0	0	0	0.00168586	
0.983283	0.0173066	0	0.00338877	0.0955754	0	0	0	0.00167377	
0.983247	0.0173192	0	0.00339123	0.0950744	0	0	0	0.00166184	
0.983211	0.0173318	0	0.00339369	0.0945761	0	0	0	0.00165007	
0.983175	0.0173442	0	0.00339613	0.0940804	0	0	0	0.00163845	
0.98314	0.0173566	0	0.00339856	0.0935872	0	0	0	0.00162698	
0.983104	0.017369	0	0.00340097	0.0930967	0	0	0	0.00161567	
0.983068	0.0173812	0	0.00340337	0.0926087	0	0	0	0.0016045	
0.983032	0.0173934	0	0.00340576	0.0921234	0	0	0	0.00159348	
0.982996	0.0174055	0	0.00340814	0.0916405	0	0	0	0.00158261	
0.98296	0.0174176	0	0.0034105	0.0911602	0	0	0	0.00157187	
0.982924	0.0174296	0	0.00341285	0.0906824	0	0	0	0.00156128	
0.982888	0.0174415	0	0.00341519	0.0902071	0	0	0	0.00155083	
0.982853	0.0174534	0	0.00341751	0.0897343	0	0	0	0.00154051	
0.982817	0.0174652	0	0.00341982	0.089264	0	0	0	0.00153032	
0.982781	0.017477	0	0.00342212	0.0887962	0	0	0	0.00152027	
0.982745	0.0174886	0	0.00342441	0.0883308	0	0	0	0.00151035	
0.982709	0.0175003	0	0.00342668	0.0878679	0	0	0	0.00150055	
0.982673	0.0175118	0	0.00342894	0.0874074	0	0	0	0.00149089	
0.982637	0.0175233	0	0.00343119	0.0869493	0	0	0	0.00148134	
0.982601	0.0175347	0	0.00343343	0.0864936	0	0	0	0.00147192	
0.982566	0.0175461	0	0.00343565	0.0860403	0	0	0	0.00146262	
0.98253	0.0175574	0	0.00343787	0.0855894	0	0	0	0.00145345	
0.982494	0.0175686	0	0.00344007	0.0851408	0	0	0	0.00144438	
0.982458	0.0175798	0	0.00344225	0.0846946	0	0	0	0.00143544	
0.982422	0.0175909	0	0.00344443	0.0842508	0	0	0	0.00142661	
0.982386	0.017602	0	0.0034466	0.0838093	0	0	0	0.00141789	
0.98235	0.0176129	0	0.00344875	0.0833701	0	0	0	0.00140929	
0.982315	0.0176239	0	0.00345089	0.0829332	0	0	0	0.00140079	
0.982279	0.0176348	0	0.00345302	0.0824986	0	0	0	0.0013924	
0.982243	0.0176456	0	0.00345514	0.0820662	0	0	0	0.00138412	
0.982207	0.0176563	0	0.00345724	0.0816362	0	0	0	0.00137594	
0.982171	0.017667	0	0.00345934	0.0812084	0	0	0	0.00136787	
0.982135	0.0176777	0	0.00346142	0.0807829	0	0	0	0.0013599	
0.9821	0.0176882	0	0.00346349	0.0803595	0	0	0	0.00135203	
0.982064	0.0176988	0	0.00346555	0.0799384	0	0	0	0.00134426	
0.982028	0.0177092	0	0.0034676	0.0795196	0	0	0	0.00133659	
0.981992	0.0177196	0	0.00346964	0.0791029	0	0	0	0.00132902	
0.981956	0.01773	0	0.00347166	0.0786884	0	0	0	0.00132154	
0.98192	0.0177403	0	0.00347368	0.0782761	0	0	0	0.00131415	
0.981885	0.0177505	0	0.00347568	0.0778659	0	0	0	0.00130686	
0.981849	0.0177607	0	0.00347767	0.0774579	0	0	0	0.00129966	
0.981813	0.0177708	0	0.00347966	0.0770521	0	0	0	0.00129255	
0.981777	0.0177809	0	0.00348163	0.0766483	0	0	0	0.00128553	
0.981741	0.0177909	0	0.00348359	0.0762467	0	0	0	0.0012786	
0.981705	0.0178008	0	0.00348554	0.0758472	0	0	0	0.00127175	
0.98167	0.0178107	0	0.00348747	0.0754498	0	0	0	0.00126499	
0.981634	0.0178206	0	0.0034894	0.0750545	0	0	0	0.00125831	
0.981598	0.0178304	0	0.00349132	0.0746612	0	0	0	0.00125172	
0.981562	0.0178401	0	0.00349323	0.0742701	0	0	0	0.00124521	
0.981526	0.0178498	0	0.00349512	0.0738809	0	0	0	0.00123878	
0.98149	0.0178594	0	0.00349701	0.0734939	0	0	0	0.00123244	
0.981455	0.017869	0	0.00349888	0.0731088	0	0	0	0.00122617	
0.981419	0.0178785	0	0.00350075	0.0727258	0	0	0	0.00121998	
0.981383	0.017888	0	0.0035026	0.0723448	0	0	0	0.00121386	
0.981347	0.0178974	0	0.00350445	0.0719657	0	0	0	0.00120782	
0.981311	0.0179068	0	0.00350628	0.0715887	0	0	0	0.00120186	
0.981276	0.0179161	0	0.00350811	0.0712137	0	0	0	0.00119597	
0.98124	0.0179254	0	0.00350992	0.0708406	0	0	0	0.00119016	
0.981204	0.0179346	0	0.00351173	0.0704694	0	0	0	0.00118441	
0.981168	0.0179437	0	0.00351352	0.0701003	0	0	0	0.00117874	
0.981132	0.0179529	0	0.0035153	0.069733	0	0	0	0.00117314	
0.981097	0.0179619	0	0.00351708	0.0693677	0	0	0	0.00116761	
0.981061	0.0179709	0	0.00351884	0.0690043	0	0	0	0.00116214	
0.981025	0.0179799	0	0.0035206	0.0686428	0	0	0	0.00115675	
0.980989	0.0179888	0	0.00352234	0.0682833	0	0	0	0.00115142	
0.980954	0.0179977	0	0.00352408	0.0679256	0	0	0	0.00114616	
0.980918	0.0180065	0	0.0035258	0.0675697	0	0	0	0.00114096	
0.980882	0.0180152	0	0.00352752	0.0672158	0	0	0	0.00113583	
0.980846	0.018024	0	0.00352923	0.0668637	0	0	0	0.00113076	
0.98081	0.0180326	0	0.00353092	0.0665134	0	0	0	0.00112575	
0.980775	0.0180412	0	0.00353261	0.066165	0	0	0	0.00112081	
0.980739	0.0180498	0	0.00353429	0.0658184	0	0	0	0.00111592	
0.980703	0.0180583	0	0.00353596	0.0654737	0	0	0	0.0011111	
0.980667	0.0180668	0	0.00353762	0.0651307	0	0	0	0.00110634	
0.980632	0.0180752	0	0.00353927	0.0647896	0	0	0	0.00110164	
0.980596	0.0180836	0	0.00354091	0.0644502	0	0	0	0.00109699	
0.98056	0.018092	0	0.00354254	0.0641126	0	0	0	0.00109241	
0.980524	0.0181002	0	0.00354416	0.0637768	0	0	0	0.00108788	
0.980488	0.0181085	0	0.00354578	0.0634428	0	0	0	0.0010834	
0.980453	0.0181167	0	0.00354738	0.0631105	0	0	0	0.00107899	
0.980417	0.0181248	0	0.00354898	0.0627799	0	0	0	0.00107462	
0.980381	0.0181329	0	0.00355056	0.0624511	0	0	0	0.00107032	
0.980345	0.018141	0	0.00355214	0.062124	0	0	0	0.00106606	
0.98031	0.018149	0	0.00355371	0.0617986	0	0	0	0.00106186	
0.980274	0.018157	0	0.00355527	0.061475	0	0	0	0.00105771	
0.980238	0.0181649	0	0.00355682	0.061153	0	0	0	0.00105362	
0.980202	0.0181728	0	0.00355837	0.0608327	0	0	0	0.00104957	
0.980167	0.0181806	0	0.0035599	0.0605142	0	0	0	0.00104558	
0.980131	0.0181884	0	0.00356143	0.0601972	0	0	0	0.00104164	
0.980095	0.0181962	0	0.00356295	0.059882	0	0	0	0.00103774	
0.980059	0.0182039	0	0.00356445	0.0595684	0	0	0	0.0010339	
0.980024	0.0182115	0	0.00356595	0.0592564	0	0	0	0.00103011	
0.979988	0.0182192	0	0.00356745	0.0589461	0	0	0	0.00102636	
0.979952	0.0182267	0	0.00356893	0.0586374	0	0	0	0.00102266	
0.979917	0.0182343	0	0.00357041	0.0583303	0	0	0	0.00101901	
0.979881	0.0182418	0	0.00357187	0.0580249	0	0	0	0.0010154	
0.979845	0.0182492	0	0.00357333	0.057721	0	0	0	0.00101184	
0.979809	0.0182566	0	0.00357478	0.0574188	0	0	0	0.00100833	
0.979774	0.018264	0	0.00357623	0.0571181	0	0	0	0.00100486	
0.979738	0.0182713	0	0.00357766	0.056819	0	0	0	0.00100144	
0.979702	0.0182786	0	0.00357909	0.0565215	0	0	0	0.000998057	
0.979666	0.0182858	0	0.0035805	0.0562255	0	0	0	0.000994722	
0.979631	0.018293	0	0.00358191	0.0559311	0	0	0	0.00099143	
0.979595	0.0183002	0	0.00358332	0.0556382	0	0	0	0.000988181	
0.979559	0.0183073	0	0.00358471	0.0553469	0	0	0	0.000984974	
0.979524	0.0183144	0	0.0035861	0.0550571	0	0	0	0.00098181	
0.979488	0.0183215	0	0.00358748	0.0547688	0	0	0	0.000978687	
0.979452	0.0183285	0	0.00358885	0.054482	0	0	0	0.000975606	
0.979416	0.0183354	0	0.00359021	0.0541968	0	0	0	0.000972565	
0.979381	0.0183423	0	0.00359157	0.053913	0	0	0	0.000969565	
0.979345	0.0183492	0	0.00359292	0.0536307	0	0	0	0.000966605	
0.979309	0.0183561	0	0.00359426	0.0533499	0	0	0	0.000963685	
0.979274	0.0183629	0	0.00359559	0.0530706	0	0	0	0.000960805	
0.979238	0.0183697	0	0.00359691	0.0527928	0	0	0	0.000957964	
0.979202	0.0183764	0	0.00359823	0.0525164	0	0	0	0.000955161	
0.979166	0.0183831	0	0.00359954	0.0522414	0	0	0	0.000952396	
0.979131	0.0183897	0	0.00360085	0.0519679	0	0	0	0.00094967	
0.979095	0.0183963	0	0.00360214	0.0516959	0	0	0	0.000946982	
0.979059	0.0184029	0	0.00360343	0.0514252	0	0	0	0.00094433	
0.979024	0.0184095	0	0.00360471	0.051156	0	0	0	0.000941716	
0.978988	0.018416	0	0.00360598	0.0508882	0	0	0	0.000939139	
0.978952	0.0184224	0	0.00360725	0.0506218	0	0	0	0.000936598	
0.978917	0.0184289	0	0.00360851	0.0503568	0	0	0	0.000934093	
0.978881	0.0184353	0	0.00360976	0.0500932	0	0	0	0.000931624	
0.978845	0.0184416	0	0.00361101	0.049831	0	0	0	0.000929191	
0.97881	0.0184479	0	0.00361225	0.0495701	0	0	0	0.000926793	
0.978774	0.0184542	0	0.00361348	0.0493106	0	0	0	0.00092443	
0.978738	0.0184605	0	0.0036147	0.0490525	0	0	0	0.000922102	
0.978702	0.0184667	0	0.00361592	0.0487958	0	0	0	0.000919809	
0.978667	0.0184729	0	0.00361713	0.0485404	0	0	0	0.000917549	
0.978631	0.018479	0	0.00361833	0.0482863	0	0	0	0.000915324	
0.978595	0.0184851	0	0.00361953	0.0480335	0	0	0	0.000913133	
0.97856	0.0184912	0	0.00362072	0.0477821	0	0	0	0.000910975	
0.978524	0.0184973	0	0.0036219	0.047532	0	0	0	0.00090885	
0.978488	0.0185033	0	0.00362308	0.0472832	0	0	0	0.000906758	
0.978453	0.0185092	0	0.00362425	0.0470358	0	0	0	0.0009047	
0.978417	0.0185152	0	0.00362541	0.0467896	0	0	0	0.000902674	
0.978381	0.0185211	0	0.00362656	0.0465447	0	0	0	0.00090068	
0.978346	0.0185269	0	0.00362771	0.0463011	0	0	0	0.000898719	
0.97831	0.0185328	0	0.00362886	0.0460588	0	0	0	0.00089679	
0.978274	0.0185386	0	0.00362999	0.0458177	0	0	0	0.000894892	
0.978239	0.0185444	0	0.00363112	0.0455779	0	0	0	0.000893027	
0.978203	0.0185501	0	0.00363225	0.0453394	0	0	0	0.000891193	
0.978167	0.0185558	0	0.00363336	0.0451021	0	0	0	0.00088939	
0.978132	0.0185615	0	0.00363447	0.0448661	0	0	0	0.000887618	
0.978096	0.0185671	0	0.00363558	0.0446313	0	0	0	0.000885878	
0.978061	0.0185727	0	0.00363668	0.0443978	0	0	0	0.000884168	
0.978025	0.0185783	0	0.00363777	0.0441654	0	0	0	0.000882489	
0.977989	0.0185838	0	0.00363885	0.0439343	0	0	0	0.00088084	
0.977954	0.0185893	0	0.00363993	0.0437044	0	0	0	0.000879222	
0.977918	0.0185948	0	0.003641	0.0434757	0	0	0	0.000877635	
0.977882	0.0186003	0	0.00364207	0.0432482	0	0	0	0.000876077	
0.977847	0.0186057	0	0.00364313	0.0430219	0	0	0	0.00087455	
0.977811	0.0186111	0	0.00364419	0.0427968	0	0	0	0.000873052	
0.977775	0.0186164	0	0.00364524	0.0425729	0	0	0	0.000871585	
0.97774	0.0186218	0	0.00364628	0.0423501	0	0	0	0.000870147	
0.977704	0.018627	0	0.00364731	0.0421286	0	0	0	0.000868739	
0.977668	0.0186323	0	0.00364834	0.0419081	0	0	0	0.00086736	
0.977633	0.0186375	0	0.00364937	0.0416889	0	0	0	0.000866011	
0.977597	0.0186427	0	0.00365039	0.0414708	0	0	0	0.000864691	
0.977562	0.0186479	0	0.0036514	0.0412538	0	0	0	0.0008634	
0.977526	0.0186531	0	0.00365241	0.041038	0	0	0	0.000862139	
0.97749	0.0186582	0	0.00365341	0.0408233	0	0	0	0.000860907	
0.977455	0.0186633	0	0.0036544	0.0406097	0	0	0	0.000859704	
0.977419	0.0186683	0	0.00365539	0.0403973	0	0	0	0.00085853	
0.977383	0.0186733	0	0.00365638	0.0401859	0	0	0	0.000857385	
0.977348	0.0186783	0	0.00365736	0.0399757	0	0	0	0.000856269	
0.977312	0.0186833	0	0.00365833	0.0397666	0	0	0	0.000855182	
0.977277	0.0186882	0	0.0036593	0.0395586	0	0	0	0.000854124	
0.977241	0.0186931	0	0.00366026	0.0393516	0	0	0	0.000853095	
0.977205	0.018698	0	0.00366121	0.0391458	0	0	0	0.000852094	
0.97717	0.0187029	0	0.00366216	0.038941	0	0	0	0.000851123	
0.977134	0.0187077	0	0.00366311	0.0387373	0	0	0	0.000850181	
0.977099	0.0187125	0	0.00366405	0.0385347	0	0	0	0.000849267	
0.977063	0.0187173	0	0.00366498	0.0383331	0	0	0	0.000848383	
0.977027	0.018722	0	0.00366591	0.0381326	0	0	0	0.000847527	
0.976992	0.0187267	0	0.00366683	0.0379332	0	0	0	0.0008467	
0.976956	0.0187314	0	0.00366775	0.0377348	0	0	0	0.000845902	
0.97692	0.0187361	0	0.00366866	0.0375374	0	0	0	0.000845134	
0.976885	0.0187407	0	0.00366957	0.0373411	0	0	0	0.000844394	
0.976849	0.0187453	0	0.00367047	0.0371458	0	0	0	0.000843684	
0.976814	0.0187499	0	0.00367137	0.0369516	0	0	0	0.000843003	
0.976778	0.0187544	0	0.00367226	0.0367583	0	0	0	0.000842351	
0.976743	0.018759	0	0.00367315	0.0365661	0	0	0	0.000841729	
0.976707	0.0187635	0	0.00367403	0.0363749	0	0	0	0.000841136	
0.976671	0.0187679	0	0.0036749	0.0361847	0	0	0	0.000840572	
0.976636	0.0187724	0	0.00367577	0.0359954	0	0	0	0.000840039	
0.9766	0.0187768	0	0.00367664	0.0358072	0	0	0	0.000839535	
0.976565	0.0187812	0	0.0036775	0.03562	0	0	0	0.000839061	
0.976529	0.0187856	0	0.00367836	0.0354337	0	0	0	0.000838617	
0.976493	0.0187899	0	0.00367921	0.0352484	0	0	0	0.000838204	
0.976458	0.0187942	0	0.00368005	0.0350641	0	0	0	0.000837821	
0.976422	0.0187985	0	0.00368089	0.0348808	0	0	0	0.000837468	
0.976387	0.0188028	0	0.00368173	0.0346984	0	0	0	0.000837146	
0.976351	0.0188071	0	0.00368256	0.034517	0	0	0	0.000836855	
0.976316	0.0188113	0	0.00368339	0.0343365	0	0	0	0.000836596	
0.97628	0.0188155	0	0.00368421	0.034157	0	0	0	0.000836367	
0.976244	0.0188196	0	0.00368502	0.0339784	0	0	0	0.00083617	
0.976209	0.0188238	0	0.00368584	0.0338008	0	0	0	0.000836005	
0.976173	0.0188279	0	0.00368664	0.0336241	0	0	0	0.000835873	
0.976138	0.018832	0	0.00368744	0.0334483	0	0	0	0.000835772	
0.976102	0.0188361	0	0.00368824	0.0332735	0	0	0	0.000835704	
0.976067	0.0188401	0	0.00368904	0.0330995	0	0	0	0.000835669	
0.976031	0.0188442	0	0.00368982	0.0329265	0	0	0	0.000835668	
0.975995	0.0188482	0	0.00369061	0.0327544	0	0	0	0.0008357	
0.97596	0.0188521	0	0.00369139	0.0325832	0	0	0	0.000835766	
0.975924	0.0188561	0	0.00369216	0.0324129	0	0	0	0.000835866	
0.975889	0.01886	0	0.00369293	0.0322435	0	0	0	0.000836001	
0.975853	0.0188639	0	0.0036937	0.0320749	0	0	0	0.000836171	
0.975818	0.0188678	0	0.00369446	0.0319073	0	0	0	0.000836377	
0.975782	0.0188717	0	0.00369521	0.0317405	0	0	0	0.000836619	
0.975747	0.0188755	0	0.00369597	0.0315747	0	0	0	0.000836897	
0.975711	0.0188793	0	0.00369671	0.0314096	0	0	0	0.000837212	
0.975675	0.0188831	0	0.00369746	0.0312455	0	0	0	0.000837565	
0.97564	0.0188869	0	0.0036982	0.0310822	0	0	0	0.000837956	
0.975604	0.0188907	0	0.00369893	0.0309198	0	0	0	0.000838385	
0.975569	0.0188944	0	0.00369966	0.0307582	0	0	0	0.000838854	
0.975533	0.0188981	0	0.00370039	0.0305975	0	0	0	0.000839363	
0.975498	0.0189018	0	0.00370111	0.0304376	0	0	0	0.000839912	
0.975462	0.0189055	0	0.00370183	0.0302786	0	0	0	0.000840503	
0.975427	0.0189091	0	0.00370254	0.0301203	0	0	0	0.000841136	
0.975391	0.0189127	0	0.00370325	0.029963	0	0	0	0.000841811	
0.975356	0.0189163	0	0.00370395	0.0298064	0	0	0	0.000842531	
0.97532	0.0189199	0	0.00370466	0.0296507	0	0	0	0.000843295	
0.975285	0.0189235	0	0.00370535	0.0294958	0	0	0	0.000844104	
0.975249	0.018927	0	0.00370604	0.0293417	0	0	0	0.000844961	
0.975214	0.0189305	0	0.00370673	0.0291884	0	0	0	0.000845864	
0.975178	0.018934	0	0.00370742	0.0290359	0	0	0	0.000846817	
0.975142	0.0189375	0	0.0037081	0.0288842	0	0	0	0.00084782	
0.975107	0.0189409	0	0.00370878	0.0287334	0	0	0	0.000848873	
0.975071	0.0189444	0	0.00370945	0.0285833	0	0	0	0.00084998	
0.975036	0.0189478	0	0.00371012	0.028434	0	0	0	0.00085114	
0.975	0.0189512	0	0.00371078	0.0282855	0	0	0	0.000852356	
0.974965	0.0189546	0	0.00371144	0.0281377	0	0	0	0.000853629	
0.974929	0.0189579	0	0.0037121	0.0279908	0	0	0	0.000854961	
0.974894	0.0189613	0	0.00371275	0.0278446	0	0	0	0.000856353	
0.974858	0.0189646	0	0.0037134	0.0276992	0	0	0	0.000857808	
0.974823	0.0189679	0	0.00371405	0.0275545	0	0	0	0.000859329	
0.974787	0.0189711	0	0.00371469	0.0274106	0	0	0	0.000860916	
0.974752	0.0189744	0	0.00371533	0.0272675	0	0	0	0.000862573	
0.974716	0.0189776	0	0.00371596	0.0271251	0	0	0	0.000864303	
0.974681	0.0189809	0	0.00371659	0.0269834	0	0	0	0.000866107	
0.974645	0.0189841	0	0.00371722	0.0268426	0	0	0	0.000867991	
0.97461	0.0189873	0	0.00371784	0.0267024	0	0	0	0.000869956	
0.974574	0.0189904	0	0.00371846	0.026563	0	0	0	0.000872006	
0.974539	0.0189936	0	0.00371908	0.0264243	0	0	0	0.000874147	
0.974503	0.0189967	0	0.00371969	0.0262864	0	0	0	0.000876381	
0.974468	0.0189998	0	0.0037203	0.0261491	0	0	0	0.000878714	
0.974432	0.0190029	0	0.00372091	0.0260126	0	0	0	0.000881152	
0.974397	0.019006	0	0.00372151	0.0258768	0	0	0	0.0008837	
0.974361	0.019009	0	0.00372211	0.0257418	0	0	0	0.000886365	
0.974326	0.0190121	0	0.00372271	0.0256074	0	0	0	0.000889153	
0.97429	0.0190151	0	0.0037233	0.0254738	0	0	0	0.000892074	
0.974255	0.0190181	0	0.00372389	0.0253408	0	0	0	0.000895136	
0.97422	0.0190211	0	0.00372447	0.0252086	0	0	0	0.000898348	
0.974184	0.0190241	0	0.00372506	0.025077	0	0	0	0.000901723	
0.974149	0.019027	0	0.00372563	0.0249461	0	0	0	0.000905272	
