1	0	0	0	1	0	0	0	1	
0.999966	1.16486e-06	0	1.91059e-07	0.993894	0	0	0	0.983682	
0.999932	4.57418e-06	0	7.50843e-07	0.987878	0	0	0	0.967845	
0.999898	1.01297e-05	0	1.66266e-06	0.981902	0	0	0	0.952267	
0.999865	1.77321e-05	0	2.91022e-06	0.975965	0	0	0	0.936943	
0.999832	2.72893e-05	0	4.4784e-06	0.970067	0	0	0	0.921868	
0.999799	3.87156e-05	0	6.35318e-06	0.964207	0	0	0	0.90704	
0.999766	5.19314e-05	0	8.52147e-06	0.958386	0	0	0	0.892454	
0.999734	6.6862e-05	0	1.0971e-05	0.952603	0	0	0	0.878105	
0.999701	8.34372e-05	0	1.36904e-05	0.946857	0	0	0	0.86399	
0.999669	0.000101591	0	1.66686e-05	0.941149	0	0	0	0.850105	
0.999637	0.000121262	0	1.98957e-05	0.935478	0	0	0	0.836446	
0.999605	0.000142391	0	2.33619e-05	0.929843	0	0	0	0.823009	
0.999574	0.000164921	0	2.70581e-05	0.924244	0	0	0	0.809791	
0.999542	0.000188801	0	3.09755e-05	0.918682	0	0	0	0.796788	
0.999511	0.00021398	0	3.5106e-05	0.913155	0	0	0	0.783997	
0.99948	0.000240409	0	3.94417e-05	0.907664	0	0	0	0.771414	
0.999449	0.000268044	0	4.3975e-05	0.902207	0	0	0	0.759035	
0.999418	0.000296839	0	4.86988e-05	0.896786	0	0	0	0.746858	
0.999387	0.000326754	0	5.36061e-05	0.891399	0	0	0	0.734878	
0.999356	0.000357748	0	5.86904e-05	0.886047	0	0	0	0.723093	
0.999326	0.000389782	0	6.39453e-05	0.880728	0	0	0	0.7115	
0.999296	0.000422819	0	6.93648e-05	0.875443	0	0	0	0.700095	
0.999265	0.000456823	0	7.49429e-05	0.870192	0	0	0	0.688875	
0.999235	0.000491761	0	8.06741e-05	0.864974	0	0	0	0.677837	
0.999205	0.000527598	0	8.65528e-05	0.859789	0	0	0	0.666979	
0.999175	0.000564303	0	9.25739e-05	0.854637	0	0	0	0.656296	
0.999146	0.000601845	0	9.87323e-05	0.849518	0	0	0	0.645787	
0.999116	0.000640194	0	0.000105023	0.84443	0	0	0	0.635449	
0.999086	0.000679321	0	0.000111441	0.839375	0	0	0	0.625278	
0.999057	0.000719199	0	0.000117983	0.834351	0	0	0	0.615273	
0.999027	0.0007598	0	0.000124643	0.829359	0	0	0	0.605429	
0.998998	0.000801098	0	0.000131418	0.824398	0	0	0	0.595745	
0.998969	0.000843069	0	0.000138302	0.819469	0	0	0	0.586219	
0.99894	0.000885687	0	0.000145293	0.81457	0	0	0	0.576846	
0.998911	0.000928929	0	0.000152387	0.809702	0	0	0	0.567626	
0.998882	0.000972771	0	0.000159578	0.804864	0	0	0	0.558555	
0.998853	0.00101719	0	0.000166865	0.800057	0	0	0	0.549631	
0.998825	0.00106217	0	0.000174243	0.795279	0	0	0	0.540851	
0.998796	0.00110768	0	0.000181709	0.790532	0	0	0	0.532214	
0.998768	0.00115371	0	0.000189259	0.785813	0	0	0	0.523716	
0.998739	0.00120024	0	0.000196891	0.781125	0	0	0	0.515357	
0.998711	0.00124724	0	0.000204601	0.776465	0	0	0	0.507132	
0.998683	0.00129469	0	0.000212385	0.771834	0	0	0	0.499041	
0.998654	0.00134259	0	0.000220242	0.767232	0	0	0	0.49108	
0.998626	0.00139091	0	0.000228168	0.762659	0	0	0	0.483249	
0.998598	0.00143963	0	0.00023616	0.758114	0	0	0	0.475544	
0.99857	0.00148874	0	0.000244216	0.753597	0	0	0	0.467964	
0.998542	0.00153822	0	0.000252333	0.749108	0	0	0	0.460506	
0.998515	0.00158806	0	0.000260507	0.744646	0	0	0	0.453169	
0.998487	0.00163823	0	0.000268738	0.740213	0	0	0	0.445951	
0.998459	0.00168874	0	0.000277022	0.735806	0	0	0	0.438849	
0.998431	0.00173955	0	0.000285357	0.731427	0	0	0	0.431862	
0.998404	0.00179066	0	0.000293741	0.727075	0	0	0	0.424989	
0.998376	0.00184205	0	0.000302171	0.72275	0	0	0	0.418226	
0.998349	0.00189371	0	0.000310645	0.718451	0	0	0	0.411572	
0.998322	0.00194562	0	0.000319161	0.714178	0	0	0	0.405026	
0.998294	0.00199778	0	0.000327717	0.709932	0	0	0	0.398586	
0.998267	0.00205017	0	0.000336311	0.705712	0	0	0	0.39225	
0.99824	0.00210278	0	0.00034494	0.701518	0	0	0	0.386016	
0.998213	0.0021556	0	0.000353604	0.69735	0	0	0	0.379883	
0.998186	0.00220861	0	0.0003623	0.693207	0	0	0	0.373848	
0.998159	0.00226181	0	0.000371026	0.68909	0	0	0	0.367912	
0.998132	0.00231518	0	0.000379781	0.684998	0	0	0	0.362071	
0.998105	0.00236871	0	0.000388562	0.680931	0	0	0	0.356324	
0.998078	0.0024224	0	0.000397368	0.676888	0	0	0	0.35067	
0.998051	0.00247623	0	0.000406198	0.672871	0	0	0	0.345107	
0.998024	0.00253019	0	0.000415049	0.668878	0	0	0	0.339634	
0.997998	0.00258427	0	0.000423921	0.664909	0	0	0	0.334249	
0.997971	0.00263847	0	0.000432812	0.660965	0	0	0	0.328951	
0.997944	0.00269278	0	0.00044172	0.657044	0	0	0	0.323739	
0.997918	0.00274718	0	0.000450643	0.653148	0	0	0	0.31861	
0.997891	0.00280167	0	0.000459581	0.649275	0	0	0	0.313564	
0.997865	0.00285624	0	0.000468532	0.645426	0	0	0	0.3086	
0.997838	0.00291088	0	0.000477495	0.641601	0	0	0	0.303715	
0.997812	0.00296558	0	0.000486468	0.637798	0	0	0	0.29891	
0.997785	0.00302034	0	0.000495451	0.634019	0	0	0	0.294181	
0.997759	0.00307515	0	0.000504441	0.630263	0	0	0	0.289529	
0.997733	0.00313	0	0.000513438	0.626529	0	0	0	0.284952	
0.997707	0.00318488	0	0.000522441	0.622818	0	0	0	0.280448	
0.99768	0.00323979	0	0.000531448	0.61913	0	0	0	0.276017	
0.997654	0.00329472	0	0.000540458	0.615464	0	0	0	0.271657	
0.997628	0.00334966	0	0.000549471	0.611821	0	0	0	0.267368	
0.997602	0.00340461	0	0.000558484	0.608199	0	0	0	0.263147	
0.997576	0.00345956	0	0.000567498	0.604599	0	0	0	0.258995	
0.99755	0.00351451	0	0.000576511	0.601022	0	0	0	0.254909	
0.997524	0.00356945	0	0.000585522	0.597465	0	0	0	0.250889	
0.997498	0.00362436	0	0.000594531	0.593931	0	0	0	0.246933	
0.997472	0.00367926	0	0.000603536	0.590418	0	0	0	0.243041	
0.997446	0.00373413	0	0.000612536	0.586926	0	0	0	0.239212	
0.99742	0.00378897	0	0.000621531	0.583455	0	0	0	0.235444	
0.997395	0.00384376	0	0.000630519	0.580005	0	0	0	0.231737	
0.997369	0.00389852	0	0.000639501	0.576576	0	0	0	0.228089	
0.997343	0.00395322	0	0.000648474	0.573167	0	0	0	0.2245	
0.997317	0.00400788	0	0.000657439	0.56978	0	0	0	0.220969	
0.997292	0.00406247	0	0.000666395	0.566412	0	0	0	0.217495	
0.997266	0.00411701	0	0.00067534	0.563065	0	0	0	0.214076	
0.99724	0.00417147	0	0.000684274	0.559738	0	0	0	0.210712	
0.997215	0.00422587	0	0.000693197	0.556431	0	0	0	0.207402	
0.997189	0.00428019	0	0.000702108	0.553144	0	0	0	0.204145	
0.997164	0.00433443	0	0.000711005	0.549877	0	0	0	0.200941	
0.997138	0.00438859	0	0.000719889	0.54663	0	0	0	0.197787	
0.997113	0.00444267	0	0.000728759	0.543402	0	0	0	0.194685	
0.997087	0.00449665	0	0.000737614	0.540194	0	0	0	0.191632	
0.997062	0.00455054	0	0.000746454	0.537004	0	0	0	0.188628	
0.997036	0.00460433	0	0.000755277	0.533834	0	0	0	0.185673	
0.997011	0.00465802	0	0.000764085	0.530683	0	0	0	0.182765	
0.996986	0.00471161	0	0.000772875	0.527551	0	0	0	0.179903	
0.99696	0.00476509	0	0.000781647	0.524438	0	0	0	0.177087	
0.996935	0.00481846	0	0.000790401	0.521344	0	0	0	0.174317	
0.99691	0.00487172	0	0.000799137	0.518268	0	0	0	0.17159	
0.996884	0.00492486	0	0.000807854	0.51521	0	0	0	0.168908	
0.996859	0.00497788	0	0.000816551	0.512171	0	0	0	0.166268	
0.996834	0.00503078	0	0.000825228	0.50915	0	0	0	0.163671	
0.996809	0.00508355	0	0.000833885	0.506147	0	0	0	0.161115	
0.996783	0.0051362	0	0.000842521	0.503162	0	0	0	0.1586	
0.996758	0.00518872	0	0.000851135	0.500195	0	0	0	0.156126	
0.996733	0.0052411	0	0.000859728	0.497246	0	0	0	0.153691	
0.996708	0.00529335	0	0.000868299	0.494315	0	0	0	0.151295	
0.996683	0.00534547	0	0.000876848	0.491401	0	0	0	0.148937	
0.996658	0.00539744	0	0.000885373	0.488504	0	0	0	0.146617	
0.996633	0.00544928	0	0.000893876	0.485625	0	0	0	0.144334	
0.996608	0.00550097	0	0.000902355	0.482763	0	0	0	0.142088	
0.996583	0.00555251	0	0.00091081	0.479918	0	0	0	0.139877	
0.996558	0.00560391	0	0.000919241	0.477091	0	0	0	0.137702	
0.996533	0.00565516	0	0.000927647	0.47428	0	0	0	0.135562	
0.996508	0.00570626	0	0.000936029	0.471486	0	0	0	0.133456	
0.996483	0.0057572	0	0.000944386	0.468708	0	0	0	0.131383	
0.996458	0.005808	0	0.000952717	0.465947	0	0	0	0.129344	
0.996433	0.00585863	0	0.000961023	0.463203	0	0	0	0.127337	
0.996408	0.00590911	0	0.000969303	0.460475	0	0	0	0.125362	
0.996383	0.00595943	0	0.000977557	0.457763	0	0	0	0.123419	
0.996358	0.00600959	0	0.000985785	0.455068	0	0	0	0.121506	
0.996333	0.00605958	0	0.000993986	0.452388	0	0	0	0.119624	
0.996309	0.00610942	0	0.00100216	0.449725	0	0	0	0.117773	
0.996284	0.00615909	0	0.00101031	0.447078	0	0	0	0.11595	
0.996259	0.00620859	0	0.00101843	0.444446	0	0	0	0.114157	
0.996234	0.00625792	0	0.00102652	0.44183	0	0	0	0.112392	
0.996209	0.00630709	0	0.00103458	0.439229	0	0	0	0.110656	
0.996185	0.00635609	0	0.00104262	0.436644	0	0	0	0.108947	
0.99616	0.00640491	0	0.00105063	0.434075	0	0	0	0.107265	
0.996135	0.00645357	0	0.00105861	0.43152	0	0	0	0.105611	
0.99611	0.00650205	0	0.00106656	0.428981	0	0	0	0.103982	
0.996086	0.00655036	0	0.00107449	0.426457	0	0	0	0.10238	
0.996061	0.0065985	0	0.00108238	0.423948	0	0	0	0.100803	
0.996036	0.00664646	0	0.00109025	0.421454	0	0	0	0.0992506	
0.996012	0.00669424	0	0.00109809	0.418975	0	0	0	0.0977233	
0.995987	0.00674185	0	0.0011059	0.416511	0	0	0	0.0962203	
0.995962	0.00678928	0	0.00111368	0.414061	0	0	0	0.0947413	
0.995938	0.00683653	0	0.00112143	0.411626	0	0	0	0.0932857	
0.995913	0.0068836	0	0.00112915	0.409205	0	0	0	0.0918533	
0.995888	0.00693049	0	0.00113684	0.406799	0	0	0	0.0904437	
0.995864	0.00697721	0	0.0011445	0.404407	0	0	0	0.0890564	
0.995839	0.00702374	0	0.00115214	0.402029	0	0	0	0.0876912	
0.995815	0.00707009	0	0.00115974	0.399666	0	0	0	0.0863477	
0.99579	0.00711625	0	0.00116731	0.397316	0	0	0	0.0850255	
0.995766	0.00716224	0	0.00117486	0.39498	0	0	0	0.0837243	
0.995741	0.00720804	0	0.00118237	0.392659	0	0	0	0.0824437	
0.995716	0.00725366	0	0.00118985	0.390351	0	0	0	0.0811835	
0.995692	0.0072991	0	0.00119731	0.388056	0	0	0	0.0799432	
0.995667	0.00734435	0	0.00120473	0.385776	0	0	0	0.0787227	
0.995643	0.00738942	0	0.00121212	0.383508	0	0	0	0.0775214	
0.995618	0.0074343	0	0.00121948	0.381255	0	0	0	0.0763393	
0.995594	0.007479	0	0.00122682	0.379014	0	0	0	0.0751758	
0.99557	0.00752351	0	0.00123412	0.376787	0	0	0	0.0740308	
0.995545	0.00756784	0	0.00124139	0.374573	0	0	0	0.0729039	
0.995521	0.00761198	0	0.00124863	0.372373	0	0	0	0.0717949	
0.995496	0.00765594	0	0.00125584	0.370185	0	0	0	0.0707034	
0.995472	0.00769971	0	0.00126302	0.36801	0	0	0	0.0696292	
0.995447	0.0077433	0	0.00127017	0.365849	0	0	0	0.068572	
0.995423	0.0077867	0	0.00127729	0.3637	0	0	0	0.0675316	
0.995398	0.00782991	0	0.00128437	0.361563	0	0	0	0.0665076	
0.995374	0.00787293	0	0.00129143	0.35944	0	0	0	0.0654997	
0.99535	0.00791577	0	0.00129846	0.357329	0	0	0	0.0645078	
0.995325	0.00795843	0	0.00130546	0.35523	0	0	0	0.0635316	
0.995301	0.0080009	0	0.00131242	0.353144	0	0	0	0.0625708	
0.995277	0.00804318	0	0.00131936	0.35107	0	0	0	0.0616252	
0.995252	0.00808527	0	0.00132626	0.349009	0	0	0	0.0606945	
0.995228	0.00812718	0	0.00133314	0.34696	0	0	0	0.0597785	
0.995204	0.0081689	0	0.00133998	0.344923	0	0	0	0.058877	
0.995179	0.00821044	0	0.00134679	0.342898	0	0	0	0.0579897	
0.995155	0.00825179	0	0.00135358	0.340885	0	0	0	0.0571164	
0.995131	0.00829295	0	0.00136033	0.338883	0	0	0	0.0562568	
0.995106	0.00833393	0	0.00136705	0.336894	0	0	0	0.0554108	
0.995082	0.00837473	0	0.00137374	0.334916	0	0	0	0.0545782	
0.995058	0.00841533	0	0.0013804	0.332951	0	0	0	0.0537586	
0.995033	0.00845576	0	0.00138703	0.330996	0	0	0	0.052952	
0.995009	0.00849599	0	0.00139363	0.329054	0	0	0	0.0521581	
0.994985	0.00853605	0	0.0014002	0.327122	0	0	0	0.0513766	
0.994961	0.00857592	0	0.00140674	0.325203	0	0	0	0.0506075	
0.994936	0.0086156	0	0.00141325	0.323294	0	0	0	0.0498504	
0.994912	0.0086551	0	0.00141973	0.321397	0	0	0	0.0491053	
0.994888	0.00869442	0	0.00142618	0.319511	0	0	0	0.0483719	
0.994864	0.00873355	0	0.0014326	0.317636	0	0	0	0.04765	
0.994839	0.0087725	0	0.00143899	0.315773	0	0	0	0.0469395	
0.994815	0.00881127	0	0.00144535	0.31392	0	0	0	0.0462401	
0.994791	0.00884985	0	0.00145168	0.312078	0	0	0	0.0455517	
0.994767	0.00888825	0	0.00145798	0.310247	0	0	0	0.0448741	
0.994743	0.00892647	0	0.00146425	0.308427	0	0	0	0.0442071	
0.994718	0.00896451	0	0.00147049	0.306618	0	0	0	0.0435506	
0.994694	0.00900237	0	0.0014767	0.304819	0	0	0	0.0429044	
0.99467	0.00904004	0	0.00148288	0.303031	0	0	0	0.0422684	
0.994646	0.00907754	0	0.00148903	0.301254	0	0	0	0.0416423	
0.994622	0.00911486	0	0.00149515	0.299487	0	0	0	0.041026	
0.994598	0.00915199	0	0.00150124	0.29773	0	0	0	0.0404194	
0.994573	0.00918895	0	0.0015073	0.295984	0	0	0	0.0398222	
0.994549	0.00922573	0	0.00151333	0.294248	0	0	0	0.0392344	
0.994525	0.00926233	0	0.00151934	0.292523	0	0	0	0.0386558	
0.994501	0.00929875	0	0.00152531	0.290807	0	0	0	0.0380863	
0.994477	0.00933499	0	0.00153126	0.289102	0	0	0	0.0375256	
0.994453	0.00937106	0	0.00153717	0.287407	0	0	0	0.0369738	
0.994429	0.00940695	0	0.00154306	0.285721	0	0	0	0.0364305	
0.994404	0.00944266	0	0.00154892	0.284046	0	0	0	0.0358958	
0.99438	0.0094782	0	0.00155475	0.28238	0	0	0	0.0353693	
0.994356	0.00951357	0	0.00156055	0.280725	0	0	0	0.0348511	
0.994332	0.00954875	0	0.00156632	0.279079	0	0	0	0.034341	
0.994308	0.00958377	0	0.00157206	0.277443	0	0	0	0.0338389	
0.994284	0.00961861	0	0.00157778	0.275816	0	0	0	0.0333445	
0.99426	0.00965327	0	0.00158346	0.274199	0	0	0	0.0328579	
0.994236	0.00968777	0	0.00158912	0.272592	0	0	0	0.0323789	
0.994212	0.00972209	0	0.00159475	0.270994	0	0	0	0.0319073	
0.994188	0.00975624	0	0.00160035	0.269406	0	0	0	0.0314431	
0.994163	0.00979022	0	0.00160593	0.267826	0	0	0	0.030986	
0.994139	0.00982403	0	0.00161147	0.266257	0	0	0	0.0305361	
0.994115	0.00985767	0	0.00161699	0.264696	0	0	0	0.0300932	
0.994091	0.00989113	0	0.00162248	0.263145	0	0	0	0.0296572	
0.994067	0.00992443	0	0.00162794	0.261602	0	0	0	0.029228	
0.994043	0.00995756	0	0.00163338	0.260069	0	0	0	0.0288054	
0.994019	0.00999053	0	0.00163878	0.258545	0	0	0	0.0283894	
0.993995	0.0100233	0	0.00164416	0.25703	0	0	0	0.0279798	
0.993971	0.010056	0	0.00164952	0.255524	0	0	0	0.0275766	
0.993947	0.0100884	0	0.00165484	0.254026	0	0	0	0.0271796	
0.993923	0.0101207	0	0.00166014	0.252538	0	0	0	0.0267888	
0.993899	0.0101528	0	0.00166541	0.251058	0	0	0	0.0264041	
0.993875	0.0101848	0	0.00167065	0.249587	0	0	0	0.0260253	
0.993851	0.0102166	0	0.00167587	0.248124	0	0	0	0.0256524	
0.993827	0.0102483	0	0.00168106	0.246671	0	0	0	0.0252852	
0.993803	0.0102797	0	0.00168622	0.245225	0	0	0	0.0249237	
0.993779	0.010311	0	0.00169136	0.243789	0	0	0	0.0245679	
0.993755	0.0103422	0	0.00169647	0.24236	0	0	0	0.0242175	
0.993731	0.0103732	0	0.00170155	0.24094	0	0	0	0.0238725	
0.993707	0.010404	0	0.00170661	0.239529	0	0	0	0.0235329	
0.993683	0.0104347	0	0.00171164	0.238126	0	0	0	0.0231984	
0.993659	0.0104652	0	0.00171665	0.236731	0	0	0	0.0228692	
0.993635	0.0104956	0	0.00172162	0.235344	0	0	0	0.022545	
0.993611	0.0105257	0	0.00172658	0.233965	0	0	0	0.0222259	
0.993587	0.0105558	0	0.0017315	0.232595	0	0	0	0.0219116	
0.993563	0.0105857	0	0.00173641	0.231232	0	0	0	0.0216022	
0.993539	0.0106154	0	0.00174128	0.229878	0	0	0	0.0212975	
0.993515	0.010645	0	0.00174613	0.228532	0	0	0	0.0209976	
0.993491	0.0106744	0	0.00175096	0.227193	0	0	0	0.0207022	
0.993467	0.0107036	0	0.00175576	0.225862	0	0	0	0.0204114	
0.993443	0.0107327	0	0.00176053	0.22454	0	0	0	0.0201251	
0.993419	0.0107617	0	0.00176528	0.223225	0	0	0	0.0198431	
0.993395	0.0107905	0	0.00177	0.221917	0	0	0	0.0195655	
0.993371	0.0108191	0	0.0017747	0.220618	0	0	0	0.0192921	
0.993347	0.0108476	0	0.00177938	0.219326	0	0	0	0.019023	
0.993323	0.010876	0	0.00178403	0.218041	0	0	0	0.0187579	
0.993299	0.0109042	0	0.00178865	0.216764	0	0	0	0.0184969	
0.993276	0.0109322	0	0.00179325	0.215495	0	0	0	0.01824	
0.993252	0.0109601	0	0.00179783	0.214233	0	0	0	0.0179869	
0.993228	0.0109879	0	0.00180238	0.212979	0	0	0	0.0177377	
0.993204	0.0110155	0	0.00180691	0.211732	0	0	0	0.0174923	
0.99318	0.0110429	0	0.00181141	0.210492	0	0	0	0.0172507	
0.993156	0.0110702	0	0.00181589	0.209259	0	0	0	0.0170128	
0.993132	0.0110974	0	0.00182034	0.208034	0	0	0	0.0167785	
0.993108	0.0111244	0	0.00182477	0.206816	0	0	0	0.0165477	
0.993084	0.0111513	0	0.00182918	0.205605	0	0	0	0.0163205	
0.99306	0.011178	0	0.00183357	0.204402	0	0	0	0.0160968	
0.993036	0.0112046	0	0.00183793	0.203205	0	0	0	0.0158764	
0.993012	0.011231	0	0.00184226	0.202015	0	0	0	0.0156594	
0.992989	0.0112573	0	0.00184658	0.200833	0	0	0	0.0154457	
0.992965	0.0112835	0	0.00185087	0.199657	0	0	0	0.0152353	
0.992941	0.0113095	0	0.00185514	0.198488	0	0	0	0.015028	
0.992917	0.0113354	0	0.00185938	0.197326	0	0	0	0.0148239	
0.992893	0.0113611	0	0.0018636	0.196171	0	0	0	0.0146229	
0.992869	0.0113867	0	0.0018678	0.195023	0	0	0	0.014425	
0.992845	0.0114122	0	0.00187198	0.193881	0	0	0	0.0142301	
0.992821	0.0114375	0	0.00187613	0.192746	0	0	0	0.0140381	
0.992797	0.0114627	0	0.00188026	0.191618	0	0	0	0.013849	
0.992774	0.0114877	0	0.00188437	0.190497	0	0	0	0.0136627	
0.99275	0.0115126	0	0.00188846	0.189382	0	0	0	0.0134793	
0.992726	0.0115374	0	0.00189252	0.188273	0	0	0	0.0132987	
0.992702	0.0115621	0	0.00189657	0.187171	0	0	0	0.0131208	
0.992678	0.0115866	0	0.00190059	0.186076	0	0	0	0.0129456	
0.992654	0.011611	0	0.00190458	0.184987	0	0	0	0.012773	
0.99263	0.0116352	0	0.00190856	0.183904	0	0	0	0.012603	
0.992606	0.0116593	0	0.00191252	0.182828	0	0	0	0.0124356	
0.992583	0.0116833	0	0.00191645	0.181758	0	0	0	0.0122707	
0.992559	0.0117071	0	0.00192036	0.180694	0	0	0	0.0121083	
0.992535	0.0117309	0	0.00192425	0.179637	0	0	0	0.0119483	
0.992511	0.0117544	0	0.00192812	0.178585	0	0	0	0.0117907	
0.992487	0.0117779	0	0.00193197	0.17754	0	0	0	0.0116355	
0.992463	0.0118012	0	0.0019358	0.176501	0	0	0	0.0114827	
0.99244	0.0118244	0	0.0019396	0.175468	0	0	0	0.0113321	
0.992416	0.0118475	0	0.00194339	0.174442	0	0	0	0.0111838	
0.992392	0.0118705	0	0.00194715	0.173421	0	0	0	0.0110377	
0.992368	0.0118933	0	0.0019509	0.172406	0	0	0	0.0108938	
0.992344	0.011916	0	0.00195462	0.171397	0	0	0	0.010752	
0.99232	0.0119386	0	0.00195832	0.170394	0	0	0	0.0106124	
0.992296	0.011961	0	0.001962	0.169397	0	0	0	0.0104748	
0.992273	0.0119833	0	0.00196567	0.168406	0	0	0	0.0103393	
0.992249	0.0120055	0	0.00196931	0.167421	0	0	0	0.0102059	
0.992225	0.0120276	0	0.00197293	0.166441	0	0	0	0.0100744	
0.992201	0.0120496	0	0.00197653	0.165468	0	0	0	0.00994484	
0.992177	0.0120714	0	0.00198011	0.1645	0	0	0	0.00981724	
0.992154	0.0120931	0	0.00198367	0.163537	0	0	0	0.00969154	
0.99213	0.0121147	0	0.00198722	0.16258	0	0	0	0.00956771	
0.992106	0.0121362	0	0.00199074	0.161629	0	0	0	0.00944571	
0.992082	0.0121575	0	0.00199424	0.160684	0	0	0	0.00932553	
0.992058	0.0121788	0	0.00199773	0.159744	0	0	0	0.00920713	
0.992034	0.0121999	0	0.00200119	0.158809	0	0	0	0.00909049	
0.992011	0.0122209	0	0.00200463	0.15788	0	0	0	0.00897557	
0.991987	0.0122418	0	0.00200806	0.156957	0	0	0	0.00886235	
0.991963	0.0122626	0	0.00201147	0.156038	0	0	0	0.00875081	
0.991939	0.0122832	0	0.00201486	0.155126	0	0	0	0.00864092	
0.991915	0.0123037	0	0.00201822	0.154218	0	0	0	0.00853265	
0.991892	0.0123242	0	0.00202157	0.153316	0	0	0	0.00842597	
0.991868	0.0123445	0	0.00202491	0.152419	0	0	0	0.00832087	
0.991844	0.0123647	0	0.00202822	0.151528	0	0	0	0.00821732	
0.99182	0.0123848	0	0.00203151	0.150641	0	0	0	0.00811529	
0.991797	0.0124047	0	0.00203479	0.14976	0	0	0	0.00801476	
0.991773	0.0124246	0	0.00203805	0.148884	0	0	0	0.00791571	
0.991749	0.0124444	0	0.00204129	0.148013	0	0	0	0.00781812	
0.991725	0.012464	0	0.00204451	0.147148	0	0	0	0.00772195	
0.991701	0.0124835	0	0.00204771	0.146287	0	0	0	0.0076272	
0.991678	0.0125029	0	0.0020509	0.145431	0	0	0	0.00753383	
0.991654	0.0125223	0	0.00205407	0.144581	0	0	0	0.00744183	
0.99163	0.0125415	0	0.00205722	0.143735	0	0	0	0.00735118	
0.991606	0.0125606	0	0.00206035	0.142895	0	0	0	0.00726185	
0.991582	0.0125795	0	0.00206346	0.142059	0	0	0	0.00717382	
0.991559	0.0125984	0	0.00206656	0.141228	0	0	0	0.00708708	
0.991535	0.0126172	0	0.00206964	0.140402	0	0	0	0.0070016	
0.991511	0.0126359	0	0.0020727	0.139581	0	0	0	0.00691736	
0.991487	0.0126544	0	0.00207575	0.138765	0	0	0	0.00683436	
0.991464	0.0126729	0	0.00207878	0.137953	0	0	0	0.00675255	
0.99144	0.0126913	0	0.00208179	0.137147	0	0	0	0.00667194	
0.991416	0.0127095	0	0.00208478	0.136345	0	0	0	0.00659249	
0.991392	0.0127277	0	0.00208776	0.135547	0	0	0	0.0065142	
0.991369	0.0127457	0	0.00209072	0.134755	0	0	0	0.00643704	
0.991345	0.0127637	0	0.00209367	0.133967	0	0	0	0.006361	
0.991321	0.0127815	0	0.00209659	0.133183	0	0	0	0.00628605	
0.991297	0.0127993	0	0.0020995	0.132404	0	0	0	0.00621219	
0.991274	0.0128169	0	0.0021024	0.13163	0	0	0	0.0061394	
0.99125	0.0128344	0	0.00210528	0.130861	0	0	0	0.00606765	
0.991226	0.0128519	0	0.00210814	0.130095	0	0	0	0.00599694	
0.991202	0.0128692	0	0.00211098	0.129335	0	0	0	0.00592724	
0.991179	0.0128865	0	0.00211381	0.128579	0	0	0	0.00585855	
0.991155	0.0129036	0	0.00211663	0.127827	0	0	0	0.00579084	
0.991131	0.0129207	0	0.00211942	0.127079	0	0	0	0.0057241	
0.991107	0.0129377	0	0.00212221	0.126336	0	0	0	0.00565832	
0.991084	0.0129545	0	0.00212497	0.125598	0	0	0	0.00559349	
0.99106	0.0129713	0	0.00212772	0.124863	0	0	0	0.00552958	
0.991036	0.012988	0	0.00213046	0.124133	0	0	0	0.00546658	
0.991012	0.0130045	0	0.00213317	0.123408	0	0	0	0.00540448	
0.990989	0.013021	0	0.00213588	0.122686	0	0	0	0.00534327	
0.990965	0.0130374	0	0.00213857	0.121969	0	0	0	0.00528293	
0.990941	0.0130537	0	0.00214124	0.121256	0	0	0	0.00522345	
0.990917	0.0130699	0	0.0021439	0.120547	0	0	0	0.00516481	
0.990894	0.013086	0	0.00214654	0.119842	0	0	0	0.00510701	
0.99087	0.013102	0	0.00214917	0.119141	0	0	0	0.00505003	
0.990846	0.013118	0	0.00215178	0.118445	0	0	0	0.00499385	
0.990823	0.0131338	0	0.00215438	0.117753	0	0	0	0.00493847	
0.990799	0.0131496	0	0.00215696	0.117064	0	0	0	0.00488387	
0.990775	0.0131652	0	0.00215953	0.11638	0	0	0	0.00483005	
0.990751	0.0131808	0	0.00216208	0.1157	0	0	0	0.00477698	
0.990728	0.0131963	0	0.00216462	0.115023	0	0	0	0.00472467	
0.990704	0.0132116	0	0.00216715	0.114351	0	0	0	0.00467309	
0.99068	0.013227	0	0.00216966	0.113682	0	0	0	0.00462223	
0.990657	0.0132422	0	0.00217215	0.113018	0	0	0	0.00457209	
0.990633	0.0132573	0	0.00217464	0.112357	0	0	0	0.00452265	
0.990609	0.0132723	0	0.0021771	0.1117	0	0	0	0.00447391	
0.990585	0.0132873	0	0.00217956	0.111048	0	0	0	0.00442585	
0.990562	0.0133022	0	0.002182	0.110398	0	0	0	0.00437846	
0.990538	0.013317	0	0.00218442	0.109753	0	0	0	0.00433174	
0.990514	0.0133317	0	0.00218683	0.109112	0	0	0	0.00428566	
0.990491	0.0133463	0	0.00218923	0.108474	0	0	0	0.00424023	
0.990467	0.0133608	0	0.00219161	0.10784	0	0	0	0.00419543	
0.990443	0.0133753	0	0.00219398	0.10721	0	0	0	0.00415126	
0.99042	0.0133896	0	0.00219634	0.106583	0	0	0	0.00410769	
0.990396	0.0134039	0	0.00219868	0.10596	0	0	0	0.00406474	
0.990372	0.0134181	0	0.00220101	0.105341	0	0	0	0.00402237	
0.990348	0.0134322	0	0.00220333	0.104725	0	0	0	0.0039806	
0.990325	0.0134463	0	0.00220563	0.104113	0	0	0	0.0039394	
0.990301	0.0134602	0	0.00220792	0.103505	0	0	0	0.00389877	
0.990277	0.0134741	0	0.0022102	0.1029	0	0	0	0.0038587	
0.990254	0.0134879	0	0.00221246	0.102298	0	0	0	0.00381919	
0.99023	0.0135016	0	0.00221471	0.1017	0	0	0	0.00378022	
0.990206	0.0135153	0	0.00221695	0.101106	0	0	0	0.00374178	
0.990183	0.0135288	0	0.00221918	0.100515	0	0	0	0.00370387	
0.990159	0.0135423	0	0.00222139	0.0999278	0	0	0	0.00366648	
0.990135	0.0135557	0	0.00222359	0.0993438	0	0	0	0.0036296	
0.990112	0.0135691	0	0.00222578	0.0987633	0	0	0	0.00359323	
0.990088	0.0135823	0	0.00222795	0.0981861	0	0	0	0.00355736	
0.990064	0.0135955	0	0.00223011	0.0976124	0	0	0	0.00352197	
0.99004	0.0136086	0	0.00223226	0.0970419	0	0	0	0.00348707	
0.990017	0.0136216	0	0.0022344	0.0964749	0	0	0	0.00345264	
0.989993	0.0136346	0	0.00223652	0.0959111	0	0	0	0.00341868	
0.989969	0.0136475	0	0.00223863	0.0953507	0	0	0	0.00338518	
0.989946	0.0136603	0	0.00224073	0.0947935	0	0	0	0.00335213	
0.989922	0.013673	0	0.00224282	0.0942396	0	0	0	0.00331953	
0.989898	0.0136856	0	0.0022449	0.0936889	0	0	0	0.00328737	
0.989875	0.0136982	0	0.00224696	0.0931415	0	0	0	0.00325565	
0.989851	0.0137107	0	0.00224901	0.0925973	0	0	0	0.00322435	
0.989827	0.0137232	0	0.00225105	0.0920562	0	0	0	0.00319348	
0.989804	0.0137355	0	0.00225308	0.0915183	0	0	0	0.00316302	
0.98978	0.0137478	0	0.0022551	0.0909836	0	0	0	0.00313297	
0.989756	0.01376	0	0.0022571	0.090452	0	0	0	0.00310332	
0.989733	0.0137722	0	0.00225909	0.0899235	0	0	0	0.00307407	
0.989709	0.0137843	0	0.00226108	0.0893981	0	0	0	0.00304522	
0.989685	0.0137963	0	0.00226305	0.0888758	0	0	0	0.00301674	
0.989662	0.0138082	0	0.002265	0.0883565	0	0	0	0.00298865	
0.989638	0.0138201	0	0.00226695	0.0878403	0	0	0	0.00296093	
0.989614	0.0138319	0	0.00226889	0.0873271	0	0	0	0.00293358	
0.989591	0.0138436	0	0.00227081	0.0868169	0	0	0	0.0029066	
0.989567	0.0138553	0	0.00227273	0.0863097	0	0	0	0.00287997	
0.989543	0.0138669	0	0.00227463	0.0858054	0	0	0	0.00285369	
0.98952	0.0138784	0	0.00227652	0.0853041	0	0	0	0.00282777	
0.989496	0.0138899	0	0.0022784	0.0848058	0	0	0	0.00280218	
0.989473	0.0139013	0	0.00228027	0.0843103	0	0	0	0.00277693	
0.989449	0.0139126	0	0.00228213	0.0838178	0	0	0	0.00275202	
0.989425	0.0139239	0	0.00228398	0.0833281	0	0	0	0.00272743	
0.989402	0.0139351	0	0.00228582	0.0828413	0	0	0	0.00270317	
0.989378	0.0139462	0	0.00228764	0.0823574	0	0	0	0.00267922	
0.989354	0.0139573	0	0.00228946	0.0818763	0	0	0	0.00265559	
0.989331	0.0139683	0	0.00229126	0.081398	0	0	0	0.00263227	
0.989307	0.0139792	0	0.00229306	0.0809225	0	0	0	0.00260925	
0.989283	0.0139901	0	0.00229484	0.0804498	0	0	0	0.00258653	
0.98926	0.0140009	0	0.00229662	0.0799798	0	0	0	0.00256411	
0.989236	0.0140117	0	0.00229838	0.0795126	0	0	0	0.00254198	
0.989212	0.0140224	0	0.00230013	0.0790482	0	0	0	0.00252014	
0.989189	0.014033	0	0.00230188	0.0785864	0	0	0	0.00249858	
0.989165	0.0140436	0	0.00230361	0.0781274	0	0	0	0.0024773	
0.989141	0.0140541	0	0.00230533	0.077671	0	0	0	0.0024563	
0.989118	0.0140645	0	0.00230705	0.0772174	0	0	0	0.00243556	
0.989094	0.0140749	0	0.00230875	0.0767663	0	0	0	0.0024151	
0.989071	0.0140852	0	0.00231044	0.0763179	0	0	0	0.00239489	
0.989047	0.0140955	0	0.00231212	0.0758722	0	0	0	0.00237495	
0.989023	0.0141057	0	0.0023138	0.075429	0	0	0	0.00235526	
0.989	0.0141158	0	0.00231546	0.0749884	0	0	0	0.00233583	
0.988976	0.0141259	0	0.00231712	0.0745505	0	0	0	0.00231664	
0.988952	0.0141359	0	0.00231876	0.074115	0	0	0	0.0022977	
0.988929	0.0141459	0	0.00232039	0.0736822	0	0	0	0.002279	
0.988905	0.0141558	0	0.00232202	0.0732518	0	0	0	0.00226054	
0.988882	0.0141657	0	0.00232363	0.072824	0	0	0	0.00224232	
0.988858	0.0141754	0	0.00232524	0.0723987	0	0	0	0.00222432	
0.988834	0.0141852	0	0.00232684	0.0719758	0	0	0	0.00220656	
0.988811	0.0141949	0	0.00232842	0.0715555	0	0	0	0.00218902	
0.988787	0.0142045	0	0.00233	0.0711376	0	0	0	0.0021717	
0.988763	0.014214	0	0.00233157	0.0707221	0	0	0	0.0021546	
0.98874	0.0142235	0	0.00233313	0.0703091	0	0	0	0.00213771	
0.988716	0.014233	0	0.00233468	0.0698985	0	0	0	0.00212104	
0.988693	0.0142424	0	0.00233622	0.0694903	0	0	0	0.00210457	
0.988669	0.0142517	0	0.00233775	0.0690845	0	0	0	0.00208832	
0.988645	0.014261	0	0.00233928	0.0686811	0	0	0	0.00207227	
0.988622	0.0142703	0	0.00234079	0.06828	0	0	0	0.00205641	
0.988598	0.0142794	0	0.0023423	0.0678812	0	0	0	0.00204076	
0.988575	0.0142886	0	0.00234379	0.0674848	0	0	0	0.0020253	
0.988551	0.0142976	0	0.00234528	0.0670908	0	0	0	0.00201003	
0.988527	0.0143066	0	0.00234676	0.066699	0	0	0	0.00199496	
0.988504	0.0143156	0	0.00234823	0.0663095	0	0	0	0.00198007	
0.98848	0.0143245	0	0.00234969	0.0659223	0	0	0	0.00196536	
0.988456	0.0143334	0	0.00235115	0.0655374	0	0	0	0.00195084	
0.988433	0.0143422	0	0.00235259	0.0651547	0	0	0	0.0019365	
0.988409	0.0143509	0	0.00235403	0.0647742	0	0	0	0.00192233	
0.988386	0.0143596	0	0.00235545	0.064396	0	0	0	0.00190834	
0.988362	0.0143683	0	0.00235687	0.06402	0	0	0	0.00189452	
0.988338	0.0143769	0	0.00235829	0.0636462	0	0	0	0.00188087	
0.988315	0.0143854	0	0.00235969	0.0632746	0	0	0	0.00186739	
0.988291	0.014394	0	0.00236108	0.0629051	0	0	0	0.00185407	
0.988268	0.0144024	0	0.00236247	0.0625378	0	0	0	0.00184091	
0.988244	0.0144108	0	0.00236385	0.0621727	0	0	0	0.00182792	
0.98822	0.0144192	0	0.00236522	0.0618097	0	0	0	0.00181508	
0.988197	0.0144275	0	0.00236658	0.0614488	0	0	0	0.0018024	
0.988173	0.0144357	0	0.00236793	0.0610901	0	0	0	0.00178988	
0.98815	0.0144439	0	0.00236928	0.0607334	0	0	0	0.0017775	
0.988126	0.0144521	0	0.00237062	0.0603788	0	0	0	0.00176528	
0.988102	0.0144602	0	0.00237195	0.0600263	0	0	0	0.0017532	
0.988079	0.0144682	0	0.00237327	0.0596759	0	0	0	0.00174127	
0.988055	0.0144762	0	0.00237458	0.0593275	0	0	0	0.00172949	
0.988032	0.0144842	0	0.00237589	0.0589811	0	0	0	0.00171784	
0.988008	0.0144921	0	0.00237719	0.0586368	0	0	0	0.00170634	
0.987985	0.0145	0	0.00237848	0.0582945	0	0	0	0.00169497	
0.987961	0.0145078	0	0.00237976	0.0579541	0	0	0	0.00168374	
0.987937	0.0145156	0	0.00238104	0.0576158	0	0	0	0.00167265	
0.987914	0.0145233	0	0.00238231	0.0572795	0	0	0	0.00166168	
0.98789	0.014531	0	0.00238357	0.0569451	0	0	0	0.00165085	
0.987867	0.0145387	0	0.00238482	0.0566127	0	0	0	0.00164015	
0.987843	0.0145463	0	0.00238607	0.0562822	0	0	0	0.00162957	
0.987819	0.0145538	0	0.0023873	0.0559536	0	0	0	0.00161912	
0.987796	0.0145613	0	0.00238854	0.055627	0	0	0	0.00160879	
0.987772	0.0145688	0	0.00238976	0.0553023	0	0	0	0.00159859	
0.987749	0.0145762	0	0.00239098	0.0549795	0	0	0	0.0015885	
0.987725	0.0145836	0	0.00239219	0.0546586	0	0	0	0.00157854	
0.987702	0.0145909	0	0.00239339	0.0543395	0	0	0	0.00156869	
0.987678	0.0145982	0	0.00239458	0.0540224	0	0	0	0.00155896	
0.987654	0.0146054	0	0.00239577	0.053707	0	0	0	0.00154934	
0.987631	0.0146126	0	0.00239695	0.0533935	0	0	0	0.00153984	
0.987607	0.0146198	0	0.00239813	0.0530819	0	0	0	0.00153045	
0.987584	0.0146269	0	0.00239929	0.0527721	0	0	0	0.00152117	
0.98756	0.014634	0	0.00240045	0.0524641	0	0	0	0.00151199	
0.987537	0.014641	0	0.00240161	0.0521578	0	0	0	0.00150292	
0.987513	0.014648	0	0.00240275	0.0518534	0	0	0	0.00149396	
0.987489	0.0146549	0	0.00240389	0.0515508	0	0	0	0.00148511	
0.987466	0.0146619	0	0.00240503	0.0512499	0	0	0	0.00147635	
0.987442	0.0146687	0	0.00240615	0.0509508	0	0	0	0.0014677	
0.987419	0.0146755	0	0.00240727	0.0506534	0	0	0	0.00145915	
0.987395	0.0146823	0	0.00240838	0.0503578	0	0	0	0.0014507	
0.987372	0.0146891	0	0.00240949	0.0500639	0	0	0	0.00144234	
0.987348	0.0146958	0	0.00241059	0.0497718	0	0	0	0.00143408	
0.987324	0.0147024	0	0.00241168	0.0494813	0	0	0	0.00142592	
0.987301	0.0147091	0	0.00241277	0.0491925	0	0	0	0.00141785	
0.987277	0.0147156	0	0.00241385	0.0489054	0	0	0	0.00140987	
0.987254	0.0147222	0	0.00241492	0.04862	0	0	0	0.00140199	
0.98723	0.0147287	0	0.00241599	0.0483363	0	0	0	0.00139419	
0.987207	0.0147352	0	0.00241705	0.0480542	0	0	0	0.00138649	
0.987183	0.0147416	0	0.00241811	0.0477738	0	0	0	0.00137887	
0.987159	0.014748	0	0.00241915	0.047495	0	0	0	0.00137134	
0.987136	0.0147543	0	0.0024202	0.0472179	0	0	0	0.0013639	
0.987112	0.0147606	0	0.00242123	0.0469424	0	0	0	0.00135654	
0.987089	0.0147669	0	0.00242226	0.0466684	0	0	0	0.00134927	
0.987065	0.0147732	0	0.00242328	0.0463961	0	0	0	0.00134207	
0.987042	0.0147794	0	0.0024243	0.0461254	0	0	0	0.00133496	
0.987018	0.0147855	0	0.00242531	0.0458563	0	0	0	0.00132793	
0.986995	0.0147917	0	0.00242632	0.0455887	0	0	0	0.00132099	
0.986971	0.0147977	0	0.00242732	0.0453227	0	0	0	0.00131411	
0.986948	0.0148038	0	0.00242831	0.0450583	0	0	0	0.00130732	
0.986924	0.0148098	0	0.0024293	0.0447954	0	0	0	0.00130061	
0.9869	0.0148158	0	0.00243028	0.044534	0	0	0	0.00129397	
0.986877	0.0148218	0	0.00243125	0.0442742	0	0	0	0.0012874	
0.986853	0.0148277	0	0.00243222	0.0440158	0	0	0	0.00128091	
0.98683	0.0148335	0	0.00243319	0.043759	0	0	0	0.00127449	
0.986806	0.0148394	0	0.00243415	0.0435037	0	0	0	0.00126815	
0.986783	0.0148452	0	0.0024351	0.0432499	0	0	0	0.00126187	
0.986759	0.014851	0	0.00243604	0.0429976	0	0	0	0.00125567	
0.986736	0.0148567	0	0.00243699	0.0427468	0	0	0	0.00124954	
0.986712	0.0148624	0	0.00243792	0.0424974	0	0	0	0.00124347	
0.986689	0.0148681	0	0.00243885	0.0422495	0	0	0	0.00123747	
0.986665	0.0148737	0	0.00243977	0.042003	0	0	0	0.00123155	
0.986641	0.0148793	0	0.00244069	0.0417579	0	0	0	0.00122568	
0.986618	0.0148849	0	0.00244161	0.0415143	0	0	0	0.00121988	
0.986594	0.0148904	0	0.00244251	0.0412722	0	0	0	0.00121415	
0.986571	0.0148959	0	0.00244342	0.0410314	0	0	0	0.00120848	
0.986547	0.0149014	0	0.00244431	0.0407921	0	0	0	0.00120288	
0.986524	0.0149068	0	0.0024452	0.0405541	0	0	0	0.00119734	
0.9865	0.0149122	0	0.00244609	0.0403175	0	0	0	0.00119186	
0.986477	0.0149176	0	0.00244697	0.0400824	0	0	0	0.00118644	
0.986453	0.0149229	0	0.00244785	0.0398486	0	0	0	0.00118108	
0.98643	0.0149282	0	0.00244872	0.0396161	0	0	0	0.00117578	
0.986406	0.0149335	0	0.00244958	0.0393851	0	0	0	0.00117054	
0.986383	0.0149387	0	0.00245044	0.0391553	0	0	0	0.00116536	
0.986359	0.0149439	0	0.00245129	0.0389269	0	0	0	0.00116024	
0.986336	0.0149491	0	0.00245214	0.0386999	0	0	0	0.00115517	
0.986312	0.0149542	0	0.00245299	0.0384742	0	0	0	0.00115016	
0.986288	0.0149594	0	0.00245383	0.0382498	0	0	0	0.00114521	
0.986265	0.0149644	0	0.00245466	0.0380267	0	0	0	0.00114031	
0.986241	0.0149695	0	0.00245549	0.0378049	0	0	0	0.00113546	
0.986218	0.0149745	0	0.00245631	0.0375844	0	0	0	0.00113067	
0.986194	0.0149795	0	0.00245713	0.0373652	0	0	0	0.00112594	
0.986171	0.0149845	0	0.00245795	0.0371473	0	0	0	0.00112125	
0.986147	0.0149894	0	0.00245876	0.0369307	0	0	0	0.00111662	
0.986124	0.0149943	0	0.00245956	0.0367153	0	0	0	0.00111204	
0.9861	0.0149992	0	0.00246036	0.0365012	0	0	0	0.00110751	
0.986077	0.015004	0	0.00246115	0.0362883	0	0	0	0.00110303	
0.986053	0.0150088	0	0.00246194	0.0360767	0	0	0	0.00109861	
0.98603	0.0150136	0	0.00246273	0.0358663	0	0	0	0.00109423	
0.986006	0.0150184	0	0.00246351	0.0356572	0	0	0	0.0010899	
0.985983	0.0150231	0	0.00246428	0.0354493	0	0	0	0.00108562	
0.985959	0.0150278	0	0.00246505	0.0352425	0	0	0	0.00108138	
0.985936	0.0150325	0	0.00246582	0.035037	0	0	0	0.0010772	
0.985912	0.0150371	0	0.00246658	0.0348327	0	0	0	0.00107306	
0.985889	0.0150417	0	0.00246734	0.0346296	0	0	0	0.00106896	
0.985865	0.0150463	0	0.00246809	0.0344277	0	0	0	0.00106492	
0.985842	0.0150509	0	0.00246884	0.034227	0	0	0	0.00106092	
0.985818	0.0150554	0	0.00246958	0.0340274	0	0	0	0.00105696	
0.985795	0.0150599	0	0.00247032	0.033829	0	0	0	0.00105305	
0.985771	0.0150644	0	0.00247105	0.0336318	0	0	0	0.00104918	
0.985748	0.0150688	0	0.00247178	0.0334357	0	0	0	0.00104536	
0.985724	0.0150733	0	0.00247251	0.0332407	0	0	0	0.00104158	
0.985701	0.0150777	0	0.00247323	0.0330469	0	0	0	0.00103784	
0.985677	0.015082	0	0.00247395	0.0328543	0	0	0	0.00103415	
0.985654	0.0150864	0	0.00247466	0.0326627	0	0	0	0.00103049	
0.98563	0.0150907	0	0.00247537	0.0324723	0	0	0	0.00102688	
0.985607	0.015095	0	0.00247607	0.032283	0	0	0	0.00102331	
0.985583	0.0150992	0	0.00247677	0.0320948	0	0	0	0.00101978	
0.98556	0.0151035	0	0.00247747	0.0319077	0	0	0	0.00101629	
0.985536	0.0151077	0	0.00247816	0.0317217	0	0	0	0.00101284	
0.985513	0.0151119	0	0.00247884	0.0315368	0	0	0	0.00100943	
0.985489	0.015116	0	0.00247952	0.031353	0	0	0	0.00100606	
0.985466	0.0151202	0	0.0024802	0.0311702	0	0	0	0.00100273	
0.985442	0.0151243	0	0.00248088	0.0309885	0	0	0	0.00099944	
0.985419	0.0151284	0	0.00248155	0.0308079	0	0	0	0.000996186	
0.985395	0.0151324	0	0.00248221	0.0306283	0	0	0	0.00099297	
0.985372	0.0151365	0	0.00248287	0.0304498	0	0	0	0.000989791	
0.985348	0.0151405	0	0.00248353	0.0302723	0	0	0	0.00098665	
0.985325	0.0151444	0	0.00248419	0.0300958	0	0	0	0.000983545	
0.985301	0.0151484	0	0.00248484	0.0299204	0	0	0	0.000980477	
0.985278	0.0151523	0	0.00248548	0.029746	0	0	0	0.000977446	
0.985254	0.0151563	0	0.00248612	0.0295727	0	0	0	0.00097445	
0.985231	0.0151601	0	0.00248676	0.0294003	0	0	0	0.00097149	
0.985207	0.015164	0	0.0024874	0.029229	0	0	0	0.000968566	
0.985184	0.0151679	0	0.00248803	0.0290586	0	0	0	0.000965676	
0.98516	0.0151717	0	0.00248865	0.0288893	0	0	0	0.000962822	
0.985137	0.0151755	0	0.00248928	0.0287209	0	0	0	0.000960002	
0.985113	0.0151792	0	0.00248989	0.0285536	0	0	0	0.000957216	
0.98509	0.015183	0	0.00249051	0.0283872	0	0	0	0.000954465	
0.985066	0.0151867	0	0.00249112	0.0282217	0	0	0	0.000951747	
0.985043	0.0151904	0	0.00249173	0.0280573	0	0	0	0.000949063	
0.985019	0.0151941	0	0.00249233	0.0278938	0	0	0	0.000946412	
0.984996	0.0151978	0	0.00249293	0.0277313	0	0	0	0.000943794	
0.984972	0.0152014	0	0.00249353	0.0275697	0	0	0	0.000941209	
0.984949	0.015205	0	0.00249412	0.027409	0	0	0	0.000938656	
0.984925	0.0152086	0	0.00249471	0.0272493	0	0	0	0.000936136	
0.984902	0.0152122	0	0.00249529	0.0270905	0	0	0	0.000933648	
0.984878	0.0152157	0	0.00249588	0.0269327	0	0	0	0.000931192	
0.984855	0.0152192	0	0.00249645	0.0267758	0	0	0	0.000928768	
0.984831	0.0152227	0	0.00249703	0.0266198	0	0	0	0.000926375	
0.984808	0.0152262	0	0.0024976	0.0264647	0	0	0	0.000924013	
0.984784	0.0152297	0	0.00249817	0.0263105	0	0	0	0.000921683	
0.984761	0.0152331	0	0.00249873	0.0261572	0	0	0	0.000919383	
0.984738	0.0152365	0	0.00249929	0.0260048	0	0	0	0.000917115	
0.984714	0.0152399	0	0.00249985	0.0258534	0	0	0	0.000914877	
0.984691	0.0152433	0	0.0025004	0.0257027	0	0	0	0.000912669	
0.984667	0.0152467	0	0.00250095	0.025553	0	0	0	0.000910492	
0.984644	0.01525	0	0.0025015	0.0254042	0	0	0	0.000908344	
0.98462	0.0152533	0	0.00250204	0.0252562	0	0	0	0.000906227	
0.984597	0.0152566	0	0.00250259	0.0251091	0	0	0	0.000904139	
0.984573	0.0152599	0	0.00250312	0.0249628	0	0	0	0.000902082	
0.98455	0.0152631	0	0.00250366	0.0248174	0	0	0	0.000900053	
0.984526	0.0152664	0	0.00250419	0.0246729	0	0	0	0.000898054	
0.984503	0.0152696	0	0.00250471	0.0245291	0	0	0	0.000896085	
0.984479	0.0152728	0	0.00250524	0.0243863	0	0	0	0.000894144	
0.984456	0.015276	0	0.00250576	0.0242443	0	0	0	0.000892233	
0.984432	0.0152791	0	0.00250628	0.0241031	0	0	0	0.00089035	
0.984409	0.0152822	0	0.00250679	0.0239627	0	0	0	0.000888497	
0.984386	0.0152854	0	0.0025073	0.0238231	0	0	0	0.000886672	
0.984362	0.0152885	0	0.00250781	0.0236844	0	0	0	0.000884876	
0.984339	0.0152915	0	0.00250831	0.0235465	0	0	0	0.000883109	
0.984315	0.0152946	0	0.00250881	0.0234093	0	0	0	0.00088137	
0.984292	0.0152976	0	0.00250931	0.023273	0	0	0	0.000879659	
0.984268	0.0153007	0	0.00250981	0.0231375	0	0	0	0.000877977	
0.984245	0.0153037	0	0.0025103	0.0230028	0	0	0	0.000876324	
0.984221	0.0153066	0	0.00251079	0.0228688	0	0	0	0.000874698	
0.984198	0.0153096	0	0.00251128	0.0227357	0	0	0	0.000873101	
0.984174	0.0153125	0	0.00251176	0.0226033	0	0	0	0.000871533	
0.984151	0.0153155	0	0.00251224	0.0224717	0	0	0	0.000869992	
0.984127	0.0153184	0	0.00251272	0.0223408	0	0	0	0.00086848	
0.984104	0.0153213	0	0.00251319	0.0222108	0	0	0	0.000866996	
0.984081	0.0153242	0	0.00251366	0.0220815	0	0	0	0.000865541	
0.984057	0.015327	0	0.00251413	0.0219529	0	0	0	0.000864113	
0.984034	0.0153298	0	0.0025146	0.0218251	0	0	0	0.000862714	
0.98401	0.0153327	0	0.00251506	0.021698	0	0	0	0.000861343	
0.983987	0.0153355	0	0.00251552	0.0215717	0	0	0	0.000860001	
0.983963	0.0153383	0	0.00251598	0.0214461	0	0	0	0.000858687	
0.98394	0.015341	0	0.00251643	0.0213213	0	0	0	0.000857402	
0.983916	0.0153438	0	0.00251688	0.0211972	0	0	0	0.000856145	
0.983893	0.0153465	0	0.00251733	0.0210738	0	0	0	0.000854917	
0.98387	0.0153492	0	0.00251778	0.0209511	0	0	0	0.000853718	
0.983846	0.0153519	0	0.00251822	0.0208292	0	0	0	0.000852547	
0.983823	0.0153546	0	0.00251866	0.020708	0	0	0	0.000851406	
0.983799	0.0153573	0	0.0025191	0.0205874	0	0	0	0.000850293	
0.983776	0.0153599	0	0.00251953	0.0204676	0	0	0	0.000849211	
0.983752	0.0153626	0	0.00251997	0.0203485	0	0	0	0.000848157	
0.983729	0.0153652	0	0.0025204	0.0202301	0	0	0	0.000847133	
0.983705	0.0153678	0	0.00252082	0.0201124	0	0	0	0.00084614	
0.983682	0.0153704	0	0.00252125	0.0199953	0	0	0	0.000845176	
0.983659	0.015373	0	0.00252167	0.019879	0	0	0	0.000844243	
0.983635	0.0153755	0	0.00252209	0.0197633	0	0	0	0.00084334	
0.983612	0.015378	0	0.0025225	0.0196483	0	0	0	0.000842468	
0.983588	0.0153806	0	0.00252292	0.019534	0	0	0	0.000841628	
0.983565	0.0153831	0	0.00252333	0.0194203	0	0	0	0.000840819	
0.983541	0.0153856	0	0.00252374	0.0193073	0	0	0	0.000840042	
0.983518	0.015388	0	0.00252414	0.019195	0	0	0	0.000839298	
0.983495	0.0153905	0	0.00252455	0.0190833	0	0	0	0.000838586	
0.983471	0.0153929	0	0.00252495	0.0189723	0	0	0	0.000837907	
0.983448	0.0153954	0	0.00252535	0.0188619	0	0	0	0.000837263	
0.983424	0.0153978	0	0.00252574	0.0187522	0	0	0	0.000836652	
0.983401	0.0154002	0	0.00252614	0.0186431	0	0	0	0.000836076	
0.983377	0.0154026	0	0.00252653	0.0185346	0	0	0	0.000835536	
0.983354	0.015405	0	0.00252692	0.0184268	0	0	0	0.000835032	
0.98333	0.0154073	0	0.0025273	0.0183196	0	0	0	0.000834565	
0.983307	0.0154096	0	0.00252769	0.0182131	0	0	0	0.000834136	
0.983284	0.015412	0	0.00252807	0.0181071	0	0	0	0.000833745	
0.98326	0.0154143	0	0.00252845	0.0180018	0	0	0	0.000833394	
0.983237	0.0154166	0	0.00252883	0.0178971	0	0	0	0.000833083	
0.983213	0.0154189	0	0.0025292	0.0177931	0	0	0	0.000832814	
0.98319	0.0154211	0	0.00252957	0.0176896	0	0	0	0.000832588	
0.983167	0.0154234	0	0.00252994	0.0175867	0	0	0	0.000832406	
0.983143	0.0154256	0	0.00253031	0.0174844	0	0	0	0.000832269	
0.98312	0.0154279	0	0.00253068	0.0173828	0	0	0	0.00083218	
0.983096	0.0154301	0	0.00253104	0.0172817	0	0	0	0.00083214	
0.983073	0.0154323	0	0.0025314	0.0171812	0	0	0	0.00083215	
0.983049	0.0154345	0	0.00253176	0.0170813	0	0	0	0.000832214	
0.983026	0.0154367	0	0.00253212	0.016982	0	0	0	0.000832333	
0.983003	0.0154388	0	0.00253247	0.0168833	0	0	0	0.00083251	
0.982979	0.015441	0	0.00253282	0.0167851	0	0	0	0.000832747	
0.982956	0.0154431	0	0.00253317	0.0166875	0	0	0	0.000833049	
0.982932	0.0154452	0	0.00253352	0.0165905	0	0	0	0.000833418	
0.982909	0.0154473	0	0.00253387	0.0164941	0	0	0	0.000833858	
0.982886	0.0154494	0	0.00253421	0.0163982	0	0	0	0.000834375	
0.982862	0.0154515	0	0.00253455	0.0163029	0	0	0	0.000834972	
