1	0	0	0	1	0	0	0	1	
0.999983	1.15492e-06	0	1.14582e-07	0.992463	0	0	0	0.98632	
0.999967	4.53402e-06	0	4.50271e-07	0.985052	0	0	0	0.972991	
0.999951	1.00432e-05	0	9.97304e-07	0.9777	0	0	0	0.959846	
0.999935	1.75862e-05	0	1.74612e-06	0.970405	0	0	0	0.946882	
0.999919	2.70736e-05	0	2.68786e-06	0.963169	0	0	0	0.934095	
0.999903	3.84222e-05	0	3.81426e-06	0.955989	0	0	0	0.921485	
0.999887	5.15544e-05	0	5.11763e-06	0.948866	0	0	0	0.909049	
0.999871	6.63976e-05	0	6.59076e-06	0.941798	0	0	0	0.896783	
0.999856	8.28835e-05	0	8.22687e-06	0.934786	0	0	0	0.884685	
0.99984	0.000100948	0	1.00196e-05	0.927829	0	0	0	0.872754	
0.999825	0.000120529	0	1.19629e-05	0.920926	0	0	0	0.860986	
0.99981	0.000141571	0	1.4051e-05	0.914077	0	0	0	0.84938	
0.999795	0.000164019	0	1.62786e-05	0.907282	0	0	0	0.837933	
0.99978	0.00018782	0	1.86405e-05	0.900539	0	0	0	0.826643	
0.999765	0.000212926	0	2.11319e-05	0.893849	0	0	0	0.815508	
0.99975	0.000239288	0	2.37479e-05	0.88721	0	0	0	0.804525	
0.999735	0.000266863	0	2.64842e-05	0.880624	0	0	0	0.793692	
0.999721	0.000295607	0	2.93365e-05	0.874088	0	0	0	0.783008	
0.999706	0.000325478	0	3.23007e-05	0.867602	0	0	0	0.772471	
0.999692	0.000356438	0	3.53728e-05	0.861167	0	0	0	0.762077	
0.999677	0.000388447	0	3.85491e-05	0.854782	0	0	0	0.751826	
0.999663	0.000421469	0	4.18259e-05	0.848446	0	0	0	0.741714	
0.999649	0.000455468	0	4.51997e-05	0.842159	0	0	0	0.731741	
0.999634	0.000490412	0	4.86671e-05	0.83592	0	0	0	0.721905	
0.99962	0.000526266	0	5.22248e-05	0.829729	0	0	0	0.712202	
0.999606	0.000562999	0	5.58698e-05	0.823586	0	0	0	0.702633	
0.999592	0.00060058	0	5.95989e-05	0.81749	0	0	0	0.693194	
0.999579	0.00063898	0	6.34093e-05	0.811441	0	0	0	0.683884	
0.999565	0.00067817	0	6.7298e-05	0.805438	0	0	0	0.674701	
0.999551	0.000718121	0	7.12623e-05	0.799482	0	0	0	0.665643	
0.999537	0.000758808	0	7.52996e-05	0.793571	0	0	0	0.656709	
0.999524	0.000800204	0	7.94072e-05	0.787705	0	0	0	0.647897	
0.99951	0.000842284	0	8.35826e-05	0.781884	0	0	0	0.639205	
0.999497	0.000885023	0	8.78235e-05	0.776108	0	0	0	0.630632	
0.999483	0.000928398	0	9.21274e-05	0.770376	0	0	0	0.622175	
0.99947	0.000972384	0	9.6492e-05	0.764688	0	0	0	0.613834	
0.999457	0.00101696	0	0.000100915	0.759043	0	0	0	0.605606	
0.999443	0.0010621	0	0.000105395	0.753441	0	0	0	0.597491	
0.99943	0.0011078	0	0.000109928	0.747882	0	0	0	0.589486	
0.999417	0.00115401	0	0.000114514	0.742365	0	0	0	0.58159	
0.999404	0.00120074	0	0.000119151	0.73689	0	0	0	0.573802	
0.999391	0.00124795	0	0.000123835	0.731457	0	0	0	0.566119	
0.999378	0.00129562	0	0.000128566	0.726066	0	0	0	0.558542	
0.999365	0.00134375	0	0.000133341	0.720715	0	0	0	0.551067	
0.999352	0.00139231	0	0.00013816	0.715405	0	0	0	0.543694	
0.99934	0.00144128	0	0.000143019	0.710135	0	0	0	0.536422	
0.999327	0.00149065	0	0.000147917	0.704905	0	0	0	0.529248	
0.999314	0.0015404	0	0.000152854	0.699715	0	0	0	0.522172	
0.999301	0.00159051	0	0.000157826	0.694564	0	0	0	0.515192	
0.999289	0.00164098	0	0.000162833	0.689452	0	0	0	0.508307	
0.999276	0.00169177	0	0.000167874	0.684379	0	0	0	0.501516	
0.999264	0.00174289	0	0.000172945	0.679345	0	0	0	0.494816	
0.999251	0.0017943	0	0.000178047	0.674348	0	0	0	0.488208	
0.999239	0.00184601	0	0.000183178	0.66939	0	0	0	0.48169	
0.999226	0.00189799	0	0.000188336	0.664468	0	0	0	0.47526	
0.999214	0.00195024	0	0.00019352	0.659584	0	0	0	0.468917	
0.999202	0.00200273	0	0.000198729	0.654737	0	0	0	0.462661	
0.999189	0.00205547	0	0.000203961	0.649926	0	0	0	0.45649	
0.999177	0.00210842	0	0.000209215	0.645152	0	0	0	0.450402	
0.999165	0.00216159	0	0.000214491	0.640414	0	0	0	0.444397	
0.999153	0.00221496	0	0.000219786	0.635711	0	0	0	0.438473	
0.999141	0.00226851	0	0.000225101	0.631044	0	0	0	0.43263	
0.999129	0.00232225	0	0.000230432	0.626412	0	0	0	0.426865	
0.999116	0.00237615	0	0.000235781	0.621815	0	0	0	0.421179	
0.999104	0.00243021	0	0.000241144	0.617253	0	0	0	0.415571	
0.999093	0.00248441	0	0.000246523	0.612724	0	0	0	0.410038	
0.999081	0.00253875	0	0.000251914	0.60823	0	0	0	0.40458	
0.999069	0.00259321	0	0.000257319	0.60377	0	0	0	0.399196	
0.999057	0.00264779	0	0.000262734	0.599343	0	0	0	0.393885	
0.999045	0.00270248	0	0.00026816	0.594949	0	0	0	0.388646	
0.999033	0.00275727	0	0.000273596	0.590589	0	0	0	0.383478	
0.999021	0.00281214	0	0.000279041	0.586261	0	0	0	0.378379	
0.99901	0.00286709	0	0.000284494	0.581965	0	0	0	0.37335	
0.998998	0.00292211	0	0.000289953	0.577702	0	0	0	0.368389	
0.998986	0.0029772	0	0.000295419	0.573471	0	0	0	0.363495	
0.998975	0.00303234	0	0.00030089	0.569271	0	0	0	0.358668	
0.998963	0.00308753	0	0.000306366	0.565103	0	0	0	0.353905	
0.998951	0.00314276	0	0.000311846	0.560966	0	0	0	0.349207	
0.99894	0.00319802	0	0.00031733	0.556861	0	0	0	0.344573	
0.998928	0.00325331	0	0.000322815	0.552785	0	0	0	0.340001	
0.998917	0.00330861	0	0.000328302	0.548741	0	0	0	0.335491	
0.998905	0.00336392	0	0.000333791	0.544726	0	0	0	0.331042	
0.998894	0.00341924	0	0.00033928	0.540742	0	0	0	0.326653	
0.998882	0.00347455	0	0.000344768	0.536787	0	0	0	0.322323	
0.998871	0.00352986	0	0.000350256	0.532862	0	0	0	0.318052	
0.99886	0.00358515	0	0.000355742	0.528966	0	0	0	0.313838	
0.998848	0.00364042	0	0.000361226	0.525099	0	0	0	0.309682	
0.998837	0.00369566	0	0.000366707	0.521261	0	0	0	0.305581	
0.998826	0.00375087	0	0.000372185	0.517452	0	0	0	0.301536	
0.998814	0.00380604	0	0.000377659	0.513671	0	0	0	0.297545	
0.998803	0.00386117	0	0.000383129	0.509918	0	0	0	0.293609	
0.998792	0.00391625	0	0.000388594	0.506194	0	0	0	0.289725	
0.998781	0.00397127	0	0.000394054	0.502497	0	0	0	0.285894	
0.998769	0.00402623	0	0.000399507	0.498827	0	0	0	0.282114	
0.998758	0.00408113	0	0.000404954	0.495185	0	0	0	0.278386	
0.998747	0.00413596	0	0.000410395	0.49157	0	0	0	0.274707	
0.998736	0.00419071	0	0.000415828	0.487982	0	0	0	0.271078	
0.998725	0.00424539	0	0.000421253	0.48442	0	0	0	0.267499	
0.998714	0.00429998	0	0.00042667	0.480886	0	0	0	0.263967	
0.998703	0.00435449	0	0.000432078	0.477377	0	0	0	0.260483	
0.998692	0.0044089	0	0.000437477	0.473894	0	0	0	0.257046	
0.998681	0.00446322	0	0.000442867	0.470438	0	0	0	0.253655	
0.99867	0.00451744	0	0.000448247	0.467007	0	0	0	0.25031	
0.998659	0.00457156	0	0.000453616	0.463601	0	0	0	0.24701	
0.998648	0.00462557	0	0.000458975	0.460221	0	0	0	0.243754	
0.998637	0.00467947	0	0.000464323	0.456866	0	0	0	0.240542	
0.998626	0.00473325	0	0.00046966	0.453535	0	0	0	0.237373	
0.998615	0.00478692	0	0.000474984	0.45023	0	0	0	0.234247	
0.998604	0.00484046	0	0.000480297	0.446949	0	0	0	0.231163	
0.998593	0.00489388	0	0.000485598	0.443692	0	0	0	0.22812	
0.998582	0.00494718	0	0.000490886	0.440459	0	0	0	0.225119	
0.998572	0.00500034	0	0.000496161	0.437251	0	0	0	0.222157	
0.998561	0.00505337	0	0.000501423	0.434066	0	0	0	0.219236	
0.99855	0.00510626	0	0.000506671	0.430904	0	0	0	0.216353	
0.998539	0.00515902	0	0.000511905	0.427767	0	0	0	0.21351	
0.998528	0.00521163	0	0.000517126	0.424652	0	0	0	0.210705	
0.998518	0.0052641	0	0.000522332	0.42156	0	0	0	0.207937	
0.998507	0.00531642	0	0.000527523	0.418492	0	0	0	0.205206	
0.998496	0.00536859	0	0.0005327	0.415446	0	0	0	0.202512	
0.998485	0.00542061	0	0.000537861	0.412422	0	0	0	0.199855	
0.998475	0.00547248	0	0.000543007	0.409421	0	0	0	0.197233	
0.998464	0.00552419	0	0.000548138	0.406442	0	0	0	0.194646	
0.998453	0.00557574	0	0.000553253	0.403485	0	0	0	0.192094	
0.998443	0.00562713	0	0.000558352	0.40055	0	0	0	0.189576	
0.998432	0.00567835	0	0.000563435	0.397637	0	0	0	0.187091	
0.998422	0.00572942	0	0.000568502	0.394745	0	0	0	0.18464	
0.998411	0.00578031	0	0.000573552	0.391874	0	0	0	0.182222	
0.9984	0.00583104	0	0.000578585	0.389025	0	0	0	0.179837	
0.99839	0.0058816	0	0.000583601	0.386196	0	0	0	0.177483	
0.998379	0.00593198	0	0.000588601	0.383389	0	0	0	0.175161	
0.998369	0.00598219	0	0.000593583	0.380602	0	0	0	0.17287	
0.998358	0.00603223	0	0.000598548	0.377836	0	0	0	0.17061	
0.998348	0.00608209	0	0.000603495	0.37509	0	0	0	0.168379	
0.998337	0.00613177	0	0.000608424	0.372365	0	0	0	0.166179	
0.998327	0.00618127	0	0.000613336	0.369659	0	0	0	0.164008	
0.998316	0.0062306	0	0.00061823	0.366974	0	0	0	0.161867	
0.998306	0.00627973	0	0.000623106	0.364308	0	0	0	0.159753	
0.998295	0.00632869	0	0.000627963	0.361662	0	0	0	0.157669	
0.998285	0.00637746	0	0.000632802	0.359035	0	0	0	0.155612	
0.998274	0.00642604	0	0.000637623	0.356428	0	0	0	0.153582	
0.998264	0.00647444	0	0.000642425	0.35384	0	0	0	0.15158	
0.998253	0.00652265	0	0.000647208	0.351271	0	0	0	0.149604	
0.998243	0.00657067	0	0.000651973	0.348721	0	0	0	0.147655	
0.998233	0.0066185	0	0.000656719	0.346189	0	0	0	0.145732	
0.998222	0.00666614	0	0.000661446	0.343677	0	0	0	0.143834	
0.998212	0.00671359	0	0.000666154	0.341182	0	0	0	0.141962	
0.998201	0.00676084	0	0.000670842	0.338706	0	0	0	0.140115	
0.998191	0.00680791	0	0.000675512	0.336249	0	0	0	0.138293	
0.998181	0.00685477	0	0.000680162	0.333809	0	0	0	0.136494	
0.99817	0.00690144	0	0.000684793	0.331387	0	0	0	0.13472	
0.99816	0.00694792	0	0.000689404	0.328983	0	0	0	0.13297	
0.99815	0.0069942	0	0.000693996	0.326597	0	0	0	0.131243	
0.99814	0.00704028	0	0.000698569	0.324228	0	0	0	0.129538	
0.998129	0.00708617	0	0.000703121	0.321877	0	0	0	0.127857	
0.998119	0.00713185	0	0.000707655	0.319543	0	0	0	0.126198	
0.998109	0.00717734	0	0.000712168	0.317226	0	0	0	0.124561	
0.998098	0.00722263	0	0.000716662	0.314926	0	0	0	0.122946	
0.998088	0.00726772	0	0.000721136	0.312643	0	0	0	0.121353	
0.998078	0.00731261	0	0.00072559	0.310377	0	0	0	0.11978	
0.998068	0.0073573	0	0.000730024	0.308127	0	0	0	0.118229	
0.998057	0.00740179	0	0.000734438	0.305894	0	0	0	0.116698	
0.998047	0.00744607	0	0.000738832	0.303677	0	0	0	0.115188	
0.998037	0.00749016	0	0.000743207	0.301476	0	0	0	0.113697	
0.998027	0.00753405	0	0.000747561	0.299292	0	0	0	0.112227	
0.998017	0.00757773	0	0.000751895	0.297124	0	0	0	0.110776	
0.998006	0.00762121	0	0.00075621	0.294971	0	0	0	0.109344	
0.997996	0.00766449	0	0.000760504	0.292834	0	0	0	0.107932	
0.997986	0.00770757	0	0.000764778	0.290713	0	0	0	0.106538	
0.997976	0.00775044	0	0.000769032	0.288608	0	0	0	0.105163	
0.997966	0.00779311	0	0.000773266	0.286517	0	0	0	0.103806	
0.997956	0.00783558	0	0.00077748	0.284443	0	0	0	0.102467	
0.997945	0.00787785	0	0.000781674	0.282383	0	0	0	0.101145	
0.997935	0.00791991	0	0.000785848	0.280338	0	0	0	0.0998417	
0.997925	0.00796178	0	0.000790001	0.278309	0	0	0	0.0985554	
0.997915	0.00800344	0	0.000794135	0.276294	0	0	0	0.0972861	
0.997905	0.00804489	0	0.000798248	0.274294	0	0	0	0.0960336	
0.997895	0.00808615	0	0.000802341	0.272309	0	0	0	0.0947978	
0.997885	0.0081272	0	0.000806415	0.270338	0	0	0	0.0935783	
0.997875	0.00816805	0	0.000810468	0.268381	0	0	0	0.092375	
0.997865	0.0082087	0	0.000814501	0.266439	0	0	0	0.0911877	
0.997855	0.00824914	0	0.000818514	0.264511	0	0	0	0.0900161	
0.997844	0.00828939	0	0.000822507	0.262597	0	0	0	0.08886	
0.997834	0.00832943	0	0.00082648	0.260697	0	0	0	0.0877193	
0.997824	0.00836927	0	0.000830433	0.258812	0	0	0	0.0865936	
0.997814	0.00840891	0	0.000834367	0.256939	0	0	0	0.0854829	
0.997804	0.00844835	0	0.00083828	0.255081	0	0	0	0.0843868	
0.997794	0.00848759	0	0.000842173	0.253236	0	0	0	0.0833053	
0.997784	0.00852662	0	0.000846046	0.251404	0	0	0	0.0822381	
0.997774	0.00856546	0	0.0008499	0.249586	0	0	0	0.081185	
0.997764	0.0086041	0	0.000853734	0.247782	0	0	0	0.0801458	
0.997754	0.00864254	0	0.000857547	0.24599	0	0	0	0.0791203	
0.997744	0.00868077	0	0.000861342	0.244211	0	0	0	0.0781084	
0.997734	0.00871881	0	0.000865116	0.242446	0	0	0	0.0771099	
0.997724	0.00875666	0	0.000868871	0.240693	0	0	0	0.0761246	
0.997714	0.0087943	0	0.000872606	0.238953	0	0	0	0.0751523	
0.997704	0.00883175	0	0.000876321	0.237226	0	0	0	0.0741928	
0.997694	0.00886899	0	0.000880017	0.235511	0	0	0	0.073246	
0.997684	0.00890604	0	0.000883693	0.233809	0	0	0	0.0723117	
0.997674	0.0089429	0	0.00088735	0.23212	0	0	0	0.0713897	
0.997664	0.00897956	0	0.000890987	0.230442	0	0	0	0.0704799	
0.997654	0.00901602	0	0.000894605	0.228777	0	0	0	0.0695821	
0.997644	0.00905229	0	0.000898204	0.227124	0	0	0	0.0686961	
0.997634	0.00908836	0	0.000901783	0.225483	0	0	0	0.0678219	
0.997624	0.00912424	0	0.000905343	0.223854	0	0	0	0.0669591	
0.997614	0.00915993	0	0.000908884	0.222237	0	0	0	0.0661077	
0.997604	0.00919542	0	0.000912405	0.220632	0	0	0	0.0652675	
0.997595	0.00923072	0	0.000915908	0.219038	0	0	0	0.0644384	
0.997585	0.00926582	0	0.000919391	0.217456	0	0	0	0.0636202	
0.997575	0.00930074	0	0.000922856	0.215886	0	0	0	0.0628127	
0.997565	0.00933546	0	0.000926301	0.214327	0	0	0	0.0620159	
0.997555	0.00937	0	0.000929727	0.212779	0	0	0	0.0612296	
0.997545	0.00940434	0	0.000933135	0.211243	0	0	0	0.0604536	
0.997535	0.0094385	0	0.000936524	0.209717	0	0	0	0.0596878	
0.997525	0.00947246	0	0.000939894	0.208203	0	0	0	0.0589321	
0.997515	0.00950624	0	0.000943245	0.2067	0	0	0	0.0581864	
0.997505	0.00953983	0	0.000946578	0.205208	0	0	0	0.0574504	
0.997496	0.00957323	0	0.000949892	0.203727	0	0	0	0.0567241	
0.997486	0.00960644	0	0.000953188	0.202256	0	0	0	0.0560073	
0.997476	0.00963947	0	0.000956465	0.200796	0	0	0	0.0552999	
0.997466	0.00967232	0	0.000959724	0.199347	0	0	0	0.0546018	
0.997456	0.00970498	0	0.000962964	0.197909	0	0	0	0.0539129	
0.997446	0.00973745	0	0.000966187	0.19648	0	0	0	0.053233	
0.997436	0.00976974	0	0.000969391	0.195063	0	0	0	0.0525621	
0.997426	0.00980185	0	0.000972577	0.193655	0	0	0	0.0518999	
0.997417	0.00983378	0	0.000975744	0.192258	0	0	0	0.0512464	
0.997407	0.00986552	0	0.000978894	0.190871	0	0	0	0.0506015	
0.997397	0.00989709	0	0.000982026	0.189494	0	0	0	0.049965	
0.997387	0.00992847	0	0.00098514	0.188127	0	0	0	0.0493369	
0.997377	0.00995967	0	0.000988236	0.18677	0	0	0	0.0487169	
0.997367	0.0099907	0	0.000991314	0.185423	0	0	0	0.0481051	
0.997358	0.0100215	0	0.000994375	0.184085	0	0	0	0.0475013	
0.997348	0.0100522	0	0.000997418	0.182757	0	0	0	0.0469054	
0.997338	0.0100827	0	0.00100044	0.181439	0	0	0	0.0463173	
0.997328	0.010113	0	0.00100345	0.180131	0	0	0	0.0457369	
0.997318	0.0101432	0	0.00100644	0.178832	0	0	0	0.0451641	
0.997308	0.0101731	0	0.00100942	0.177542	0	0	0	0.0445987	
0.997299	0.0102029	0	0.00101237	0.176262	0	0	0	0.0440408	
0.997289	0.0102325	0	0.00101531	0.174991	0	0	0	0.0434901	
0.997279	0.010262	0	0.00101823	0.17373	0	0	0	0.0429466	
0.997269	0.0102913	0	0.00102114	0.172477	0	0	0	0.0424102	
0.997259	0.0103204	0	0.00102402	0.171234	0	0	0	0.0418809	
0.99725	0.0103493	0	0.00102689	0.17	0	0	0	0.0413584	
0.99724	0.010378	0	0.00102975	0.168774	0	0	0	0.0408427	
0.99723	0.0104066	0	0.00103258	0.167558	0	0	0	0.0403337	
0.99722	0.0104351	0	0.0010354	0.16635	0	0	0	0.0398314	
0.99721	0.0104633	0	0.00103821	0.165151	0	0	0	0.0393357	
0.997201	0.0104914	0	0.001041	0.163961	0	0	0	0.0388464	
0.997191	0.0105193	0	0.00104377	0.162779	0	0	0	0.0383634	
0.997181	0.0105471	0	0.00104652	0.161606	0	0	0	0.0378868	
0.997171	0.0105747	0	0.00104926	0.160442	0	0	0	0.0374163	
0.997162	0.0106021	0	0.00105198	0.159286	0	0	0	0.036952	
0.997152	0.0106294	0	0.00105468	0.158138	0	0	0	0.0364937	
0.997142	0.0106565	0	0.00105737	0.156999	0	0	0	0.0360413	
0.997132	0.0106834	0	0.00106005	0.155868	0	0	0	0.0355949	
0.997123	0.0107102	0	0.0010627	0.154745	0	0	0	0.0351542	
0.997113	0.0107368	0	0.00106534	0.15363	0	0	0	0.0347193	
0.997103	0.0107633	0	0.00106797	0.152524	0	0	0	0.03429	
0.997093	0.0107895	0	0.00107058	0.151425	0	0	0	0.0338663	
0.997084	0.0108157	0	0.00107317	0.150334	0	0	0	0.0334481	
0.997074	0.0108417	0	0.00107575	0.149252	0	0	0	0.0330353	
0.997064	0.0108675	0	0.00107831	0.148177	0	0	0	0.0326279	
0.997054	0.0108932	0	0.00108086	0.14711	0	0	0	0.0322257	
0.997045	0.0109187	0	0.00108339	0.14605	0	0	0	0.0318288	
0.997035	0.010944	0	0.00108591	0.144999	0	0	0	0.031437	
0.997025	0.0109692	0	0.00108841	0.143954	0	0	0	0.0310503	
0.997015	0.0109943	0	0.00109089	0.142918	0	0	0	0.0306686	
0.997006	0.0110192	0	0.00109336	0.141889	0	0	0	0.0302918	
0.996996	0.0110439	0	0.00109582	0.140867	0	0	0	0.0299199	
0.996986	0.0110685	0	0.00109826	0.139853	0	0	0	0.0295528	
0.996976	0.011093	0	0.00110068	0.138846	0	0	0	0.0291905	
0.996967	0.0111173	0	0.00110309	0.137847	0	0	0	0.0288328	
0.996957	0.0111414	0	0.00110549	0.136855	0	0	0	0.0284798	
0.996947	0.0111654	0	0.00110787	0.13587	0	0	0	0.0281313	
0.996938	0.0111893	0	0.00111024	0.134892	0	0	0	0.0277874	
0.996928	0.011213	0	0.00111259	0.133921	0	0	0	0.0274478	
0.996918	0.0112365	0	0.00111493	0.132957	0	0	0	0.0271127	
0.996908	0.0112599	0	0.00111725	0.132	0	0	0	0.0267819	
0.996899	0.0112832	0	0.00111956	0.13105	0	0	0	0.0264553	
0.996889	0.0113063	0	0.00112185	0.130107	0	0	0	0.026133	
0.996879	0.0113293	0	0.00112413	0.129171	0	0	0	0.0258148	
0.99687	0.0113521	0	0.0011264	0.128241	0	0	0	0.0255007	
0.99686	0.0113748	0	0.00112865	0.127319	0	0	0	0.0251906	
0.99685	0.0113974	0	0.00113089	0.126403	0	0	0	0.0248846	
0.996841	0.0114198	0	0.00113311	0.125493	0	0	0	0.0245824	
0.996831	0.0114421	0	0.00113532	0.12459	0	0	0	0.0242842	
0.996821	0.0114642	0	0.00113752	0.123694	0	0	0	0.0239898	
0.996812	0.0114862	0	0.0011397	0.122804	0	0	0	0.0236992	
0.996802	0.0115081	0	0.00114187	0.121921	0	0	0	0.0234123	
0.996792	0.0115298	0	0.00114403	0.121044	0	0	0	0.0231291	
0.996782	0.0115514	0	0.00114617	0.120173	0	0	0	0.0228496	
0.996773	0.0115729	0	0.0011483	0.119309	0	0	0	0.0225736	
0.996763	0.0115942	0	0.00115041	0.118451	0	0	0	0.0223012	
0.996753	0.0116154	0	0.00115252	0.117599	0	0	0	0.0220323	
0.996744	0.0116364	0	0.00115461	0.116753	0	0	0	0.0217668	
0.996734	0.0116573	0	0.00115668	0.115913	0	0	0	0.0215047	
0.996724	0.0116781	0	0.00115874	0.11508	0	0	0	0.021246	
0.996715	0.0116988	0	0.00116079	0.114252	0	0	0	0.0209906	
0.996705	0.0117193	0	0.00116283	0.113431	0	0	0	0.0207385	
0.996695	0.0117397	0	0.00116485	0.112615	0	0	0	0.0204895	
0.996686	0.01176	0	0.00116687	0.111805	0	0	0	0.0202438	
0.996676	0.0117801	0	0.00116886	0.111001	0	0	0	0.0200012	
0.996666	0.0118001	0	0.00117085	0.110203	0	0	0	0.0197618	
0.996657	0.01182	0	0.00117282	0.109411	0	0	0	0.0195254	
0.996647	0.0118398	0	0.00117478	0.108624	0	0	0	0.019292	
0.996638	0.0118594	0	0.00117673	0.107843	0	0	0	0.0190615	
0.996628	0.0118789	0	0.00117867	0.107068	0	0	0	0.0188341	
0.996618	0.0118983	0	0.00118059	0.106299	0	0	0	0.0186095	
0.996609	0.0119176	0	0.0011825	0.105534	0	0	0	0.0183878	
0.996599	0.0119367	0	0.0011844	0.104776	0	0	0	0.0181689	
0.996589	0.0119558	0	0.00118629	0.104023	0	0	0	0.0179528	
0.99658	0.0119747	0	0.00118817	0.103275	0	0	0	0.0177395	
0.99657	0.0119934	0	0.00119003	0.102533	0	0	0	0.0175289	
0.99656	0.0120121	0	0.00119188	0.101796	0	0	0	0.0173209	
0.996551	0.0120306	0	0.00119372	0.101064	0	0	0	0.0171157	
0.996541	0.0120491	0	0.00119555	0.100338	0	0	0	0.016913	
0.996531	0.0120674	0	0.00119736	0.0996171	0	0	0	0.0167129	
0.996522	0.0120855	0	0.00119917	0.0989013	0	0	0	0.0165153	
0.996512	0.0121036	0	0.00120096	0.0981906	0	0	0	0.0163203	
0.996503	0.0121216	0	0.00120274	0.0974851	0	0	0	0.0161277	
0.996493	0.0121394	0	0.00120451	0.0967846	0	0	0	0.0159376	
0.996483	0.0121571	0	0.00120627	0.0960892	0	0	0	0.0157499	
0.996474	0.0121747	0	0.00120802	0.0953989	0	0	0	0.0155645	
0.996464	0.0121922	0	0.00120975	0.0947135	0	0	0	0.0153816	
0.996454	0.0122096	0	0.00121148	0.0940331	0	0	0	0.0152009	
0.996445	0.0122269	0	0.00121319	0.0933575	0	0	0	0.0150225	
0.996435	0.012244	0	0.00121489	0.0926869	0	0	0	0.0148464	
0.996426	0.0122611	0	0.00121659	0.0920211	0	0	0	0.0146725	
0.996416	0.012278	0	0.00121827	0.0913601	0	0	0	0.0145009	
0.996406	0.0122949	0	0.00121994	0.0907039	0	0	0	0.0143313	
0.996397	0.0123116	0	0.0012216	0.0900524	0	0	0	0.014164	
0.996387	0.0123282	0	0.00122324	0.0894056	0	0	0	0.0139987	
0.996377	0.0123447	0	0.00122488	0.0887634	0	0	0	0.0138356	
0.996368	0.0123611	0	0.00122651	0.0881259	0	0	0	0.0136745	
0.996358	0.0123774	0	0.00122813	0.087493	0	0	0	0.0135154	
0.996349	0.0123936	0	0.00122973	0.0868647	0	0	0	0.0133583	
0.996339	0.0124097	0	0.00123133	0.0862409	0	0	0	0.0132032	
0.996329	0.0124256	0	0.00123291	0.0856216	0	0	0	0.0130501	
0.99632	0.0124415	0	0.00123449	0.0850068	0	0	0	0.0128989	
0.99631	0.0124573	0	0.00123605	0.0843964	0	0	0	0.0127496	
0.996301	0.0124729	0	0.00123761	0.0837904	0	0	0	0.0126022	
0.996291	0.0124885	0	0.00123915	0.0831887	0	0	0	0.0124567	
0.996281	0.012504	0	0.00124068	0.0825914	0	0	0	0.0123129	
0.996272	0.0125193	0	0.00124221	0.0819984	0	0	0	0.012171	
0.996262	0.0125346	0	0.00124372	0.0814097	0	0	0	0.0120309	
0.996253	0.0125498	0	0.00124523	0.0808253	0	0	0	0.0118925	
0.996243	0.0125648	0	0.00124672	0.080245	0	0	0	0.0117558	
0.996233	0.0125798	0	0.00124821	0.079669	0	0	0	0.0116209	
0.996224	0.0125946	0	0.00124968	0.0790971	0	0	0	0.0114877	
0.996214	0.0126094	0	0.00125115	0.0785293	0	0	0	0.0113561	
0.996205	0.0126241	0	0.0012526	0.0779656	0	0	0	0.0112262	
0.996195	0.0126387	0	0.00125405	0.0774059	0	0	0	0.0110979	
0.996185	0.0126531	0	0.00125549	0.0768503	0	0	0	0.0109713	
0.996176	0.0126675	0	0.00125691	0.0762987	0	0	0	0.0108462	
0.996166	0.0126818	0	0.00125833	0.0757511	0	0	0	0.0107226	
0.996157	0.012696	0	0.00125974	0.0752074	0	0	0	0.0106006	
0.996147	0.0127101	0	0.00126114	0.0746677	0	0	0	0.0104802	
0.996137	0.0127241	0	0.00126253	0.0741318	0	0	0	0.0103612	
0.996128	0.0127381	0	0.00126391	0.0735998	0	0	0	0.0102438	
0.996118	0.0127519	0	0.00126528	0.0730716	0	0	0	0.0101278	
0.996109	0.0127656	0	0.00126665	0.0725473	0	0	0	0.0100132	
0.996099	0.0127793	0	0.001268	0.0720267	0	0	0	0.00990008	
0.996089	0.0127928	0	0.00126934	0.0715099	0	0	0	0.00978836	
0.99608	0.0128063	0	0.00127068	0.0709967	0	0	0	0.00967803	
0.99607	0.0128197	0	0.00127201	0.0704873	0	0	0	0.00956908	
0.996061	0.012833	0	0.00127333	0.0699816	0	0	0	0.00946148	
0.996051	0.0128462	0	0.00127464	0.0694795	0	0	0	0.00935523	
0.996042	0.0128593	0	0.00127594	0.068981	0	0	0	0.00925029	
0.996032	0.0128723	0	0.00127723	0.0684861	0	0	0	0.00914666	
0.996022	0.0128852	0	0.00127851	0.0679948	0	0	0	0.00904431	
0.996013	0.0128981	0	0.00127979	0.067507	0	0	0	0.00894324	
0.996003	0.0129109	0	0.00128106	0.0670227	0	0	0	0.00884342	
0.995994	0.0129235	0	0.00128232	0.0665419	0	0	0	0.00874483	
0.995984	0.0129361	0	0.00128357	0.0660646	0	0	0	0.00864747	
0.995974	0.0129487	0	0.00128481	0.0655907	0	0	0	0.00855132	
0.995965	0.0129611	0	0.00128604	0.0651202	0	0	0	0.00845636	
0.995955	0.0129735	0	0.00128727	0.0646531	0	0	0	0.00836257	
0.995946	0.0129857	0	0.00128849	0.0641894	0	0	0	0.00826994	
0.995936	0.0129979	0	0.00128969	0.063729	0	0	0	0.00817846	
0.995927	0.01301	0	0.0012909	0.0632719	0	0	0	0.00808811	
0.995917	0.013022	0	0.00129209	0.0628181	0	0	0	0.00799887	
0.995908	0.013034	0	0.00129327	0.0623676	0	0	0	0.00791074	
0.995898	0.0130459	0	0.00129445	0.0619203	0	0	0	0.0078237	
0.995888	0.0130577	0	0.00129562	0.0614763	0	0	0	0.00773772	
0.995879	0.0130694	0	0.00129678	0.0610354	0	0	0	0.00765281	
0.995869	0.013081	0	0.00129794	0.0605977	0	0	0	0.00756895	
0.99586	0.0130925	0	0.00129908	0.0601632	0	0	0	0.00748611	
0.99585	0.013104	0	0.00130022	0.0597318	0	0	0	0.0074043	
0.995841	0.0131154	0	0.00130135	0.0593035	0	0	0	0.00732349	
0.995831	0.0131267	0	0.00130248	0.0588783	0	0	0	0.00724368	
0.995821	0.013138	0	0.00130359	0.0584561	0	0	0	0.00716485	
0.995812	0.0131492	0	0.0013047	0.058037	0	0	0	0.00708698	
0.995802	0.0131603	0	0.0013058	0.0576209	0	0	0	0.00701007	
0.995793	0.0131713	0	0.0013069	0.0572078	0	0	0	0.00693411	
0.995783	0.0131822	0	0.00130798	0.0567977	0	0	0	0.00685908	
0.995774	0.0131931	0	0.00130906	0.0563905	0	0	0	0.00678496	
0.995764	0.0132039	0	0.00131014	0.0559862	0	0	0	0.00671176	
0.995755	0.0132147	0	0.0013112	0.0555849	0	0	0	0.00663945	
0.995745	0.0132253	0	0.00131226	0.0551864	0	0	0	0.00656802	
0.995735	0.0132359	0	0.00131331	0.0547908	0	0	0	0.00649747	
0.995726	0.0132464	0	0.00131435	0.0543981	0	0	0	0.00642779	
0.995716	0.0132569	0	0.00131539	0.0540081	0	0	0	0.00635895	
0.995707	0.0132673	0	0.00131642	0.053621	0	0	0	0.00629095	
0.995697	0.0132776	0	0.00131744	0.0532367	0	0	0	0.00622379	
0.995688	0.0132878	0	0.00131846	0.0528551	0	0	0	0.00615744	
0.995678	0.013298	0	0.00131947	0.0524763	0	0	0	0.0060919	
0.995669	0.0133081	0	0.00132047	0.0521002	0	0	0	0.00602716	
0.995659	0.0133181	0	0.00132146	0.0517268	0	0	0	0.00596321	
0.995649	0.0133281	0	0.00132245	0.0513561	0	0	0	0.00590004	
0.99564	0.013338	0	0.00132343	0.0509881	0	0	0	0.00583763	
0.99563	0.0133478	0	0.00132441	0.0506227	0	0	0	0.00577599	
0.995621	0.0133576	0	0.00132538	0.0502599	0	0	0	0.00571509	
0.995611	0.0133673	0	0.00132634	0.0498997	0	0	0	0.00565493	
0.995602	0.0133769	0	0.0013273	0.0495422	0	0	0	0.00559551	
0.995592	0.0133865	0	0.00132825	0.0491872	0	0	0	0.0055368	
0.995583	0.013396	0	0.00132919	0.0488347	0	0	0	0.00547881	
0.995573	0.0134054	0	0.00133013	0.0484848	0	0	0	0.00542151	
0.995564	0.0134148	0	0.00133106	0.0481374	0	0	0	0.00536492	
0.995554	0.0134241	0	0.00133198	0.0477925	0	0	0	0.005309	
0.995544	0.0134333	0	0.0013329	0.0474501	0	0	0	0.00525377	
0.995535	0.0134425	0	0.00133381	0.0471102	0	0	0	0.0051992	
0.995525	0.0134517	0	0.00133472	0.0467726	0	0	0	0.00514529	
0.995516	0.0134607	0	0.00133562	0.0464376	0	0	0	0.00509203	
0.995506	0.0134697	0	0.00133651	0.0461049	0	0	0	0.00503941	
0.995497	0.0134787	0	0.0013374	0.0457746	0	0	0	0.00498743	
0.995487	0.0134875	0	0.00133828	0.0454467	0	0	0	0.00493608	
0.995478	0.0134964	0	0.00133915	0.0451211	0	0	0	0.00488534	
0.995468	0.0135051	0	0.00134002	0.0447979	0	0	0	0.00483522	
0.995459	0.0135138	0	0.00134088	0.044477	0	0	0	0.0047857	
0.995449	0.0135225	0	0.00134174	0.0441585	0	0	0	0.00473677	
0.995439	0.0135311	0	0.00134259	0.0438422	0	0	0	0.00468843	
0.99543	0.0135396	0	0.00134344	0.0435281	0	0	0	0.00464067	
0.99542	0.0135481	0	0.00134428	0.0432164	0	0	0	0.00459349	
0.995411	0.0135565	0	0.00134511	0.0429069	0	0	0	0.00454687	
0.995401	0.0135648	0	0.00134594	0.0425996	0	0	0	0.00450081	
0.995392	0.0135731	0	0.00134677	0.0422945	0	0	0	0.00445531	
0.995382	0.0135814	0	0.00134758	0.0419916	0	0	0	0.00441034	
0.995373	0.0135895	0	0.0013484	0.0416909	0	0	0	0.00436592	
0.995363	0.0135977	0	0.0013492	0.0413923	0	0	0	0.00432203	
0.995354	0.0136057	0	0.00135	0.0410959	0	0	0	0.00427866	
0.995344	0.0136138	0	0.0013508	0.0408016	0	0	0	0.00423581	
0.995335	0.0136217	0	0.00135159	0.0405094	0	0	0	0.00419348	
0.995325	0.0136296	0	0.00135237	0.0402194	0	0	0	0.00415164	
0.995316	0.0136375	0	0.00135315	0.0399314	0	0	0	0.00411031	
0.995306	0.0136453	0	0.00135393	0.0396455	0	0	0	0.00406947	
0.995297	0.013653	0	0.0013547	0.0393616	0	0	0	0.00402912	
0.995287	0.0136607	0	0.00135546	0.0390798	0	0	0	0.00398924	
0.995277	0.0136684	0	0.00135622	0.0388	0	0	0	0.00394984	
0.995268	0.013676	0	0.00135697	0.0385222	0	0	0	0.00391091	
0.995258	0.0136835	0	0.00135772	0.0382464	0	0	0	0.00387245	
0.995249	0.013691	0	0.00135846	0.0379726	0	0	0	0.00383443	
0.995239	0.0136984	0	0.0013592	0.0377007	0	0	0	0.00379688	
0.99523	0.0137058	0	0.00135993	0.0374308	0	0	0	0.00375976	
0.99522	0.0137132	0	0.00136066	0.0371629	0	0	0	0.00372309	
0.995211	0.0137205	0	0.00136139	0.0368969	0	0	0	0.00368685	
0.995201	0.0137277	0	0.0013621	0.0366327	0	0	0	0.00365104	
0.995192	0.0137349	0	0.00136282	0.0363705	0	0	0	0.00361565	
0.995182	0.013742	0	0.00136353	0.0361102	0	0	0	0.00358068	
0.995173	0.0137491	0	0.00136423	0.0358517	0	0	0	0.00354613	
0.995163	0.0137561	0	0.00136493	0.0355951	0	0	0	0.00351198	
0.995154	0.0137631	0	0.00136562	0.0353403	0	0	0	0.00347824	
0.995144	0.0137701	0	0.00136631	0.0350874	0	0	0	0.0034449	
0.995135	0.013777	0	0.00136699	0.0348363	0	0	0	0.00341194	
0.995125	0.0137838	0	0.00136767	0.0345869	0	0	0	0.00337938	
0.995116	0.0137906	0	0.00136835	0.0343394	0	0	0	0.0033472	
0.995106	0.0137974	0	0.00136902	0.0340937	0	0	0	0.0033154	
0.995097	0.0138041	0	0.00136968	0.0338497	0	0	0	0.00328397	
0.995087	0.0138108	0	0.00137035	0.0336074	0	0	0	0.00325292	
0.995077	0.0138174	0	0.001371	0.0333669	0	0	0	0.00322222	
0.995068	0.0138239	0	0.00137165	0.0331282	0	0	0	0.00319189	
0.995058	0.0138305	0	0.0013723	0.0328911	0	0	0	0.00316192	
0.995049	0.013837	0	0.00137295	0.0326558	0	0	0	0.00313229	
0.995039	0.0138434	0	0.00137358	0.0324221	0	0	0	0.00310302	
0.99503	0.0138498	0	0.00137422	0.0321901	0	0	0	0.00307408	
0.99502	0.0138561	0	0.00137485	0.0319598	0	0	0	0.00304549	
0.995011	0.0138624	0	0.00137547	0.0317311	0	0	0	0.00301722	
0.995001	0.0138687	0	0.0013761	0.0315041	0	0	0	0.00298929	
0.994992	0.0138749	0	0.00137671	0.0312787	0	0	0	0.00296169	
0.994982	0.0138811	0	0.00137733	0.0310549	0	0	0	0.00293441	
0.994973	0.0138872	0	0.00137794	0.0308328	0	0	0	0.00290745	
0.994963	0.0138933	0	0.00137854	0.0306122	0	0	0	0.0028808	
0.994954	0.0138994	0	0.00137914	0.0303932	0	0	0	0.00285446	
0.994944	0.0139054	0	0.00137974	0.0301758	0	0	0	0.00282843	
0.994935	0.0139114	0	0.00138033	0.0299599	0	0	0	0.0028027	
0.994925	0.0139173	0	0.00138092	0.0297456	0	0	0	0.00277727	
0.994916	0.0139232	0	0.0013815	0.0295328	0	0	0	0.00275214	
0.994906	0.013929	0	0.00138208	0.0293216	0	0	0	0.0027273	
0.994897	0.0139348	0	0.00138266	0.0291118	0	0	0	0.00270275	
0.994887	0.0139406	0	0.00138323	0.0289036	0	0	0	0.00267848	
0.994878	0.0139463	0	0.0013838	0.0286969	0	0	0	0.00265449	
0.994868	0.013952	0	0.00138436	0.0284916	0	0	0	0.00263079	
0.994859	0.0139577	0	0.00138492	0.0282879	0	0	0	0.00260735	
0.994849	0.0139633	0	0.00138548	0.0280856	0	0	0	0.00258419	
0.99484	0.0139688	0	0.00138603	0.0278847	0	0	0	0.0025613	
0.99483	0.0139744	0	0.00138658	0.0276853	0	0	0	0.00253867	
0.994821	0.0139799	0	0.00138712	0.0274873	0	0	0	0.0025163	
0.994811	0.0139853	0	0.00138767	0.0272907	0	0	0	0.00249419	
0.994802	0.0139907	0	0.0013882	0.0270956	0	0	0	0.00247234	
0.994792	0.0139961	0	0.00138874	0.0269018	0	0	0	0.00245074	
0.994783	0.0140014	0	0.00138927	0.0267094	0	0	0	0.00242939	
0.994773	0.0140068	0	0.00138979	0.0265185	0	0	0	0.00240828	
0.994764	0.014012	0	0.00139032	0.0263288	0	0	0	0.00238742	
0.994754	0.0140173	0	0.00139083	0.0261406	0	0	0	0.0023668	
0.994745	0.0140224	0	0.00139135	0.0259537	0	0	0	0.00234642	
0.994735	0.0140276	0	0.00139186	0.0257681	0	0	0	0.00232627	
0.994726	0.0140327	0	0.00139237	0.0255839	0	0	0	0.00230635	
0.994716	0.0140378	0	0.00139288	0.025401	0	0	0	0.00228666	
0.994707	0.0140429	0	0.00139338	0.0252194	0	0	0	0.0022672	
0.994697	0.0140479	0	0.00139388	0.0250391	0	0	0	0.00224796	
0.994688	0.0140529	0	0.00139437	0.0248601	0	0	0	0.00222894	
0.994678	0.0140578	0	0.00139486	0.0246824	0	0	0	0.00221013	
0.994669	0.0140627	0	0.00139535	0.0245059	0	0	0	0.00219155	
0.994659	0.0140676	0	0.00139583	0.0243308	0	0	0	0.00217318	
0.99465	0.0140725	0	0.00139631	0.0241568	0	0	0	0.00215501	
0.99464	0.0140773	0	0.00139679	0.0239842	0	0	0	0.00213706	
0.994631	0.0140821	0	0.00139727	0.0238127	0	0	0	0.00211931	
0.994621	0.0140868	0	0.00139774	0.0236425	0	0	0	0.00210176	
0.994612	0.0140915	0	0.0013982	0.0234735	0	0	0	0.00208442	
0.994602	0.0140962	0	0.00139867	0.0233058	0	0	0	0.00206727	
0.994593	0.0141009	0	0.00139913	0.0231392	0	0	0	0.00205032	
0.994583	0.0141055	0	0.00139959	0.0229738	0	0	0	0.00203356	
0.994574	0.0141101	0	0.00140004	0.0228096	0	0	0	0.00201699	
0.994564	0.0141146	0	0.00140049	0.0226466	0	0	0	0.00200061	
0.994555	0.0141191	0	0.00140094	0.0224848	0	0	0	0.00198442	
0.994545	0.0141236	0	0.00140139	0.0223241	0	0	0	0.00196841	
0.994536	0.0141281	0	0.00140183	0.0221646	0	0	0	0.00195258	
0.994526	0.0141325	0	0.00140227	0.0220062	0	0	0	0.00193694	
0.994517	0.0141369	0	0.00140271	0.021849	0	0	0	0.00192147	
0.994507	0.0141413	0	0.00140314	0.0216928	0	0	0	0.00190618	
0.994498	0.0141456	0	0.00140357	0.0215378	0	0	0	0.00189106	
0.994488	0.0141499	0	0.001404	0.0213839	0	0	0	0.00187611	
0.994479	0.0141542	0	0.00140442	0.0212312	0	0	0	0.00186133	
0.994469	0.0141584	0	0.00140484	0.0210795	0	0	0	0.00184672	
0.99446	0.0141627	0	0.00140526	0.0209289	0	0	0	0.00183228	
0.99445	0.0141668	0	0.00140568	0.0207793	0	0	0	0.001818	
0.994441	0.014171	0	0.00140609	0.0206309	0	0	0	0.00180388	
0.994431	0.0141751	0	0.0014065	0.0204835	0	0	0	0.00178992	
0.994422	0.0141792	0	0.00140691	0.0203372	0	0	0	0.00177612	
0.994412	0.0141833	0	0.00140731	0.0201919	0	0	0	0.00176248	
0.994403	0.0141873	0	0.00140771	0.0200477	0	0	0	0.00174899	
0.994393	0.0141914	0	0.00140811	0.0199045	0	0	0	0.00173565	
0.994384	0.0141953	0	0.00140851	0.0197623	0	0	0	0.00172246	
0.994374	0.0141993	0	0.0014089	0.0196211	0	0	0	0.00170942	
0.994365	0.0142032	0	0.00140929	0.019481	0	0	0	0.00169653	
0.994355	0.0142071	0	0.00140968	0.0193418	0	0	0	0.00168379	
0.994346	0.014211	0	0.00141006	0.0192037	0	0	0	0.00167119	
0.994336	0.0142149	0	0.00141044	0.0190665	0	0	0	0.00165873	
0.994327	0.0142187	0	0.00141082	0.0189304	0	0	0	0.00164641	
0.994317	0.0142225	0	0.0014112	0.0187952	0	0	0	0.00163423	
0.994308	0.0142263	0	0.00141157	0.018661	0	0	0	0.00162219	
0.994298	0.01423	0	0.00141194	0.0185277	0	0	0	0.00161028	
0.994289	0.0142337	0	0.00141231	0.0183954	0	0	0	0.00159851	
0.994279	0.0142374	0	0.00141268	0.018264	0	0	0	0.00158687	
0.99427	0.0142411	0	0.00141304	0.0181336	0	0	0	0.00157536	
0.99426	0.0142447	0	0.0014134	0.0180041	0	0	0	0.00156398	
0.994251	0.0142483	0	0.00141376	0.0178756	0	0	0	0.00155273	
0.994241	0.0142519	0	0.00141412	0.0177479	0	0	0	0.00154161	
0.994232	0.0142555	0	0.00141447	0.0176212	0	0	0	0.00153061	
0.994222	0.014259	0	0.00141482	0.0174954	0	0	0	0.00151974	
0.994213	0.0142625	0	0.00141517	0.0173705	0	0	0	0.00150898	
0.994203	0.014266	0	0.00141552	0.0172465	0	0	0	0.00149835	
0.994194	0.0142695	0	0.00141586	0.0171234	0	0	0	0.00148784	
0.994184	0.0142729	0	0.0014162	0.0170011	0	0	0	0.00147745	
0.994175	0.0142764	0	0.00141654	0.0168798	0	0	0	0.00146717	
0.994165	0.0142798	0	0.00141688	0.0167593	0	0	0	0.00145701	
0.994156	0.0142831	0	0.00141721	0.0166396	0	0	0	0.00144696	
0.994146	0.0142865	0	0.00141755	0.0165209	0	0	0	0.00143703	
0.994137	0.0142898	0	0.00141788	0.0164029	0	0	0	0.00142721	
0.994127	0.0142931	0	0.0014182	0.0162859	0	0	0	0.0014175	
0.994118	0.0142964	0	0.00141853	0.0161696	0	0	0	0.00140789	
0.994108	0.0142996	0	0.00141885	0.0160542	0	0	0	0.0013984	
0.994099	0.0143029	0	0.00141917	0.0159396	0	0	0	0.00138901	
0.994089	0.0143061	0	0.00141949	0.0158259	0	0	0	0.00137973	
0.99408	0.0143093	0	0.00141981	0.015713	0	0	0	0.00137055	
0.99407	0.0143124	0	0.00142012	0.0156008	0	0	0	0.00136148	
0.994061	0.0143156	0	0.00142043	0.0154895	0	0	0	0.00135251	
0.994052	0.0143187	0	0.00142074	0.015379	0	0	0	0.00134363	
0.994042	0.0143218	0	0.00142105	0.0152692	0	0	0	0.00133486	
0.994033	0.0143248	0	0.00142135	0.0151603	0	0	0	0.00132619	
0.994023	0.0143279	0	0.00142166	0.0150521	0	0	0	0.00131762	
0.994014	0.0143309	0	0.00142196	0.0149447	0	0	0	0.00130914	
0.994004	0.0143339	0	0.00142226	0.0148381	0	0	0	0.00130076	
0.993995	0.0143369	0	0.00142255	0.0147322	0	0	0	0.00129247	
0.993985	0.0143399	0	0.00142285	0.0146271	0	0	0	0.00128427	
0.993976	0.0143429	0	0.00142314	0.0145227	0	0	0	0.00127617	
0.993966	0.0143458	0	0.00142343	0.0144191	0	0	0	0.00126816	
0.993957	0.0143487	0	0.00142372	0.0143163	0	0	0	0.00126024	
0.993947	0.0143516	0	0.00142401	0.0142142	0	0	0	0.00125241	
0.993938	0.0143544	0	0.00142429	0.0141128	0	0	0	0.00124467	
0.993928	0.0143573	0	0.00142457	0.0140121	0	0	0	0.00123701	
0.993919	0.0143601	0	0.00142485	0.0139122	0	0	0	0.00122944	
0.993909	0.0143629	0	0.00142513	0.0138129	0	0	0	0.00122196	
0.9939	0.0143657	0	0.00142541	0.0137144	0	0	0	0.00121456	
0.99389	0.0143685	0	0.00142568	0.0136166	0	0	0	0.00120725	
0.993881	0.0143712	0	0.00142596	0.0135195	0	0	0	0.00120002	
0.993871	0.014374	0	0.00142623	0.0134231	0	0	0	0.00119287	
0.993862	0.0143767	0	0.0014265	0.0133273	0	0	0	0.0011858	
0.993852	0.0143794	0	0.00142676	0.0132323	0	0	0	0.00117882	
0.993843	0.014382	0	0.00142703	0.0131379	0	0	0	0.00117191	
0.993833	0.0143847	0	0.00142729	0.0130443	0	0	0	0.00116508	
0.993824	0.0143873	0	0.00142755	0.0129513	0	0	0	0.00115833	
0.993814	0.0143899	0	0.00142781	0.0128589	0	0	0	0.00115166	
0.993805	0.0143925	0	0.00142807	0.0127672	0	0	0	0.00114506	
0.993796	0.0143951	0	0.00142832	0.0126762	0	0	0	0.00113854	
0.993786	0.0143977	0	0.00142858	0.0125858	0	0	0	0.00113209	
0.993777	0.0144002	0	0.00142883	0.0124961	0	0	0	0.00112572	
0.993767	0.0144027	0	0.00142908	0.012407	0	0	0	0.00111942	
0.993758	0.0144052	0	0.00142933	0.0123186	0	0	0	0.00111319	
0.993748	0.0144077	0	0.00142958	0.0122308	0	0	0	0.00110703	
0.993739	0.0144102	0	0.00142982	0.0121436	0	0	0	0.00110095	
0.993729	0.0144126	0	0.00143007	0.012057	0	0	0	0.00109493	
0.99372	0.0144151	0	0.00143031	0.0119711	0	0	0	0.00108899	
0.99371	0.0144175	0	0.00143055	0.0118857	0	0	0	0.00108311	
0.993701	0.0144199	0	0.00143079	0.011801	0	0	0	0.0010773	
0.993691	0.0144223	0	0.00143102	0.0117169	0	0	0	0.00107156	
0.993682	0.0144247	0	0.00143126	0.0116334	0	0	0	0.00106589	
0.993672	0.014427	0	0.00143149	0.0115505	0	0	0	0.00106028	
0.993663	0.0144294	0	0.00143172	0.0114682	0	0	0	0.00105474	
0.993653	0.0144317	0	0.00143195	0.0113865	0	0	0	0.00104926	
0.993644	0.014434	0	0.00143218	0.0113054	0	0	0	0.00104385	
0.993634	0.0144363	0	0.00143241	0.0112248	0	0	0	0.0010385	
0.993625	0.0144385	0	0.00143263	0.0111448	0	0	0	0.00103322	
0.993616	0.0144408	0	0.00143286	0.0110654	0	0	0	0.00102799	
0.993606	0.014443	0	0.00143308	0.0109866	0	0	0	0.00102283	
0.993597	0.0144452	0	0.0014333	0.0109083	0	0	0	0.00101773	
0.993587	0.0144475	0	0.00143352	0.0108306	0	0	0	0.00101269	
0.993578	0.0144496	0	0.00143374	0.0107534	0	0	0	0.00100771	
0.993568	0.0144518	0	0.00143395	0.0106768	0	0	0	0.00100279	
0.993559	0.014454	0	0.00143417	0.0106008	0	0	0	0.000997931	
0.993549	0.0144561	0	0.00143438	0.0105253	0	0	0	0.000993129	
0.99354	0.0144583	0	0.00143459	0.0104503	0	0	0	0.000988385	
0.99353	0.0144604	0	0.0014348	0.0103759	0	0	0	0.000983699	
0.993521	0.0144625	0	0.00143501	0.010302	0	0	0	0.000979069	
0.993511	0.0144646	0	0.00143522	0.0102286	0	0	0	0.000974496	
0.993502	0.0144666	0	0.00143542	0.0101558	0	0	0	0.000969979	
0.993492	0.0144687	0	0.00143563	0.0100834	0	0	0	0.000965518	
0.993483	0.0144707	0	0.00143583	0.0100116	0	0	0	0.000961112	
0.993473	0.0144728	0	0.00143603	0.00994036	0	0	0	0.000956761	
0.993464	0.0144748	0	0.00143623	0.00986958	0	0	0	0.000952463	
0.993454	0.0144768	0	0.00143643	0.00979931	0	0	0	0.00094822	
0.993445	0.0144788	0	0.00143663	0.00972954	0	0	0	0.00094403	
0.993436	0.0144807	0	0.00143682	0.00966027	0	0	0	0.000939892	
0.993426	0.0144827	0	0.00143702	0.0095915	0	0	0	0.000935807	
0.993417	0.0144846	0	0.00143721	0.00952322	0	0	0	0.000931775	
0.993407	0.0144866	0	0.0014374	0.00945543	0	0	0	0.000927794	
0.993398	0.0144885	0	0.00143759	0.00938812	0	0	0	0.000923864	
0.993388	0.0144904	0	0.00143778	0.0093213	0	0	0	0.000919985	
0.993379	0.0144923	0	0.00143797	0.00925495	0	0	0	0.000916157	
0.993369	0.0144941	0	0.00143815	0.00918908	0	0	0	0.000912379	
0.99336	0.014496	0	0.00143834	0.00912368	0	0	0	0.000908651	
0.99335	0.0144979	0	0.00143852	0.00905876	0	0	0	0.000904972	
0.993341	0.0144997	0	0.0014387	0.00899429	0	0	0	0.000901343	
0.993331	0.0145015	0	0.00143888	0.00893029	0	0	0	0.000897762	
0.993322	0.0145033	0	0.00143906	0.00886674	0	0	0	0.00089423	
0.993312	0.0145051	0	0.00143924	0.00880365	0	0	0	0.000890747	
0.993303	0.0145069	0	0.00143942	0.00874102	0	0	0	0.000887311	
0.993294	0.0145087	0	0.0014396	0.00867883	0	0	0	0.000883923	
0.993284	0.0145105	0	0.00143977	0.00861709	0	0	0	0.000880583	
0.993275	0.0145122	0	0.00143994	0.00855578	0	0	0	0.000877289	
0.993265	0.0145139	0	0.00144012	0.00849492	0	0	0	0.000874043	
0.993256	0.0145157	0	0.00144029	0.0084345	0	0	0	0.000870844	
0.993246	0.0145174	0	0.00144046	0.0083745	0	0	0	0.000867691	
0.993237	0.0145191	0	0.00144063	0.00831494	0	0	0	0.000864584	
0.993227	0.0145208	0	0.00144079	0.0082558	0	0	0	0.000861524	
0.993218	0.0145224	0	0.00144096	0.00819709	0	0	0	0.00085851	
0.993208	0.0145241	0	0.00144112	0.0081388	0	0	0	0.000855541	
0.993199	0.0145258	0	0.00144129	0.00808092	0	0	0	0.000852619	
0.993189	0.0145274	0	0.00144145	0.00802346	0	0	0	0.000849742	
0.99318	0.014529	0	0.00144161	0.00796641	0	0	0	0.00084691	
0.993171	0.0145306	0	0.00144177	0.00790977	0	0	0	0.000844124	
0.993161	0.0145323	0	0.00144193	0.00785354	0	0	0	0.000841383	
0.993152	0.0145338	0	0.00144209	0.0077977	0	0	0	0.000838687	
0.993142	0.0145354	0	0.00144225	0.00774227	0	0	0	0.000836037	
0.993133	0.014537	0	0.00144241	0.00768724	0	0	0	0.000833432	
0.993123	0.0145386	0	0.00144256	0.0076326	0	0	0	0.000830872	
0.993114	0.0145401	0	0.00144271	0.00757835	0	0	0	0.000828357	
0.993104	0.0145417	0	0.00144287	0.00752449	0	0	0	0.000825888	
0.993095	0.0145432	0	0.00144302	0.00747101	0	0	0	0.000823464	
0.993085	0.0145447	0	0.00144317	0.00741792	0	0	0	0.000821086	
0.993076	0.0145462	0	0.00144332	0.00736521	0	0	0	0.000818754	
0.993066	0.0145477	0	0.00144347	0.00731287	0	0	0	0.000816467	
0.993057	0.0145492	0	0.00144362	0.00726092	0	0	0	0.000814227	
0.993048	0.0145507	0	0.00144376	0.00720933	0	0	0	0.000812034	
0.993038	0.0145522	0	0.00144391	0.00715811	0	0	0	0.000809887	
0.993029	0.0145536	0	0.00144405	0.00710726	0	0	0	0.000807787	
0.993019	0.0145551	0	0.0014442	0.00705678	0	0	0	0.000805735	
0.99301	0.0145565	0	0.00144434	0.00700666	0	0	0	0.000803731	
0.993	0.0145579	0	0.00144448	0.00695689	0	0	0	0.000801776	
0.992991	0.0145593	0	0.00144462	0.00690748	0	0	0	0.00079987	
0.992981	0.0145607	0	0.00144476	0.00685843	0	0	0	0.000798014	
0.992972	0.0145621	0	0.0014449	0.00680973	0	0	0	0.000796209	
0.992962	0.0145635	0	0.00144504	0.00676138	0	0	0	0.000794456	
0.992953	0.0145649	0	0.00144517	0.00671337	0	0	0	0.000792756	
0.992943	0.0145663	0	0.00144531	0.00666571	0	0	0	0.00079111	
0.992934	0.0145676	0	0.00144545	0.00661839	0	0	0	0.000789519	
0.992925	0.014569	0	0.00144558	0.00657141	0	0	0	0.000787986	
0.992915	0.0145703	0	0.00144571	0.00652477	0	0	0	0.00078651	
0.992906	0.0145717	0	0.00144585	0.00647846	0	0	0	0.000785096	
0.992896	0.014573	0	0.00144598	0.00643248	0	0	0	0.000783743	
0.992887	0.0145743	0	0.00144611	0.00638684	0	0	0	0.000782456	
0.992877	0.0145756	0	0.00144624	0.00634152	0	0	0	0.000781237	
