1	0	0	0	1	0	0	0	1	
0.999967	8.81864e-07	0	1.44642e-07	0.993895	0	0	0	0.983683	
0.999935	3.47076e-06	0	5.69715e-07	0.987879	0	0	0	0.967846	
0.999902	7.70675e-06	0	1.26495e-06	0.981902	0	0	0	0.952267	
0.99987	1.35272e-05	0	2.22008e-06	0.975964	0	0	0	0.936941	
0.999838	2.08732e-05	0	3.42545e-06	0.970064	0	0	0	0.921865	
0.999806	2.96897e-05	0	4.87199e-06	0.964201	0	0	0	0.907033	
0.999775	3.99243e-05	0	6.55115e-06	0.958377	0	0	0	0.892443	
0.999743	5.15276e-05	0	8.45483e-06	0.95259	0	0	0	0.878091	
0.999712	6.4453e-05	0	1.05753e-05	0.94684	0	0	0	0.863971	
0.999681	7.86557e-05	0	1.29054e-05	0.941127	0	0	0	0.850081	
0.99965	9.40933e-05	0	1.54379e-05	0.935451	0	0	0	0.836417	
0.999619	0.000110725	0	1.81664e-05	0.92981	0	0	0	0.822974	
0.999588	0.000128512	0	2.10844e-05	0.924206	0	0	0	0.80975	
0.999557	0.000147418	0	2.41858e-05	0.918637	0	0	0	0.796741	
0.999527	0.000167406	0	2.74648e-05	0.913104	0	0	0	0.783943	
0.999496	0.000188442	0	3.09156e-05	0.907606	0	0	0	0.771353	
0.999466	0.000210492	0	3.45329e-05	0.902143	0	0	0	0.758967	
0.999436	0.000233526	0	3.83114e-05	0.896714	0	0	0	0.746783	
0.999406	0.000257512	0	4.22462e-05	0.89132	0	0	0	0.734796	
0.999376	0.00028242	0	4.63322e-05	0.88596	0	0	0	0.723004	
0.999346	0.000308222	0	5.05648e-05	0.880633	0	0	0	0.711403	
0.999316	0.00033489	0	5.49393e-05	0.87534	0	0	0	0.69999	
0.999287	0.000362396	0	5.94515e-05	0.870081	0	0	0	0.688762	
0.999257	0.000390715	0	6.40969e-05	0.864855	0	0	0	0.677717	
0.999228	0.000419822	0	6.88715e-05	0.859661	0	0	0	0.66685	
0.999198	0.000449691	0	7.37712e-05	0.8545	0	0	0	0.65616	
0.999169	0.000480298	0	7.8792e-05	0.849372	0	0	0	0.645644	
0.99914	0.000511621	0	8.39302e-05	0.844276	0	0	0	0.635297	
0.999111	0.000543638	0	8.91821e-05	0.839212	0	0	0	0.625119	
0.999082	0.000576325	0	9.45441e-05	0.834179	0	0	0	0.615105	
0.999053	0.000609662	0	0.000100013	0.829178	0	0	0	0.605254	
0.999025	0.000643628	0	0.000105584	0.824208	0	0	0	0.595562	
0.998996	0.000678203	0	0.000111256	0.819269	0	0	0	0.586028	
0.998967	0.000713367	0	0.000117024	0.814361	0	0	0	0.576648	
0.998939	0.000749101	0	0.000122886	0.809484	0	0	0	0.56742	
0.998911	0.000785387	0	0.000128838	0.804637	0	0	0	0.558341	
0.998882	0.000822206	0	0.000134878	0.79982	0	0	0	0.54941	
0.998854	0.00085954	0	0.000141002	0.795034	0	0	0	0.540623	
0.998826	0.000897373	0	0.000147208	0.790277	0	0	0	0.531978	
0.998798	0.000935687	0	0.000153493	0.785549	0	0	0	0.523474	
0.99877	0.000974466	0	0.000159854	0.780851	0	0	0	0.515107	
0.998742	0.00101369	0	0.000166289	0.776182	0	0	0	0.506875	
0.998714	0.00105336	0	0.000172795	0.771542	0	0	0	0.498777	
0.998686	0.00109344	0	0.000179369	0.766931	0	0	0	0.49081	
0.998658	0.00113392	0	0.00018601	0.762348	0	0	0	0.482972	
0.998631	0.00117479	0	0.000192714	0.757794	0	0	0	0.475261	
0.998603	0.00121604	0	0.000199481	0.753268	0	0	0	0.467674	
0.998576	0.00125765	0	0.000206306	0.74877	0	0	0	0.46021	
0.998548	0.00129961	0	0.000213188	0.744299	0	0	0	0.452867	
0.998521	0.0013419	0	0.000220126	0.739856	0	0	0	0.445643	
0.998493	0.00138451	0	0.000227116	0.735441	0	0	0	0.438535	
0.998466	0.00142744	0	0.000234156	0.731053	0	0	0	0.431543	
0.998439	0.00147065	0	0.000241246	0.726692	0	0	0	0.424663	
0.998412	0.00151416	0	0.000248382	0.722357	0	0	0	0.417895	
0.998385	0.00155794	0	0.000255563	0.71805	0	0	0	0.411236	
0.998358	0.00160198	0	0.000262787	0.713769	0	0	0	0.404685	
0.998331	0.00164627	0	0.000270053	0.709514	0	0	0	0.39824	
0.998304	0.0016908	0	0.000277357	0.705285	0	0	0	0.391898	
0.998277	0.00173556	0	0.0002847	0.701083	0	0	0	0.38566	
0.99825	0.00178054	0	0.000292078	0.696906	0	0	0	0.379522	
0.998223	0.00182573	0	0.000299491	0.692755	0	0	0	0.373483	
0.998197	0.00187112	0	0.000306936	0.688629	0	0	0	0.367542	
0.99817	0.0019167	0	0.000314413	0.684528	0	0	0	0.361697	
0.998143	0.00196246	0	0.000321919	0.680453	0	0	0	0.355946	
0.998117	0.00200839	0	0.000329453	0.676402	0	0	0	0.350288	
0.99809	0.00205449	0	0.000337014	0.672377	0	0	0	0.344721	
0.998064	0.00210073	0	0.0003446	0.668376	0	0	0	0.339244	
0.998037	0.00214713	0	0.00035221	0.664399	0	0	0	0.333856	
0.998011	0.00219366	0	0.000359842	0.660447	0	0	0	0.328555	
0.997985	0.00224031	0	0.000367495	0.656519	0	0	0	0.323339	
0.997958	0.00228709	0	0.000375168	0.652615	0	0	0	0.318207	
0.997932	0.00233398	0	0.00038286	0.648734	0	0	0	0.313159	
0.997906	0.00238098	0	0.000390569	0.644878	0	0	0	0.308191	
0.99788	0.00242807	0	0.000398294	0.641045	0	0	0	0.303304	
0.997854	0.00247525	0	0.000406033	0.637235	0	0	0	0.298496	
0.997827	0.00252252	0	0.000413787	0.633448	0	0	0	0.293765	
0.997801	0.00256987	0	0.000421553	0.629685	0	0	0	0.28911	
0.997775	0.00261728	0	0.00042933	0.625944	0	0	0	0.284531	
0.997749	0.00266476	0	0.000437118	0.622226	0	0	0	0.280025	
0.997724	0.00271229	0	0.000444916	0.618531	0	0	0	0.275592	
0.997698	0.00275988	0	0.000452721	0.614858	0	0	0	0.27123	
0.997672	0.00280751	0	0.000460534	0.611208	0	0	0	0.266939	
0.997646	0.00285518	0	0.000468353	0.60758	0	0	0	0.262717	
0.99762	0.00290288	0	0.000476178	0.603973	0	0	0	0.258562	
0.997594	0.00295061	0	0.000484007	0.600389	0	0	0	0.254475	
0.997569	0.00299836	0	0.000491839	0.596826	0	0	0	0.250454	
0.997543	0.00304612	0	0.000499674	0.593285	0	0	0	0.246497	
0.997517	0.0030939	0	0.000507511	0.589766	0	0	0	0.242604	
0.997492	0.00314168	0	0.000515349	0.586268	0	0	0	0.238774	
0.997466	0.00318947	0	0.000523187	0.58279	0	0	0	0.235005	
0.997441	0.00323724	0	0.000531024	0.579335	0	0	0	0.231298	
0.997415	0.00328501	0	0.00053886	0.575899	0	0	0	0.227649	
0.997389	0.00333277	0	0.000546694	0.572485	0	0	0	0.22406	
0.997364	0.00338051	0	0.000554524	0.569092	0	0	0	0.220528	
0.997339	0.00342822	0	0.000562351	0.565718	0	0	0	0.217053	
0.997313	0.00347591	0	0.000570173	0.562366	0	0	0	0.213634	
0.997288	0.00352357	0	0.000577991	0.559033	0	0	0	0.21027	
0.997262	0.00357119	0	0.000585802	0.555721	0	0	0	0.20696	
0.997237	0.00361877	0	0.000593607	0.552429	0	0	0	0.203703	
0.997212	0.00366631	0	0.000601405	0.549156	0	0	0	0.200499	
0.997187	0.0037138	0	0.000609195	0.545904	0	0	0	0.197346	
0.997161	0.00376124	0	0.000616977	0.542671	0	0	0	0.194244	
0.997136	0.00380863	0	0.000624749	0.539457	0	0	0	0.191192	
0.997111	0.00385596	0	0.000632513	0.536263	0	0	0	0.188188	
0.997086	0.00390322	0	0.000640266	0.533088	0	0	0	0.185233	
0.997061	0.00395042	0	0.000648008	0.529932	0	0	0	0.182326	
0.997035	0.00399756	0	0.00065574	0.526795	0	0	0	0.179465	
0.99701	0.00404462	0	0.000663459	0.523678	0	0	0	0.17665	
0.996985	0.00409161	0	0.000671167	0.520578	0	0	0	0.17388	
0.99696	0.00413852	0	0.000678861	0.517498	0	0	0	0.171155	
0.996935	0.00418534	0	0.000686543	0.514436	0	0	0	0.168473	
0.99691	0.00423209	0	0.000694211	0.511393	0	0	0	0.165835	
0.996885	0.00427875	0	0.000701865	0.508367	0	0	0	0.163239	
0.99686	0.00432532	0	0.000709504	0.50536	0	0	0	0.160684	
0.996835	0.0043718	0	0.000717128	0.502371	0	0	0	0.158171	
0.99681	0.00441819	0	0.000724737	0.4994	0	0	0	0.155698	
0.996785	0.00446448	0	0.00073233	0.496447	0	0	0	0.153264	
0.99676	0.00451067	0	0.000739906	0.493512	0	0	0	0.15087	
0.996736	0.00455676	0	0.000747467	0.490594	0	0	0	0.148514	
0.996711	0.00460275	0	0.00075501	0.487694	0	0	0	0.146195	
0.996686	0.00464863	0	0.000762536	0.484811	0	0	0	0.143914	
0.996661	0.0046944	0	0.000770044	0.481946	0	0	0	0.141669	
0.996636	0.00474006	0	0.000777534	0.479097	0	0	0	0.139461	
0.996612	0.00478561	0	0.000785006	0.476266	0	0	0	0.137287	
0.996587	0.00483105	0	0.000792459	0.473452	0	0	0	0.135149	
0.996562	0.00487637	0	0.000799893	0.470654	0	0	0	0.133045	
0.996537	0.00492157	0	0.000807307	0.467874	0	0	0	0.130974	
0.996513	0.00496666	0	0.000814702	0.46511	0	0	0	0.128937	
0.996488	0.00501162	0	0.000822077	0.462362	0	0	0	0.126932	
0.996463	0.00505646	0	0.000829432	0.459631	0	0	0	0.124959	
0.996439	0.00510117	0	0.000836767	0.456917	0	0	0	0.123018	
0.996414	0.00514576	0	0.000844081	0.454218	0	0	0	0.121108	
0.996389	0.00519022	0	0.000851373	0.451536	0	0	0	0.119228	
0.996365	0.00523455	0	0.000858645	0.44887	0	0	0	0.117379	
0.99634	0.00527875	0	0.000865895	0.446219	0	0	0	0.115559	
0.996316	0.00532281	0	0.000873123	0.443585	0	0	0	0.113768	
0.996291	0.00536675	0	0.00088033	0.440966	0	0	0	0.112006	
0.996266	0.00541055	0	0.000887514	0.438363	0	0	0	0.110272	
0.996242	0.00545421	0	0.000894676	0.435776	0	0	0	0.108565	
0.996217	0.00549774	0	0.000901816	0.433204	0	0	0	0.106886	
0.996193	0.00554112	0	0.000908933	0.430647	0	0	0	0.105234	
0.996168	0.00558437	0	0.000916027	0.428106	0	0	0	0.103608	
0.996144	0.00562748	0	0.000923097	0.42558	0	0	0	0.102008	
0.996119	0.00567044	0	0.000930145	0.423069	0	0	0	0.100434	
0.996095	0.00571326	0	0.000937169	0.420573	0	0	0	0.0988845	
0.996071	0.00575594	0	0.000944169	0.418092	0	0	0	0.0973599	
0.996046	0.00579847	0	0.000951146	0.415625	0	0	0	0.0958597	
0.996022	0.00584086	0	0.000958099	0.413174	0	0	0	0.0943833	
0.995997	0.0058831	0	0.000965028	0.410737	0	0	0	0.0929306	
0.995973	0.00592519	0	0.000971932	0.408314	0	0	0	0.0915009	
0.995949	0.00596714	0	0.000978813	0.405906	0	0	0	0.0900941	
0.995924	0.00600893	0	0.000985668	0.403512	0	0	0	0.0887097	
0.9959	0.00605058	0	0.0009925	0.401133	0	0	0	0.0873473	
0.995876	0.00609208	0	0.000999306	0.398768	0	0	0	0.0860066	
0.995851	0.00613342	0	0.00100609	0.396417	0	0	0	0.0846873	
0.995827	0.00617461	0	0.00101285	0.394079	0	0	0	0.083389	
0.995803	0.00621566	0	0.00101958	0.391756	0	0	0	0.0821113	
0.995778	0.00625654	0	0.00102628	0.389447	0	0	0	0.080854	
0.995754	0.00629728	0	0.00103297	0.387151	0	0	0	0.0796167	
0.99573	0.00633786	0	0.00103962	0.384869	0	0	0	0.0783991	
0.995706	0.00637828	0	0.00104625	0.382601	0	0	0	0.0772008	
0.995681	0.00641855	0	0.00105286	0.380346	0	0	0	0.0760216	
0.995657	0.00645867	0	0.00105944	0.378105	0	0	0	0.0748611	
0.995633	0.00649863	0	0.00106599	0.375876	0	0	0	0.0737191	
0.995609	0.00653843	0	0.00107252	0.373662	0	0	0	0.0725952	
0.995584	0.00657808	0	0.00107903	0.37146	0	0	0	0.0714892	
0.99556	0.00661757	0	0.0010855	0.369271	0	0	0	0.0704007	
0.995536	0.0066569	0	0.00109195	0.367096	0	0	0	0.0693295	
0.995512	0.00669607	0	0.00109838	0.364933	0	0	0	0.0682754	
0.995488	0.00673509	0	0.00110478	0.362783	0	0	0	0.0672379	
0.995463	0.00677395	0	0.00111115	0.360646	0	0	0	0.0662169	
0.995439	0.00681265	0	0.0011175	0.358522	0	0	0	0.0652121	
0.995415	0.00685119	0	0.00112382	0.35641	0	0	0	0.0642233	
0.995391	0.00688957	0	0.00113012	0.354311	0	0	0	0.0632501	
0.995367	0.0069278	0	0.00113639	0.352225	0	0	0	0.0622923	
0.995343	0.00696586	0	0.00114263	0.35015	0	0	0	0.0613498	
0.995319	0.00700377	0	0.00114885	0.348088	0	0	0	0.0604221	
0.995295	0.00704152	0	0.00115504	0.346039	0	0	0	0.0595091	
0.99527	0.0070791	0	0.00116121	0.344001	0	0	0	0.0586106	
0.995246	0.00711653	0	0.00116735	0.341976	0	0	0	0.0577264	
0.995222	0.0071538	0	0.00117346	0.339962	0	0	0	0.0568561	
0.995198	0.00719091	0	0.00117955	0.337961	0	0	0	0.0559996	
0.995174	0.00722785	0	0.00118561	0.335971	0	0	0	0.0551566	
0.99515	0.00726464	0	0.00119164	0.333994	0	0	0	0.054327	
0.995126	0.00730127	0	0.00119765	0.332028	0	0	0	0.0535104	
0.995102	0.00733774	0	0.00120363	0.330073	0	0	0	0.0527068	
0.995078	0.00737405	0	0.00120959	0.32813	0	0	0	0.0519159	
0.995054	0.0074102	0	0.00121552	0.326199	0	0	0	0.0511375	
0.99503	0.0074462	0	0.00122142	0.324279	0	0	0	0.0503713	
0.995006	0.00748203	0	0.0012273	0.322371	0	0	0	0.0496173	
0.994982	0.0075177	0	0.00123315	0.320474	0	0	0	0.0488751	
0.994958	0.00755321	0	0.00123898	0.318588	0	0	0	0.0481447	
0.994934	0.00758857	0	0.00124478	0.316713	0	0	0	0.0474258	
0.99491	0.00762376	0	0.00125055	0.31485	0	0	0	0.0467182	
0.994886	0.0076588	0	0.0012563	0.312997	0	0	0	0.0460218	
0.994862	0.00769368	0	0.00126202	0.311156	0	0	0	0.0453363	
0.994838	0.0077284	0	0.00126771	0.309325	0	0	0	0.0446617	
0.994814	0.00776296	0	0.00127338	0.307505	0	0	0	0.0439976	
0.99479	0.00779736	0	0.00127903	0.305696	0	0	0	0.043344	
0.994766	0.00783161	0	0.00128464	0.303898	0	0	0	0.0427008	
0.994742	0.0078657	0	0.00129023	0.30211	0	0	0	0.0420676	
0.994718	0.00789963	0	0.0012958	0.300333	0	0	0	0.0414444	
0.994694	0.0079334	0	0.00130134	0.298567	0	0	0	0.040831	
0.99467	0.00796702	0	0.00130685	0.296811	0	0	0	0.0402272	
0.994646	0.00800048	0	0.00131234	0.295065	0	0	0	0.0396329	
0.994623	0.00803378	0	0.00131781	0.29333	0	0	0	0.0390479	
0.994599	0.00806693	0	0.00132324	0.291605	0	0	0	0.0384722	
0.994575	0.00809992	0	0.00132865	0.28989	0	0	0	0.0379054	
0.994551	0.00813276	0	0.00133404	0.288185	0	0	0	0.0373476	
0.994527	0.00816544	0	0.0013394	0.28649	0	0	0	0.0367985	
0.994503	0.00819796	0	0.00134474	0.284806	0	0	0	0.036258	
0.994479	0.00823033	0	0.00135005	0.283131	0	0	0	0.035726	
0.994455	0.00826255	0	0.00135533	0.281466	0	0	0	0.0352024	
0.994431	0.00829461	0	0.00136059	0.279811	0	0	0	0.0346869	
0.994408	0.00832652	0	0.00136582	0.278166	0	0	0	0.0341795	
0.994384	0.00835828	0	0.00137103	0.276531	0	0	0	0.03368	
0.99436	0.00838988	0	0.00137622	0.274905	0	0	0	0.0331884	
0.994336	0.00842133	0	0.00138138	0.273289	0	0	0	0.0327045	
0.994312	0.00845263	0	0.00138651	0.271683	0	0	0	0.0322281	
0.994288	0.00848378	0	0.00139162	0.270086	0	0	0	0.0317591	
0.994265	0.00851478	0	0.0013967	0.268498	0	0	0	0.0312975	
0.994241	0.00854562	0	0.00140176	0.26692	0	0	0	0.0308431	
0.994217	0.00857631	0	0.0014068	0.265351	0	0	0	0.0303958	
0.994193	0.00860686	0	0.00141181	0.263791	0	0	0	0.0299555	
0.994169	0.00863725	0	0.00141679	0.262241	0	0	0	0.029522	
0.994145	0.0086675	0	0.00142175	0.2607	0	0	0	0.0290953	
0.994122	0.00869759	0	0.00142669	0.259168	0	0	0	0.0286753	
0.994098	0.00872754	0	0.0014316	0.257645	0	0	0	0.0282618	
0.994074	0.00875734	0	0.00143649	0.256131	0	0	0	0.0278547	
0.99405	0.00878699	0	0.00144135	0.254625	0	0	0	0.027454	
0.994026	0.00881649	0	0.00144619	0.253129	0	0	0	0.0270595	
0.994003	0.00884585	0	0.00145101	0.251642	0	0	0	0.0266712	
0.993979	0.00887506	0	0.0014558	0.250163	0	0	0	0.0262889	
0.993955	0.00890412	0	0.00146057	0.248693	0	0	0	0.0259125	
0.993931	0.00893304	0	0.00146531	0.247232	0	0	0	0.025542	
0.993908	0.00896182	0	0.00147003	0.24578	0	0	0	0.0251772	
0.993884	0.00899045	0	0.00147473	0.244336	0	0	0	0.0248181	
0.99386	0.00901893	0	0.0014794	0.2429	0	0	0	0.0244645	
0.993836	0.00904727	0	0.00148405	0.241473	0	0	0	0.0241165	
0.993812	0.00907547	0	0.00148867	0.240054	0	0	0	0.0237738	
0.993789	0.00910353	0	0.00149328	0.238644	0	0	0	0.0234365	
0.993765	0.00913144	0	0.00149786	0.237242	0	0	0	0.0231044	
0.993741	0.00915921	0	0.00150241	0.235849	0	0	0	0.0227774	
0.993718	0.00918684	0	0.00150694	0.234463	0	0	0	0.0224555	
0.993694	0.00921433	0	0.00151145	0.233086	0	0	0	0.0221385	
0.99367	0.00924168	0	0.00151594	0.231717	0	0	0	0.0218265	
0.993646	0.00926889	0	0.0015204	0.230356	0	0	0	0.0215192	
0.993623	0.00929596	0	0.00152484	0.229003	0	0	0	0.0212168	
0.993599	0.0093229	0	0.00152926	0.227658	0	0	0	0.020919	
0.993575	0.00934969	0	0.00153365	0.226321	0	0	0	0.0206257	
0.993551	0.00937634	0	0.00153803	0.224992	0	0	0	0.0203371	
0.993528	0.00940286	0	0.00154238	0.223671	0	0	0	0.0200528	
0.993504	0.00942924	0	0.0015467	0.222357	0	0	0	0.019773	
0.99348	0.00945549	0	0.00155101	0.221051	0	0	0	0.0194974	
0.993457	0.0094816	0	0.00155529	0.219753	0	0	0	0.0192261	
0.993433	0.00950757	0	0.00155955	0.218463	0	0	0	0.018959	
0.993409	0.00953341	0	0.00156379	0.21718	0	0	0	0.0186959	
0.993386	0.00955912	0	0.00156801	0.215905	0	0	0	0.0184369	
0.993362	0.00958469	0	0.0015722	0.214637	0	0	0	0.0181819	
0.993338	0.00961013	0	0.00157637	0.213377	0	0	0	0.0179308	
0.993314	0.00963543	0	0.00158053	0.212124	0	0	0	0.0176836	
0.993291	0.00966061	0	0.00158465	0.210878	0	0	0	0.0174401	
0.993267	0.00968565	0	0.00158876	0.20964	0	0	0	0.0172004	
0.993243	0.00971056	0	0.00159285	0.208409	0	0	0	0.0169644	
0.99322	0.00973534	0	0.00159691	0.207186	0	0	0	0.0167319	
0.993196	0.00975999	0	0.00160096	0.20597	0	0	0	0.0165031	
0.993172	0.00978451	0	0.00160498	0.20476	0	0	0	0.0162777	
0.993149	0.0098089	0	0.00160898	0.203558	0	0	0	0.0160558	
0.993125	0.00983316	0	0.00161296	0.202363	0	0	0	0.0158372	
0.993101	0.0098573	0	0.00161692	0.201175	0	0	0	0.015622	
0.993078	0.00988131	0	0.00162086	0.199995	0	0	0	0.0154101	
0.993054	0.00990519	0	0.00162477	0.198821	0	0	0	0.0152014	
0.99303	0.00992894	0	0.00162867	0.197654	0	0	0	0.0149959	
0.993007	0.00995257	0	0.00163254	0.196493	0	0	0	0.0147935	
0.992983	0.00997607	0	0.0016364	0.19534	0	0	0	0.0145942	
0.99296	0.00999945	0	0.00164023	0.194193	0	0	0	0.014398	
0.992936	0.0100227	0	0.00164405	0.193054	0	0	0	0.0142047	
0.992912	0.0100458	0	0.00164784	0.191921	0	0	0	0.0140143	
0.992889	0.0100688	0	0.00165162	0.190794	0	0	0	0.0138269	
0.992865	0.0100917	0	0.00165537	0.189674	0	0	0	0.0136423	
0.992841	0.0101145	0	0.0016591	0.188561	0	0	0	0.0134605	
0.992818	0.0101371	0	0.00166282	0.187455	0	0	0	0.0132814	
0.992794	0.0101596	0	0.00166651	0.186354	0	0	0	0.0131051	
0.992771	0.010182	0	0.00167019	0.185261	0	0	0	0.0129314	
0.992747	0.0102043	0	0.00167384	0.184174	0	0	0	0.0127603	
0.992723	0.0102265	0	0.00167747	0.183093	0	0	0	0.0125919	
0.9927	0.0102485	0	0.00168109	0.182018	0	0	0	0.012426	
0.992676	0.0102704	0	0.00168469	0.18095	0	0	0	0.0122625	
0.992652	0.0102922	0	0.00168826	0.179889	0	0	0	0.0121016	
0.992629	0.0103139	0	0.00169182	0.178833	0	0	0	0.0119431	
0.992605	0.0103355	0	0.00169536	0.177784	0	0	0	0.011787	
0.992582	0.0103569	0	0.00169888	0.17674	0	0	0	0.0116332	
0.992558	0.0103783	0	0.00170238	0.175703	0	0	0	0.0114817	
0.992534	0.0103995	0	0.00170586	0.174673	0	0	0	0.0113325	
0.992511	0.0104206	0	0.00170932	0.173648	0	0	0	0.0111856	
0.992487	0.0104416	0	0.00171276	0.172629	0	0	0	0.0110408	
0.992464	0.0104625	0	0.00171619	0.171616	0	0	0	0.0108983	
0.99244	0.0104832	0	0.00171959	0.170609	0	0	0	0.0107578	
0.992416	0.0105039	0	0.00172298	0.169608	0	0	0	0.0106195	
0.992393	0.0105244	0	0.00172635	0.168613	0	0	0	0.0104832	
0.992369	0.0105449	0	0.0017297	0.167624	0	0	0	0.010349	
0.992346	0.0105652	0	0.00173303	0.166641	0	0	0	0.0102168	
0.992322	0.0105854	0	0.00173635	0.165663	0	0	0	0.0100866	
0.992299	0.0106055	0	0.00173964	0.164691	0	0	0	0.00995828	
0.992275	0.0106255	0	0.00174292	0.163725	0	0	0	0.0098319	
0.992251	0.0106454	0	0.00174618	0.162765	0	0	0	0.0097074	
0.992228	0.0106651	0	0.00174942	0.16181	0	0	0	0.00958476	
0.992204	0.0106848	0	0.00175265	0.160861	0	0	0	0.00946394	
0.992181	0.0107043	0	0.00175586	0.159917	0	0	0	0.00934492	
0.992157	0.0107238	0	0.00175905	0.158979	0	0	0	0.00922766	
0.992134	0.0107431	0	0.00176222	0.158047	0	0	0	0.00911215	
0.99211	0.0107624	0	0.00176537	0.15712	0	0	0	0.00899835	
0.992086	0.0107815	0	0.00176851	0.156198	0	0	0	0.00888624	
0.992063	0.0108005	0	0.00177163	0.155282	0	0	0	0.00877578	
0.992039	0.0108194	0	0.00177473	0.154371	0	0	0	0.00866696	
0.992016	0.0108382	0	0.00177782	0.153466	0	0	0	0.00855975	
0.991992	0.0108569	0	0.00178089	0.152566	0	0	0	0.00845413	
0.991969	0.0108756	0	0.00178394	0.151671	0	0	0	0.00835006	
0.991945	0.0108941	0	0.00178698	0.150781	0	0	0	0.00824752	
0.991922	0.0109125	0	0.00179	0.149897	0	0	0	0.0081465	
0.991898	0.0109308	0	0.001793	0.149018	0	0	0	0.00804696	
0.991875	0.010949	0	0.00179598	0.148144	0	0	0	0.00794889	
0.991851	0.0109671	0	0.00179895	0.147275	0	0	0	0.00785226	
0.991827	0.0109851	0	0.0018019	0.146411	0	0	0	0.00775705	
0.991804	0.011003	0	0.00180484	0.145553	0	0	0	0.00766323	
0.99178	0.0110208	0	0.00180776	0.144699	0	0	0	0.00757079	
0.991757	0.0110385	0	0.00181066	0.143851	0	0	0	0.0074797	
0.991733	0.0110561	0	0.00181355	0.143007	0	0	0	0.00738995	
0.99171	0.0110736	0	0.00181642	0.142169	0	0	0	0.00730151	
0.991686	0.011091	0	0.00181928	0.141335	0	0	0	0.00721435	
0.991663	0.0111083	0	0.00182212	0.140506	0	0	0	0.00712847	
0.991639	0.0111255	0	0.00182494	0.139682	0	0	0	0.00704384	
0.991616	0.0111426	0	0.00182775	0.138863	0	0	0	0.00696045	
0.991592	0.0111597	0	0.00183054	0.138049	0	0	0	0.00687826	
0.991569	0.0111766	0	0.00183332	0.13724	0	0	0	0.00679727	
0.991545	0.0111934	0	0.00183608	0.136435	0	0	0	0.00671746	
0.991522	0.0112102	0	0.00183883	0.135635	0	0	0	0.0066388	
0.991498	0.0112268	0	0.00184156	0.13484	0	0	0	0.00656129	
0.991475	0.0112434	0	0.00184427	0.134049	0	0	0	0.00648489	
0.991451	0.0112598	0	0.00184698	0.133263	0	0	0	0.0064096	
0.991428	0.0112762	0	0.00184966	0.132482	0	0	0	0.0063354	
0.991404	0.0112925	0	0.00185233	0.131705	0	0	0	0.00626227	
0.991381	0.0113087	0	0.00185499	0.130933	0	0	0	0.00619019	
0.991357	0.0113248	0	0.00185763	0.130165	0	0	0	0.00611915	
0.991334	0.0113408	0	0.00186025	0.129402	0	0	0	0.00604914	
0.99131	0.0113567	0	0.00186286	0.128644	0	0	0	0.00598013	
0.991287	0.0113725	0	0.00186546	0.12789	0	0	0	0.00591211	
0.991263	0.0113883	0	0.00186804	0.12714	0	0	0	0.00584506	
0.99124	0.0114039	0	0.00187061	0.126395	0	0	0	0.00577898	
0.991216	0.0114195	0	0.00187316	0.125654	0	0	0	0.00571384	
0.991193	0.011435	0	0.0018757	0.124917	0	0	0	0.00564963	
0.991169	0.0114503	0	0.00187823	0.124185	0	0	0	0.00558634	
0.991146	0.0114657	0	0.00188074	0.123457	0	0	0	0.00552396	
0.991122	0.0114809	0	0.00188323	0.122733	0	0	0	0.00546246	
0.991099	0.011496	0	0.00188571	0.122014	0	0	0	0.00540183	
0.991075	0.0115111	0	0.00188818	0.121298	0	0	0	0.00534207	
0.991052	0.011526	0	0.00189064	0.120587	0	0	0	0.00528316	
0.991028	0.0115409	0	0.00189308	0.119881	0	0	0	0.00522508	
0.991005	0.0115557	0	0.0018955	0.119178	0	0	0	0.00516783	
0.990981	0.0115704	0	0.00189792	0.118479	0	0	0	0.00511138	
0.990958	0.011585	0	0.00190032	0.117785	0	0	0	0.00505574	
0.990934	0.0115996	0	0.0019027	0.117095	0	0	0	0.00500088	
0.990911	0.011614	0	0.00190507	0.116408	0	0	0	0.00494679	
0.990887	0.0116284	0	0.00190743	0.115726	0	0	0	0.00489347	
0.990864	0.0116427	0	0.00190978	0.115048	0	0	0	0.00484089	
0.99084	0.0116569	0	0.00191211	0.114373	0	0	0	0.00478905	
0.990817	0.0116711	0	0.00191443	0.113703	0	0	0	0.00473795	
0.990793	0.0116851	0	0.00191674	0.113037	0	0	0	0.00468755	
0.99077	0.0116991	0	0.00191903	0.112374	0	0	0	0.00463787	
0.990746	0.011713	0	0.00192131	0.111716	0	0	0	0.00458887	
0.990723	0.0117268	0	0.00192358	0.111061	0	0	0	0.00454057	
0.9907	0.0117406	0	0.00192583	0.11041	0	0	0	0.00449293	
0.990676	0.0117542	0	0.00192807	0.109763	0	0	0	0.00444596	
0.990653	0.0117678	0	0.0019303	0.10912	0	0	0	0.00439964	
0.990629	0.0117813	0	0.00193252	0.10848	0	0	0	0.00435397	
0.990606	0.0117948	0	0.00193472	0.107845	0	0	0	0.00430893	
0.990582	0.0118081	0	0.00193691	0.107213	0	0	0	0.00426452	
0.990559	0.0118214	0	0.00193909	0.106584	0	0	0	0.00422072	
0.990535	0.0118346	0	0.00194126	0.10596	0	0	0	0.00417752	
0.990512	0.0118477	0	0.00194341	0.105339	0	0	0	0.00413492	
0.990488	0.0118608	0	0.00194555	0.104722	0	0	0	0.00409291	
0.990465	0.0118738	0	0.00194768	0.104108	0	0	0	0.00405148	
0.990442	0.0118867	0	0.0019498	0.103498	0	0	0	0.00401061	
0.990418	0.0118995	0	0.0019519	0.102891	0	0	0	0.00397031	
0.990395	0.0119123	0	0.001954	0.102289	0	0	0	0.00393056	
0.990371	0.011925	0	0.00195608	0.101689	0	0	0	0.00389136	
0.990348	0.0119376	0	0.00195815	0.101093	0	0	0	0.00385269	
0.990324	0.0119501	0	0.0019602	0.100501	0	0	0	0.00381455	
0.990301	0.0119626	0	0.00196225	0.0999122	0	0	0	0.00377693	
0.990277	0.011975	0	0.00196428	0.0993268	0	0	0	0.00373982	
0.990254	0.0119873	0	0.00196631	0.0987448	0	0	0	0.00370322	
0.990231	0.0119996	0	0.00196832	0.0981663	0	0	0	0.00366711	
0.990207	0.0120118	0	0.00197032	0.0975911	0	0	0	0.00363149	
0.990184	0.0120239	0	0.00197231	0.0970194	0	0	0	0.00359636	
0.99016	0.012036	0	0.00197428	0.096451	0	0	0	0.0035617	
0.990137	0.0120479	0	0.00197625	0.0958859	0	0	0	0.00352751	
0.990113	0.0120598	0	0.0019782	0.0953241	0	0	0	0.00349378	
0.99009	0.0120717	0	0.00198014	0.0947656	0	0	0	0.0034605	
0.990066	0.0120835	0	0.00198208	0.0942105	0	0	0	0.00342767	
0.990043	0.0120952	0	0.001984	0.0936585	0	0	0	0.00339528	
0.99002	0.0121068	0	0.00198591	0.0931098	0	0	0	0.00336333	
0.989996	0.0121184	0	0.00198781	0.0925644	0	0	0	0.0033318	
0.989973	0.0121299	0	0.00198969	0.0920221	0	0	0	0.0033007	
0.989949	0.0121414	0	0.00199157	0.091483	0	0	0	0.00327	
0.989926	0.0121527	0	0.00199344	0.0909471	0	0	0	0.00323972	
0.989902	0.012164	0	0.00199529	0.0904143	0	0	0	0.00320984	
0.989879	0.0121753	0	0.00199714	0.0898847	0	0	0	0.00318036	
0.989856	0.0121865	0	0.00199897	0.0893582	0	0	0	0.00315127	
0.989832	0.0121976	0	0.0020008	0.0888347	0	0	0	0.00312257	
0.989809	0.0122086	0	0.00200261	0.0883143	0	0	0	0.00309424	
0.989785	0.0122196	0	0.00200441	0.087797	0	0	0	0.00306629	
0.989762	0.0122306	0	0.0020062	0.0872827	0	0	0	0.0030387	
0.989739	0.0122414	0	0.00200799	0.0867715	0	0	0	0.00301148	
0.989715	0.0122522	0	0.00200976	0.0862632	0	0	0	0.00298462	
0.989692	0.012263	0	0.00201152	0.0857579	0	0	0	0.00295811	
0.989668	0.0122736	0	0.00201327	0.0852556	0	0	0	0.00293195	
0.989645	0.0122843	0	0.00201501	0.0847562	0	0	0	0.00290612	
0.989622	0.0122948	0	0.00201675	0.0842598	0	0	0	0.00288064	
0.989598	0.0123053	0	0.00201847	0.0837663	0	0	0	0.00285549	
0.989575	0.0123158	0	0.00202018	0.0832757	0	0	0	0.00283066	
0.989551	0.0123261	0	0.00202188	0.0827879	0	0	0	0.00280616	
0.989528	0.0123364	0	0.00202357	0.082303	0	0	0	0.00278197	
0.989504	0.0123467	0	0.00202525	0.081821	0	0	0	0.0027581	
0.989481	0.0123569	0	0.00202693	0.0813418	0	0	0	0.00273454	
0.989458	0.012367	0	0.00202859	0.0808654	0	0	0	0.00271128	
0.989434	0.0123771	0	0.00203024	0.0803918	0	0	0	0.00268832	
0.989411	0.0123871	0	0.00203189	0.0799209	0	0	0	0.00266565	
0.989387	0.0123971	0	0.00203352	0.0794529	0	0	0	0.00264328	
0.989364	0.012407	0	0.00203514	0.0789876	0	0	0	0.00262119	
0.989341	0.0124168	0	0.00203676	0.078525	0	0	0	0.00259939	
0.989317	0.0124266	0	0.00203837	0.0780651	0	0	0	0.00257786	
0.989294	0.0124364	0	0.00203996	0.0776079	0	0	0	0.00255661	
0.989271	0.012446	0	0.00204155	0.0771535	0	0	0	0.00253563	
0.989247	0.0124557	0	0.00204313	0.0767016	0	0	0	0.00251491	
0.989224	0.0124652	0	0.0020447	0.0762525	0	0	0	0.00249446	
0.9892	0.0124747	0	0.00204626	0.0758059	0	0	0	0.00247427	
0.989177	0.0124842	0	0.00204781	0.075362	0	0	0	0.00245433	
0.989154	0.0124936	0	0.00204935	0.0749207	0	0	0	0.00243464	
0.98913	0.0125029	0	0.00205088	0.074482	0	0	0	0.0024152	
0.989107	0.0125122	0	0.00205241	0.0740458	0	0	0	0.00239601	
0.989083	0.0125215	0	0.00205392	0.0736122	0	0	0	0.00237706	
0.98906	0.0125306	0	0.00205543	0.0731812	0	0	0	0.00235834	
0.989037	0.0125398	0	0.00205693	0.0727527	0	0	0	0.00233986	
0.989013	0.0125489	0	0.00205841	0.0723267	0	0	0	0.00232161	
0.98899	0.0125579	0	0.00205989	0.0719032	0	0	0	0.00230358	
0.988966	0.0125669	0	0.00206137	0.0714821	0	0	0	0.00228578	
0.988943	0.0125758	0	0.00206283	0.0710636	0	0	0	0.0022682	
0.98892	0.0125846	0	0.00206428	0.0706475	0	0	0	0.00225084	
0.988896	0.0125935	0	0.00206573	0.0702339	0	0	0	0.0022337	
0.988873	0.0126022	0	0.00206717	0.0698226	0	0	0	0.00221676	
0.98885	0.0126109	0	0.0020686	0.0694138	0	0	0	0.00220003	
0.988826	0.0126196	0	0.00207002	0.0690074	0	0	0	0.00218351	
0.988803	0.0126282	0	0.00207143	0.0686034	0	0	0	0.0021672	
0.988779	0.0126368	0	0.00207284	0.0682017	0	0	0	0.00215108	
0.988756	0.0126453	0	0.00207423	0.0678024	0	0	0	0.00213516	
0.988733	0.0126538	0	0.00207562	0.0674054	0	0	0	0.00211943	
0.988709	0.0126622	0	0.002077	0.0670108	0	0	0	0.0021039	
0.988686	0.0126705	0	0.00207837	0.0666185	0	0	0	0.00208855	
0.988663	0.0126789	0	0.00207974	0.0662285	0	0	0	0.00207339	
0.988639	0.0126871	0	0.00208109	0.0658407	0	0	0	0.00205841	
0.988616	0.0126953	0	0.00208244	0.0654553	0	0	0	0.00204362	
0.988593	0.0127035	0	0.00208378	0.0650721	0	0	0	0.002029	
0.988569	0.0127116	0	0.00208511	0.0646911	0	0	0	0.00201456	
0.988546	0.0127197	0	0.00208644	0.0643124	0	0	0	0.00200029	
0.988522	0.0127277	0	0.00208776	0.0639359	0	0	0	0.0019862	
0.988499	0.0127357	0	0.00208907	0.0635617	0	0	0	0.00197227	
0.988476	0.0127437	0	0.00209037	0.0631896	0	0	0	0.00195851	
0.988452	0.0127515	0	0.00209166	0.0628197	0	0	0	0.00194491	
0.988429	0.0127594	0	0.00209295	0.0624519	0	0	0	0.00193148	
0.988406	0.0127672	0	0.00209423	0.0620864	0	0	0	0.00191821	
0.988382	0.0127749	0	0.0020955	0.0617229	0	0	0	0.00190509	
0.988359	0.0127826	0	0.00209676	0.0613616	0	0	0	0.00189213	
0.988336	0.0127903	0	0.00209802	0.0610024	0	0	0	0.00187932	
0.988312	0.0127979	0	0.00209927	0.0606454	0	0	0	0.00186666	
0.988289	0.0128055	0	0.00210051	0.0602904	0	0	0	0.00185415	
0.988266	0.012813	0	0.00210175	0.0599375	0	0	0	0.00184179	
0.988242	0.0128205	0	0.00210297	0.0595867	0	0	0	0.00182957	
0.988219	0.0128279	0	0.00210419	0.0592379	0	0	0	0.00181749	
0.988196	0.0128353	0	0.00210541	0.0588912	0	0	0	0.00180556	
0.988172	0.0128427	0	0.00210661	0.0585465	0	0	0	0.00179377	
0.988149	0.01285	0	0.00210781	0.0582038	0	0	0	0.00178211	
0.988125	0.0128573	0	0.002109	0.0578631	0	0	0	0.00177059	
0.988102	0.0128645	0	0.00211019	0.0575245	0	0	0	0.0017592	
0.988079	0.0128717	0	0.00211137	0.0571878	0	0	0	0.00174794	
0.988055	0.0128788	0	0.00211254	0.0568531	0	0	0	0.00173681	
0.988032	0.0128859	0	0.0021137	0.0565203	0	0	0	0.00172582	
0.988009	0.012893	0	0.00211486	0.0561896	0	0	0	0.00171494	
0.987985	0.0129	0	0.00211601	0.0558607	0	0	0	0.0017042	
0.987962	0.012907	0	0.00211715	0.0555338	0	0	0	0.00169357	
0.987939	0.0129139	0	0.00211829	0.0552088	0	0	0	0.00168307	
0.987915	0.0129208	0	0.00211942	0.0548857	0	0	0	0.00167268	
0.987892	0.0129276	0	0.00212054	0.0545645	0	0	0	0.00166242	
0.987869	0.0129344	0	0.00212166	0.0542452	0	0	0	0.00165227	
0.987845	0.0129412	0	0.00212277	0.0539277	0	0	0	0.00164224	
0.987822	0.0129479	0	0.00212388	0.0536121	0	0	0	0.00163231	
0.987799	0.0129546	0	0.00212497	0.0532984	0	0	0	0.00162251	
0.987775	0.0129613	0	0.00212606	0.0529865	0	0	0	0.00161281	
0.987752	0.0129679	0	0.00212715	0.0526764	0	0	0	0.00160322	
0.987729	0.0129745	0	0.00212823	0.0523682	0	0	0	0.00159374	
0.987705	0.012981	0	0.0021293	0.0520617	0	0	0	0.00158436	
0.987682	0.0129875	0	0.00213036	0.0517571	0	0	0	0.00157509	
0.987659	0.012994	0	0.00213142	0.0514542	0	0	0	0.00156593	
0.987635	0.0130004	0	0.00213248	0.0511532	0	0	0	0.00155686	
0.987612	0.0130068	0	0.00213352	0.0508538	0	0	0	0.0015479	
0.987589	0.0130131	0	0.00213456	0.0505563	0	0	0	0.00153903	
0.987565	0.0130194	0	0.0021356	0.0502605	0	0	0	0.00153027	
0.987542	0.0130257	0	0.00213663	0.0499664	0	0	0	0.0015216	
0.987519	0.0130319	0	0.00213765	0.049674	0	0	0	0.00151302	
0.987495	0.0130381	0	0.00213867	0.0493834	0	0	0	0.00150454	
0.987472	0.0130443	0	0.00213968	0.0490944	0	0	0	0.00149616	
0.987449	0.0130504	0	0.00214068	0.0488072	0	0	0	0.00148786	
0.987426	0.0130565	0	0.00214168	0.0485216	0	0	0	0.00147966	
0.987402	0.0130625	0	0.00214267	0.0482377	0	0	0	0.00147154	
0.987379	0.0130685	0	0.00214366	0.0479555	0	0	0	0.00146352	
0.987356	0.0130745	0	0.00214464	0.047675	0	0	0	0.00145558	
0.987332	0.0130805	0	0.00214561	0.047396	0	0	0	0.00144773	
0.987309	0.0130864	0	0.00214658	0.0471187	0	0	0	0.00143996	
0.987286	0.0130922	0	0.00214754	0.0468431	0	0	0	0.00143228	
0.987262	0.0130981	0	0.0021485	0.046569	0	0	0	0.00142468	
0.987239	0.0131039	0	0.00214945	0.0462966	0	0	0	0.00141716	
0.987216	0.0131096	0	0.0021504	0.0460258	0	0	0	0.00140972	
0.987192	0.0131154	0	0.00215134	0.0457565	0	0	0	0.00140237	
0.987169	0.0131211	0	0.00215228	0.0454888	0	0	0	0.00139509	
0.987146	0.0131267	0	0.00215321	0.0452227	0	0	0	0.00138789	
0.987122	0.0131324	0	0.00215413	0.0449582	0	0	0	0.00138076	
0.987099	0.013138	0	0.00215505	0.0446952	0	0	0	0.00137372	
0.987076	0.0131435	0	0.00215596	0.0444337	0	0	0	0.00136674	
0.987053	0.0131491	0	0.00215687	0.0441738	0	0	0	0.00135984	
0.987029	0.0131546	0	0.00215777	0.0439154	0	0	0	0.00135302	
0.987006	0.0131601	0	0.00215867	0.0436585	0	0	0	0.00134627	
0.986983	0.0131655	0	0.00215956	0.0434032	0	0	0	0.00133958	
0.986959	0.0131709	0	0.00216045	0.0431493	0	0	0	0.00133297	
0.986936	0.0131763	0	0.00216133	0.0428969	0	0	0	0.00132643	
0.986913	0.0131816	0	0.0021622	0.042646	0	0	0	0.00131996	
0.986889	0.0131869	0	0.00216307	0.0423965	0	0	0	0.00131355	
0.986866	0.0131922	0	0.00216394	0.0421486	0	0	0	0.00130721	
0.986843	0.0131974	0	0.0021648	0.041902	0	0	0	0.00130094	
0.98682	0.0132026	0	0.00216565	0.041657	0	0	0	0.00129474	
0.986796	0.0132078	0	0.0021665	0.0414133	0	0	0	0.00128859	
0.986773	0.013213	0	0.00216735	0.0411711	0	0	0	0.00128252	
0.98675	0.0132181	0	0.00216819	0.0409303	0	0	0	0.0012765	
0.986726	0.0132232	0	0.00216902	0.0406909	0	0	0	0.00127055	
0.986703	0.0132282	0	0.00216985	0.040453	0	0	0	0.00126466	
0.98668	0.0132333	0	0.00217068	0.0402164	0	0	0	0.00125883	
0.986656	0.0132383	0	0.0021715	0.0399812	0	0	0	0.00125306	
0.986633	0.0132432	0	0.00217231	0.0397474	0	0	0	0.00124735	
0.98661	0.0132482	0	0.00217312	0.0395149	0	0	0	0.0012417	
0.986587	0.0132531	0	0.00217393	0.0392838	0	0	0	0.00123611	
0.986563	0.013258	0	0.00217473	0.0390541	0	0	0	0.00123057	
0.98654	0.0132628	0	0.00217553	0.0388257	0	0	0	0.00122509	
0.986517	0.0132676	0	0.00217632	0.0385987	0	0	0	0.00121967	
0.986493	0.0132724	0	0.0021771	0.038373	0	0	0	0.0012143	
0.98647	0.0132772	0	0.00217789	0.0381486	0	0	0	0.00120899	
0.986447	0.0132819	0	0.00217866	0.0379255	0	0	0	0.00120373	
0.986424	0.0132867	0	0.00217944	0.0377037	0	0	0	0.00119853	
0.9864	0.0132913	0	0.0021802	0.0374833	0	0	0	0.00119338	
0.986377	0.013296	0	0.00218097	0.0372641	0	0	0	0.00118828	
0.986354	0.0133006	0	0.00218172	0.0370462	0	0	0	0.00118323	
0.98633	0.0133052	0	0.00218248	0.0368296	0	0	0	0.00117823	
0.986307	0.0133098	0	0.00218323	0.0366142	0	0	0	0.00117329	
0.986284	0.0133143	0	0.00218397	0.0364002	0	0	0	0.00116839	
0.986261	0.0133188	0	0.00218471	0.0361873	0	0	0	0.00116355	
0.986237	0.0133233	0	0.00218545	0.0359758	0	0	0	0.00115875	
0.986214	0.0133278	0	0.00218618	0.0357654	0	0	0	0.001154	
0.986191	0.0133322	0	0.00218691	0.0355563	0	0	0	0.0011493	
0.986168	0.0133366	0	0.00218763	0.0353484	0	0	0	0.00114464	
0.986144	0.013341	0	0.00218835	0.0351418	0	0	0	0.00114003	
0.986121	0.0133454	0	0.00218906	0.0349363	0	0	0	0.00113547	
0.986098	0.0133497	0	0.00218977	0.0347321	0	0	0	0.00113096	
0.986074	0.013354	0	0.00219048	0.034529	0	0	0	0.00112649	
0.986051	0.0133583	0	0.00219118	0.0343272	0	0	0	0.00112206	
0.986028	0.0133625	0	0.00219188	0.0341265	0	0	0	0.00111768	
0.986005	0.0133667	0	0.00219257	0.033927	0	0	0	0.00111334	
0.985981	0.0133709	0	0.00219326	0.0337287	0	0	0	0.00110905	
0.985958	0.0133751	0	0.00219395	0.0335315	0	0	0	0.0011048	
0.985935	0.0133793	0	0.00219463	0.0333355	0	0	0	0.00110059	
0.985912	0.0133834	0	0.0021953	0.0331406	0	0	0	0.00109642	
0.985888	0.0133875	0	0.00219597	0.0329469	0	0	0	0.00109229	
0.985865	0.0133916	0	0.00219664	0.0327543	0	0	0	0.00108821	
0.985842	0.0133956	0	0.00219731	0.0325629	0	0	0	0.00108416	
0.985819	0.0133996	0	0.00219797	0.0323725	0	0	0	0.00108016	
0.985795	0.0134036	0	0.00219862	0.0321833	0	0	0	0.0010762	
0.985772	0.0134076	0	0.00219928	0.0319952	0	0	0	0.00107227	
0.985749	0.0134116	0	0.00219992	0.0318082	0	0	0	0.00106839	
0.985725	0.0134155	0	0.00220057	0.0316223	0	0	0	0.00106454	
0.985702	0.0134194	0	0.00220121	0.0314374	0	0	0	0.00106073	
0.985679	0.0134233	0	0.00220185	0.0312537	0	0	0	0.00105696	
0.985656	0.0134271	0	0.00220248	0.031071	0	0	0	0.00105322	
0.985632	0.013431	0	0.00220311	0.0308895	0	0	0	0.00104953	
0.985609	0.0134348	0	0.00220373	0.0307089	0	0	0	0.00104587	
0.985586	0.0134386	0	0.00220436	0.0305295	0	0	0	0.00104224	
0.985563	0.0134423	0	0.00220497	0.030351	0	0	0	0.00103866	
0.985539	0.0134461	0	0.00220559	0.0301737	0	0	0	0.0010351	
0.985516	0.0134498	0	0.0022062	0.0299973	0	0	0	0.00103159	
0.985493	0.0134535	0	0.0022068	0.029822	0	0	0	0.00102811	
0.98547	0.0134572	0	0.00220741	0.0296478	0	0	0	0.00102466	
0.985446	0.0134608	0	0.00220801	0.0294745	0	0	0	0.00102125	
0.985423	0.0134645	0	0.0022086	0.0293023	0	0	0	0.00101787	
0.9854	0.0134681	0	0.00220919	0.0291311	0	0	0	0.00101452	
0.985377	0.0134717	0	0.00220978	0.0289608	0	0	0	0.00101121	
0.985353	0.0134752	0	0.00221037	0.0287916	0	0	0	0.00100793	
0.98533	0.0134788	0	0.00221095	0.0286234	0	0	0	0.00100468	
0.985307	0.0134823	0	0.00221153	0.0284561	0	0	0	0.00100147	
0.985284	0.0134858	0	0.0022121	0.0282899	0	0	0	0.000998288	
0.98526	0.0134893	0	0.00221267	0.0281246	0	0	0	0.000995138	
0.985237	0.0134927	0	0.00221324	0.0279602	0	0	0	0.00099202	
0.985214	0.0134962	0	0.0022138	0.0277969	0	0	0	0.000988933	
0.985191	0.0134996	0	0.00221436	0.0276345	0	0	0	0.000985876	
0.985167	0.013503	0	0.00221492	0.027473	0	0	0	0.000982851	
0.985144	0.0135064	0	0.00221547	0.0273125	0	0	0	0.000979856	
0.985121	0.0135097	0	0.00221602	0.027153	0	0	0	0.000976891	
0.985098	0.013513	0	0.00221657	0.0269943	0	0	0	0.000973956	
0.985075	0.0135164	0	0.00221711	0.0268366	0	0	0	0.000971051	
0.985051	0.0135197	0	0.00221765	0.0266799	0	0	0	0.000968176	
0.985028	0.0135229	0	0.00221819	0.026524	0	0	0	0.000965329	
0.985005	0.0135262	0	0.00221873	0.0263691	0	0	0	0.000962512	
0.984982	0.0135294	0	0.00221926	0.026215	0	0	0	0.000959723	
0.984958	0.0135326	0	0.00221978	0.0260619	0	0	0	0.000956963	
0.984935	0.0135358	0	0.00222031	0.0259096	0	0	0	0.000954231	
0.984912	0.013539	0	0.00222083	0.0257583	0	0	0	0.000951527	
0.984889	0.0135422	0	0.00222135	0.0256078	0	0	0	0.000948851	
0.984865	0.0135453	0	0.00222186	0.0254583	0	0	0	0.000946203	
0.984842	0.0135484	0	0.00222237	0.0253096	0	0	0	0.000943582	
0.984819	0.0135515	0	0.00222288	0.0251617	0	0	0	0.000940988	
0.984796	0.0135546	0	0.00222338	0.0250148	0	0	0	0.000938422	
0.984772	0.0135576	0	0.00222389	0.0248687	0	0	0	0.000935882	
0.984749	0.0135607	0	0.00222439	0.0247234	0	0	0	0.000933369	
0.984726	0.0135637	0	0.00222488	0.024579	0	0	0	0.000930883	
0.984703	0.0135667	0	0.00222537	0.0244355	0	0	0	0.000928423	
0.98468	0.0135697	0	0.00222586	0.0242928	0	0	0	0.000925989	
0.984656	0.0135727	0	0.00222635	0.0241509	0	0	0	0.000923581	
0.984633	0.0135756	0	0.00222683	0.0240099	0	0	0	0.000921198	
0.98461	0.0135786	0	0.00222732	0.0238697	0	0	0	0.000918842	
0.984587	0.0135815	0	0.00222779	0.0237303	0	0	0	0.000916511	
0.984563	0.0135844	0	0.00222827	0.0235917	0	0	0	0.000914205	
0.98454	0.0135872	0	0.00222874	0.023454	0	0	0	0.000911924	
0.984517	0.0135901	0	0.00222921	0.023317	0	0	0	0.000909669	
0.984494	0.0135929	0	0.00222968	0.0231809	0	0	0	0.000907438	
0.984471	0.0135958	0	0.00223014	0.0230455	0	0	0	0.000905233	
0.984447	0.0135986	0	0.0022306	0.0229109	0	0	0	0.000903051	
0.984424	0.0136014	0	0.00223106	0.0227772	0	0	0	0.000900895	
0.984401	0.0136041	0	0.00223151	0.0226442	0	0	0	0.000898763	
0.984378	0.0136069	0	0.00223196	0.022512	0	0	0	0.000896655	
0.984354	0.0136096	0	0.00223241	0.0223805	0	0	0	0.000894571	
0.984331	0.0136124	0	0.00223286	0.0222499	0	0	0	0.000892512	
0.984308	0.0136151	0	0.0022333	0.02212	0	0	0	0.000890476	
0.984285	0.0136178	0	0.00223375	0.0219908	0	0	0	0.000888464	
0.984262	0.0136204	0	0.00223418	0.0218625	0	0	0	0.000886476	
0.984238	0.0136231	0	0.00223462	0.0217348	0	0	0	0.000884512	
0.984215	0.0136257	0	0.00223505	0.021608	0	0	0	0.000882572	
0.984192	0.0136283	0	0.00223548	0.0214818	0	0	0	0.000880655	
0.984169	0.013631	0	0.00223591	0.0213564	0	0	0	0.000878761	
0.984146	0.0136335	0	0.00223634	0.0212318	0	0	0	0.000876892	
0.984122	0.0136361	0	0.00223676	0.0211078	0	0	0	0.000875045	
0.984099	0.0136387	0	0.00223718	0.0209846	0	0	0	0.000873222	
0.984076	0.0136412	0	0.0022376	0.0208621	0	0	0	0.000871422	
0.984053	0.0136438	0	0.00223801	0.0207404	0	0	0	0.000869646	
0.98403	0.0136463	0	0.00223842	0.0206193	0	0	0	0.000867893	
0.984006	0.0136488	0	0.00223883	0.020499	0	0	0	0.000866163	
0.983983	0.0136512	0	0.00223924	0.0203793	0	0	0	0.000864456	
0.98396	0.0136537	0	0.00223964	0.0202604	0	0	0	0.000862773	
0.983937	0.0136562	0	0.00224005	0.0201422	0	0	0	0.000861112	
0.983914	0.0136586	0	0.00224044	0.0200246	0	0	0	0.000859476	
0.98389	0.013661	0	0.00224084	0.0199078	0	0	0	0.000857862	
0.983867	0.0136634	0	0.00224124	0.0197916	0	0	0	0.000856272	
0.983844	0.0136658	0	0.00224163	0.0196761	0	0	0	0.000854705	
0.983821	0.0136682	0	0.00224202	0.0195613	0	0	0	0.000853162	
0.983798	0.0136706	0	0.00224241	0.0194471	0	0	0	0.000851642	
0.983774	0.0136729	0	0.00224279	0.0193337	0	0	0	0.000850146	
0.983751	0.0136752	0	0.00224317	0.0192209	0	0	0	0.000848674	
0.983728	0.0136775	0	0.00224355	0.0191087	0	0	0	0.000847225	
0.983705	0.0136799	0	0.00224393	0.0189972	0	0	0	0.000845801	
0.983682	0.0136821	0	0.00224431	0.0188864	0	0	0	0.0008444	
0.983658	0.0136844	0	0.00224468	0.0187762	0	0	0	0.000843024	
0.983635	0.0136867	0	0.00224505	0.0186667	0	0	0	0.000841672	
0.983612	0.0136889	0	0.00224542	0.0185578	0	0	0	0.000840345	
0.983589	0.0136912	0	0.00224579	0.0184495	0	0	0	0.000839043	
0.983566	0.0136934	0	0.00224615	0.0183419	0	0	0	0.000837766	
0.983542	0.0136956	0	0.00224651	0.0182349	0	0	0	0.000836515	
0.983519	0.0136978	0	0.00224687	0.0181285	0	0	0	0.000835289	
0.983496	0.0137	0	0.00224723	0.0180228	0	0	0	0.000834089	
0.983473	0.0137021	0	0.00224758	0.0179176	0	0	0	0.000832916	
0.98345	0.0137043	0	0.00224794	0.0178131	0	0	0	0.000831769	
0.983426	0.0137064	0	0.00224829	0.0177092	0	0	0	0.00083065	
0.983403	0.0137085	0	0.00224864	0.0176059	0	0	0	0.000829558	
0.98338	0.0137106	0	0.00224898	0.0175033	0	0	0	0.000828495	
0.983357	0.0137127	0	0.00224933	0.0174012	0	0	0	0.000827461	
0.983334	0.0137148	0	0.00224967	0.0172997	0	0	0	0.000826456	
0.983311	0.0137169	0	0.00225001	0.0171988	0	0	0	0.000825482	
0.983287	0.013719	0	0.00225035	0.0170985	0	0	0	0.000824538	
0.983264	0.013721	0	0.00225068	0.0169988	0	0	0	0.000823627	
0.983241	0.013723	0	0.00225102	0.0168997	0	0	0	0.000822749	
0.983218	0.0137251	0	0.00225135	0.0168011	0	0	0	0.000821905	
0.983195	0.0137271	0	0.00225168	0.0167032	0	0	0	0.000821096	
0.983171	0.0137291	0	0.002252	0.0166058	0	0	0	0.000820324	
0.983148	0.0137311	0	0.00225233	0.016509	0	0	0	0.00081959	
0.983125	0.013733	0	0.00225265	0.0164127	0	0	0	0.000818896	
0.983102	0.013735	0	0.00225298	0.016317	0	0	0	0.000818244	
0.983079	0.0137369	0	0.00225329	0.0162219	0	0	0	0.000817636	
0.983056	0.0137389	0	0.00225361	0.0161273	0	0	0	0.000817075	
