1	0	0	0	1	0	0	0	1	
0.999891	9.03949e-07	0	2.59712e-07	0.995957	0	0	0	0.977733	
0.999782	3.55694e-06	0	1.02246e-06	0.991962	0	0	0	0.956316	
0.999674	7.89008e-06	0	2.26795e-06	0.987985	0	0	0	0.935371	
0.999567	1.38333e-05	0	3.97601e-06	0.984026	0	0	0	0.914887	
0.999459	2.13208e-05	0	6.12781e-06	0.980086	0	0	0	0.894855	
0.999352	3.02912e-05	0	8.70565e-06	0.976164	0	0	0	0.875264	
0.999245	4.06864e-05	0	1.16929e-05	0.97226	0	0	0	0.856105	
0.999139	5.24517e-05	0	1.50737e-05	0.968373	0	0	0	0.837368	
0.999032	6.55353e-05	0	1.88333e-05	0.964505	0	0	0	0.819044	
0.998926	7.98881e-05	0	2.29576e-05	0.960653	0	0	0	0.801123	
0.998821	9.54633e-05	0	2.74331e-05	0.956819	0	0	0	0.783597	
0.998715	0.000112216	0	3.22471e-05	0.953002	0	0	0	0.766457	
0.99861	0.000130105	0	3.73873e-05	0.949203	0	0	0	0.749695	
0.998505	0.000149089	0	4.28421e-05	0.94542	0	0	0	0.733301	
0.9984	0.000169128	0	4.86003e-05	0.941654	0	0	0	0.717269	
0.998295	0.000190187	0	5.46512e-05	0.937905	0	0	0	0.701589	
0.998191	0.000212229	0	6.09847e-05	0.934172	0	0	0	0.686255	
0.998087	0.000235219	0	6.75907e-05	0.930455	0	0	0	0.671258	
0.997983	0.000259125	0	7.44599e-05	0.926755	0	0	0	0.656591	
0.997879	0.000283916	0	8.1583e-05	0.923072	0	0	0	0.642247	
0.997775	0.00030956	0	8.89514e-05	0.919404	0	0	0	0.628219	
0.997672	0.000336027	0	9.65564e-05	0.915752	0	0	0	0.614499	
0.997569	0.00036329	0	0.00010439	0.912116	0	0	0	0.601082	
0.997466	0.000391321	0	0.000112444	0.908496	0	0	0	0.587959	
0.997363	0.000420093	0	0.000120711	0.904892	0	0	0	0.575126	
0.99726	0.000449581	0	0.000129184	0.901303	0	0	0	0.562574	
0.997158	0.00047976	0	0.000137856	0.89773	0	0	0	0.550299	
0.997055	0.000510605	0	0.000146718	0.894172	0	0	0	0.538294	
0.996953	0.000542094	0	0.000155766	0.890629	0	0	0	0.526553	
0.996851	0.000574204	0	0.000164992	0.887102	0	0	0	0.51507	
0.996749	0.000606913	0	0.000174391	0.883589	0	0	0	0.50384	
0.996647	0.0006402	0	0.000183955	0.880092	0	0	0	0.492857	
0.996545	0.000674044	0	0.000193679	0.876609	0	0	0	0.482115	
0.996444	0.000708426	0	0.000203558	0.873142	0	0	0	0.471609	
0.996343	0.000743327	0	0.000213586	0.869689	0	0	0	0.461335	
0.996241	0.000778726	0	0.000223758	0.86625	0	0	0	0.451286	
0.99614	0.000814608	0	0.000234068	0.862826	0	0	0	0.441458	
0.996039	0.000850953	0	0.000244511	0.859417	0	0	0	0.431847	
0.995938	0.000887745	0	0.000255082	0.856022	0	0	0	0.422446	
0.995838	0.000924967	0	0.000265777	0.852641	0	0	0	0.413253	
0.995737	0.000962603	0	0.000276591	0.849275	0	0	0	0.404261	
0.995636	0.00100064	0	0.000287519	0.845923	0	0	0	0.395467	
0.995536	0.00103906	0	0.000298558	0.842584	0	0	0	0.386866	
0.995436	0.00107784	0	0.000309702	0.83926	0	0	0	0.378454	
0.995336	0.00111698	0	0.000320948	0.835949	0	0	0	0.370227	
0.995235	0.00115646	0	0.000332292	0.832653	0	0	0	0.362181	
0.995135	0.00119627	0	0.000343729	0.82937	0	0	0	0.354312	
0.995036	0.00123639	0	0.000355257	0.826101	0	0	0	0.346615	
0.994936	0.00127681	0	0.000366871	0.822845	0	0	0	0.339088	
0.994836	0.00131752	0	0.000378568	0.819603	0	0	0	0.331726	
0.994736	0.0013585	0	0.000390344	0.816374	0	0	0	0.324526	
0.994637	0.00139975	0	0.000402196	0.813159	0	0	0	0.317483	
0.994538	0.00144126	0	0.000414121	0.809957	0	0	0	0.310596	
0.994438	0.001483	0	0.000426115	0.806769	0	0	0	0.30386	
0.994339	0.00152497	0	0.000438175	0.803593	0	0	0	0.297271	
0.99424	0.00156717	0	0.000450299	0.800431	0	0	0	0.290828	
0.994141	0.00160957	0	0.000462483	0.797281	0	0	0	0.284525	
0.994042	0.00165218	0	0.000474725	0.794145	0	0	0	0.278362	
0.993943	0.00169498	0	0.000487021	0.791021	0	0	0	0.272333	
0.993844	0.00173795	0	0.00049937	0.78791	0	0	0	0.266437	
0.993745	0.0017811	0	0.000511768	0.784812	0	0	0	0.26067	
0.993647	0.00182442	0	0.000524213	0.781727	0	0	0	0.25503	
0.993548	0.00186788	0	0.000536702	0.778654	0	0	0	0.249513	
0.993449	0.0019115	0	0.000549233	0.775594	0	0	0	0.244118	
0.993351	0.00195525	0	0.000561804	0.772547	0	0	0	0.238841	
0.993253	0.00199913	0	0.000574412	0.769511	0	0	0	0.23368	
0.993154	0.00204313	0	0.000587055	0.766489	0	0	0	0.228632	
0.993056	0.00208725	0	0.000599732	0.763478	0	0	0	0.223695	
0.992958	0.00213147	0	0.000612439	0.76048	0	0	0	0.218866	
0.99286	0.0021758	0	0.000625174	0.757494	0	0	0	0.214143	
0.992762	0.00222022	0	0.000637937	0.75452	0	0	0	0.209524	
0.992663	0.00226472	0	0.000650724	0.751558	0	0	0	0.205005	
0.992566	0.00230931	0	0.000663535	0.748609	0	0	0	0.200586	
0.992468	0.00235397	0	0.000676366	0.745671	0	0	0	0.196264	
0.99237	0.00239869	0	0.000689217	0.742745	0	0	0	0.192037	
0.992272	0.00244348	0	0.000702086	0.739831	0	0	0	0.187902	
0.992174	0.00248832	0	0.00071497	0.736929	0	0	0	0.183858	
0.992077	0.00253322	0	0.000727869	0.734038	0	0	0	0.179903	
0.991979	0.00257815	0	0.000740781	0.73116	0	0	0	0.176034	
0.991881	0.00262313	0	0.000753703	0.728292	0	0	0	0.17225	
0.991784	0.00266814	0	0.000766636	0.725437	0	0	0	0.168549	
0.991686	0.00271318	0	0.000779576	0.722593	0	0	0	0.164929	
0.991589	0.00275824	0	0.000792523	0.71976	0	0	0	0.161389	
0.991492	0.00280332	0	0.000805476	0.716939	0	0	0	0.157926	
0.991394	0.00284841	0	0.000818433	0.714129	0	0	0	0.154538	
0.991297	0.00289351	0	0.000831392	0.71133	0	0	0	0.151225	
0.9912	0.00293862	0	0.000844353	0.708543	0	0	0	0.147985	
0.991102	0.00298373	0	0.000857314	0.705767	0	0	0	0.144815	
0.991005	0.00302884	0	0.000870274	0.703002	0	0	0	0.141715	
0.990908	0.00307393	0	0.000883231	0.700248	0	0	0	0.138683	
0.990811	0.00311902	0	0.000896186	0.697505	0	0	0	0.135717	
0.990714	0.00316409	0	0.000909136	0.694774	0	0	0	0.132816	
0.990617	0.00320914	0	0.00092208	0.692053	0	0	0	0.129979	
0.99052	0.00325417	0	0.000935018	0.689343	0	0	0	0.127204	
0.990423	0.00329917	0	0.000947948	0.686644	0	0	0	0.124489	
0.990326	0.00334415	0	0.00096087	0.683956	0	0	0	0.121834	
0.99023	0.00338909	0	0.000973783	0.681278	0	0	0	0.119237	
0.990133	0.00343399	0	0.000986685	0.678611	0	0	0	0.116696	
0.990036	0.00347886	0	0.000999575	0.675955	0	0	0	0.114211	
0.989939	0.00352368	0	0.00101245	0.673309	0	0	0	0.111781	
0.989843	0.00356845	0	0.00102532	0.670674	0	0	0	0.109404	
0.989746	0.00361318	0	0.00103817	0.66805	0	0	0	0.107078	
0.989649	0.00365786	0	0.00105101	0.665436	0	0	0	0.104804	
0.989553	0.00370248	0	0.00106383	0.662832	0	0	0	0.102579	
0.989456	0.00374705	0	0.00107663	0.660239	0	0	0	0.100403	
0.98936	0.00379155	0	0.00108942	0.657656	0	0	0	0.0982745	
0.989263	0.003836	0	0.00110219	0.655083	0	0	0	0.0961924	
0.989167	0.00388038	0	0.00111494	0.652521	0	0	0	0.0941558	
0.989071	0.00392469	0	0.00112768	0.649969	0	0	0	0.0921637	
0.988974	0.00396894	0	0.00114039	0.647427	0	0	0	0.090215	
0.988878	0.00401312	0	0.00115308	0.644895	0	0	0	0.088309	
0.988781	0.00405722	0	0.00116575	0.642373	0	0	0	0.0864445	
0.988685	0.00410125	0	0.0011784	0.639861	0	0	0	0.0846208	
0.988589	0.0041452	0	0.00119103	0.637359	0	0	0	0.0828369	
0.988493	0.00418907	0	0.00120364	0.634868	0	0	0	0.0810919	
0.988396	0.00423286	0	0.00121622	0.632386	0	0	0	0.0793849	
0.9883	0.00427657	0	0.00122878	0.629913	0	0	0	0.0777152	
0.988204	0.00432019	0	0.00124131	0.627451	0	0	0	0.076082	
0.988108	0.00436373	0	0.00125382	0.624998	0	0	0	0.0744843	
0.988012	0.00440718	0	0.00126631	0.622555	0	0	0	0.0729215	
0.987916	0.00445054	0	0.00127876	0.620122	0	0	0	0.0713928	
0.98782	0.00449381	0	0.0012912	0.617699	0	0	0	0.0698974	
0.987724	0.00453699	0	0.0013036	0.615285	0	0	0	0.0684346	
0.987628	0.00458008	0	0.00131598	0.61288	0	0	0	0.0670036	
0.987532	0.00462306	0	0.00132833	0.610485	0	0	0	0.0656039	
0.987436	0.00466596	0	0.00134066	0.6081	0	0	0	0.0642346	
0.98734	0.00470875	0	0.00135295	0.605724	0	0	0	0.0628952	
0.987244	0.00475144	0	0.00136522	0.603357	0	0	0	0.0615849	
0.987148	0.00479404	0	0.00137746	0.601	0	0	0	0.0603032	
0.987052	0.00483653	0	0.00138967	0.598652	0	0	0	0.0590493	
0.986957	0.00487892	0	0.00140185	0.596314	0	0	0	0.0578228	
0.986861	0.00492121	0	0.001414	0.593984	0	0	0	0.0566229	
0.986765	0.00496339	0	0.00142612	0.591664	0	0	0	0.0554491	
0.986669	0.00500546	0	0.00143821	0.589353	0	0	0	0.0543009	
0.986574	0.00504743	0	0.00145026	0.587051	0	0	0	0.0531776	
0.986478	0.00508929	0	0.00146229	0.584758	0	0	0	0.0520788	
0.986382	0.00513104	0	0.00147429	0.582475	0	0	0	0.0510038	
0.986287	0.00517268	0	0.00148625	0.5802	0	0	0	0.0499522	
0.986191	0.00521421	0	0.00149819	0.577934	0	0	0	0.0489235	
0.986095	0.00525563	0	0.00151009	0.575677	0	0	0	0.0479171	
0.986	0.00529694	0	0.00152195	0.573429	0	0	0	0.0469326	
0.985904	0.00533813	0	0.00153379	0.57119	0	0	0	0.0459694	
0.985809	0.00537922	0	0.00154559	0.56896	0	0	0	0.0450272	
0.985713	0.00542018	0	0.00155737	0.566738	0	0	0	0.0441054	
0.985617	0.00546103	0	0.0015691	0.564526	0	0	0	0.0432036	
0.985522	0.00550177	0	0.00158081	0.562322	0	0	0	0.0423213	
0.985426	0.00554239	0	0.00159248	0.560126	0	0	0	0.0414582	
0.985331	0.00558289	0	0.00160412	0.55794	0	0	0	0.0406138	
0.985236	0.00562328	0	0.00161572	0.555762	0	0	0	0.0397878	
0.98514	0.00566354	0	0.00162729	0.553592	0	0	0	0.0389796	
0.985045	0.00570369	0	0.00163882	0.551431	0	0	0	0.0381889	
0.984949	0.00574372	0	0.00165033	0.549279	0	0	0	0.0374154	
0.984854	0.00578363	0	0.00166179	0.547135	0	0	0	0.0366586	
0.984759	0.00582343	0	0.00167323	0.544999	0	0	0	0.0359182	
0.984663	0.0058631	0	0.00168463	0.542872	0	0	0	0.0351938	
0.984568	0.00590265	0	0.00169599	0.540753	0	0	0	0.0344851	
0.984473	0.00594208	0	0.00170732	0.538643	0	0	0	0.0337917	
0.984377	0.00598138	0	0.00171861	0.536541	0	0	0	0.0331133	
0.984282	0.00602057	0	0.00172987	0.534447	0	0	0	0.0324496	
0.984187	0.00605963	0	0.0017411	0.532361	0	0	0	0.0318002	
0.984092	0.00609858	0	0.00175228	0.530284	0	0	0	0.0311648	
0.983996	0.0061374	0	0.00176344	0.528214	0	0	0	0.0305432	
0.983901	0.00617609	0	0.00177456	0.526153	0	0	0	0.029935	
0.983806	0.00621467	0	0.00178564	0.5241	0	0	0	0.0293399	
0.983711	0.00625312	0	0.00179669	0.522055	0	0	0	0.0287577	
0.983616	0.00629144	0	0.0018077	0.520018	0	0	0	0.028188	
0.983521	0.00632965	0	0.00181868	0.517989	0	0	0	0.0276306	
0.983425	0.00636773	0	0.00182962	0.515968	0	0	0	0.0270852	
0.98333	0.00640568	0	0.00184052	0.513955	0	0	0	0.0265516	
0.983235	0.00644351	0	0.00185139	0.51195	0	0	0	0.0260295	
0.98314	0.00648122	0	0.00186223	0.509952	0	0	0	0.0255186	
0.983045	0.0065188	0	0.00187303	0.507963	0	0	0	0.0250187	
0.98295	0.00655626	0	0.00188379	0.505981	0	0	0	0.0245295	
0.982855	0.00659359	0	0.00189451	0.504007	0	0	0	0.0240509	
0.98276	0.0066308	0	0.00190521	0.502041	0	0	0	0.0235826	
0.982665	0.00666789	0	0.00191586	0.500083	0	0	0	0.0231243	
0.98257	0.00670485	0	0.00192648	0.498132	0	0	0	0.0226759	
0.982475	0.00674168	0	0.00193706	0.496189	0	0	0	0.0222371	
0.98238	0.00677839	0	0.00194761	0.494253	0	0	0	0.0218078	
0.982285	0.00681498	0	0.00195812	0.492325	0	0	0	0.0213876	
0.98219	0.00685144	0	0.0019686	0.490405	0	0	0	0.0209765	
0.982095	0.00688777	0	0.00197904	0.488492	0	0	0	0.0205741	
0.982001	0.00692399	0	0.00198944	0.486587	0	0	0	0.0201804	
0.981906	0.00696007	0	0.00199981	0.484689	0	0	0	0.0197952	
0.981811	0.00699603	0	0.00201014	0.482799	0	0	0	0.0194181	
0.981716	0.00703187	0	0.00202044	0.480916	0	0	0	0.0190492	
0.981621	0.00706758	0	0.0020307	0.47904	0	0	0	0.0186881	
0.981526	0.00710317	0	0.00204093	0.477172	0	0	0	0.0183348	
0.981432	0.00713863	0	0.00205112	0.475311	0	0	0	0.017989	
0.981337	0.00717397	0	0.00206127	0.473457	0	0	0	0.0176506	
0.981242	0.00720919	0	0.00207139	0.471611	0	0	0	0.0173194	
0.981147	0.00724428	0	0.00208147	0.469771	0	0	0	0.0169953	
0.981052	0.00727925	0	0.00209152	0.467939	0	0	0	0.0166781	
0.980958	0.00731409	0	0.00210153	0.466115	0	0	0	0.0163677	
0.980863	0.00734881	0	0.0021115	0.464297	0	0	0	0.0160638	
0.980768	0.0073834	0	0.00212145	0.462486	0	0	0	0.0157665	
0.980674	0.00741787	0	0.00213135	0.460683	0	0	0	0.0154755	
0.980579	0.00745222	0	0.00214122	0.458887	0	0	0	0.0151906	
0.980484	0.00748645	0	0.00215105	0.457097	0	0	0	0.0149119	
0.98039	0.00752055	0	0.00216085	0.455315	0	0	0	0.014639	
0.980295	0.00755453	0	0.00217061	0.453539	0	0	0	0.014372	
0.9802	0.00758839	0	0.00218034	0.451771	0	0	0	0.0141106	
0.980106	0.00762212	0	0.00219003	0.450009	0	0	0	0.0138547	
0.980011	0.00765573	0	0.00219969	0.448255	0	0	0	0.0136043	
0.979916	0.00768922	0	0.00220931	0.446507	0	0	0	0.0133592	
0.979822	0.00772259	0	0.0022189	0.444766	0	0	0	0.0131193	
0.979727	0.00775583	0	0.00222845	0.443032	0	0	0	0.0128844	
0.979633	0.00778896	0	0.00223797	0.441305	0	0	0	0.0126545	
0.979538	0.00782196	0	0.00224745	0.439584	0	0	0	0.0124295	
0.979444	0.00785484	0	0.0022569	0.43787	0	0	0	0.0122092	
0.979349	0.0078876	0	0.00226631	0.436163	0	0	0	0.0119936	
0.979255	0.00792024	0	0.00227569	0.434463	0	0	0	0.0117825	
0.97916	0.00795276	0	0.00228504	0.432769	0	0	0	0.0115759	
0.979066	0.00798516	0	0.00229435	0.431082	0	0	0	0.0113736	
0.978971	0.00801744	0	0.00230362	0.429401	0	0	0	0.0111756	
0.978877	0.0080496	0	0.00231286	0.427727	0	0	0	0.0109818	
0.978782	0.00808164	0	0.00232207	0.42606	0	0	0	0.010792	
0.978688	0.00811357	0	0.00233124	0.424399	0	0	0	0.0106062	
0.978593	0.00814537	0	0.00234038	0.422744	0	0	0	0.0104243	
0.978499	0.00817705	0	0.00234948	0.421096	0	0	0	0.0102462	
0.978405	0.00820862	0	0.00235855	0.419455	0	0	0	0.0100719	
0.97831	0.00824007	0	0.00236758	0.417819	0	0	0	0.00990116	
0.978216	0.00827139	0	0.00237659	0.416191	0	0	0	0.00973402	
0.978121	0.00830261	0	0.00238555	0.414568	0	0	0	0.00957038	
0.978027	0.0083337	0	0.00239449	0.412952	0	0	0	0.00941016	
0.977933	0.00836468	0	0.00240339	0.411343	0	0	0	0.00925328	
0.977838	0.00839554	0	0.00241226	0.409739	0	0	0	0.00909967	
0.977744	0.00842628	0	0.00242109	0.408142	0	0	0	0.00894926	
0.97765	0.00845691	0	0.00242989	0.406551	0	0	0	0.00880198	
0.977556	0.00848742	0	0.00243866	0.404966	0	0	0	0.00865776	
0.977461	0.00851782	0	0.00244739	0.403388	0	0	0	0.00851653	
0.977367	0.0085481	0	0.00245609	0.401816	0	0	0	0.00837824	
0.977273	0.00857827	0	0.00246476	0.400249	0	0	0	0.00824281	
0.977178	0.00860832	0	0.00247339	0.398689	0	0	0	0.00811019	
0.977084	0.00863825	0	0.00248199	0.397135	0	0	0	0.00798031	
0.97699	0.00866808	0	0.00249056	0.395587	0	0	0	0.00785312	
0.976896	0.00869779	0	0.0024991	0.394046	0	0	0	0.00772855	
0.976802	0.00872738	0	0.0025076	0.39251	0	0	0	0.00760656	
0.976707	0.00875686	0	0.00251607	0.39098	0	0	0	0.00748707	
0.976613	0.00878623	0	0.00252451	0.389456	0	0	0	0.00737005	
0.976519	0.00881549	0	0.00253292	0.387938	0	0	0	0.00725543	
0.976425	0.00884463	0	0.00254129	0.386426	0	0	0	0.00714317	
0.976331	0.00887366	0	0.00254963	0.38492	0	0	0	0.00703321	
0.976237	0.00890258	0	0.00255794	0.38342	0	0	0	0.0069255	
0.976142	0.00893139	0	0.00256622	0.381926	0	0	0	0.00682	
0.976048	0.00896009	0	0.00257447	0.380437	0	0	0	0.00671666	
0.975954	0.00898868	0	0.00258268	0.378954	0	0	0	0.00661542	
0.97586	0.00901716	0	0.00259086	0.377477	0	0	0	0.00651626	
0.975766	0.00904552	0	0.00259901	0.376006	0	0	0	0.00641911	
0.975672	0.00907378	0	0.00260713	0.374541	0	0	0	0.00632394	
0.975578	0.00910193	0	0.00261522	0.373081	0	0	0	0.0062307	
0.975484	0.00912997	0	0.00262327	0.371627	0	0	0	0.00613935	
0.97539	0.0091579	0	0.0026313	0.370179	0	0	0	0.00604986	
0.975296	0.00918572	0	0.00263929	0.368736	0	0	0	0.00596218	
0.975202	0.00921343	0	0.00264726	0.367299	0	0	0	0.00587627	
0.975108	0.00924104	0	0.00265519	0.365868	0	0	0	0.0057921	
0.975014	0.00926854	0	0.00266309	0.364442	0	0	0	0.00570962	
0.97492	0.00929593	0	0.00267096	0.363022	0	0	0	0.0056288	
0.974826	0.00932321	0	0.0026788	0.361607	0	0	0	0.00554961	
0.974732	0.00935039	0	0.00268661	0.360198	0	0	0	0.00547201	
0.974638	0.00937746	0	0.00269438	0.358795	0	0	0	0.00539597	
0.974544	0.00940442	0	0.00270213	0.357396	0	0	0	0.00532144	
0.97445	0.00943128	0	0.00270985	0.356004	0	0	0	0.00524841	
0.974356	0.00945804	0	0.00271754	0.354616	0	0	0	0.00517683	
0.974262	0.00948469	0	0.00272519	0.353235	0	0	0	0.00510668	
0.974168	0.00951124	0	0.00273282	0.351858	0	0	0	0.00503793	
0.974075	0.00953768	0	0.00274042	0.350487	0	0	0	0.00497054	
0.973981	0.00956401	0	0.00274799	0.349121	0	0	0	0.00490449	
0.973887	0.00959025	0	0.00275552	0.347761	0	0	0	0.00483975	
0.973793	0.00961638	0	0.00276303	0.346406	0	0	0	0.00477628	
0.973699	0.00964241	0	0.00277051	0.345056	0	0	0	0.00471407	
0.973605	0.00966833	0	0.00277796	0.343711	0	0	0	0.00465309	
0.973511	0.00969416	0	0.00278538	0.342372	0	0	0	0.0045933	
0.973418	0.00971988	0	0.00279277	0.341038	0	0	0	0.00453469	
0.973324	0.0097455	0	0.00280013	0.339709	0	0	0	0.00447722	
0.97323	0.00977102	0	0.00280746	0.338385	0	0	0	0.00442088	
0.973136	0.00979643	0	0.00281477	0.337067	0	0	0	0.00436564	
0.973043	0.00982175	0	0.00282204	0.335754	0	0	0	0.00431148	
0.972949	0.00984697	0	0.00282929	0.334445	0	0	0	0.00425837	
0.972855	0.00987209	0	0.0028365	0.333142	0	0	0	0.00420629	
0.972761	0.0098971	0	0.00284369	0.331844	0	0	0	0.00415523	
0.972668	0.00992202	0	0.00285085	0.330551	0	0	0	0.00410514	
0.972574	0.00994684	0	0.00285798	0.329263	0	0	0	0.00405603	
0.97248	0.00997156	0	0.00286509	0.32798	0	0	0	0.00400786	
0.972386	0.00999619	0	0.00287216	0.326702	0	0	0	0.00396062	
0.972293	0.0100207	0	0.00287921	0.32543	0	0	0	0.00391428	
0.972199	0.0100451	0	0.00288623	0.324162	0	0	0	0.00386883	
0.972105	0.0100695	0	0.00289322	0.322899	0	0	0	0.00382425	
0.972012	0.0100937	0	0.00290018	0.321641	0	0	0	0.00378052	
0.971918	0.0101178	0	0.00290711	0.320387	0	0	0	0.00373762	
0.971825	0.0101419	0	0.00291402	0.319139	0	0	0	0.00369553	
0.971731	0.0101658	0	0.0029209	0.317896	0	0	0	0.00365424	
0.971637	0.0101897	0	0.00292775	0.316657	0	0	0	0.00361374	
0.971544	0.0102134	0	0.00293458	0.315423	0	0	0	0.00357399	
0.97145	0.0102371	0	0.00294138	0.314194	0	0	0	0.00353499	
0.971357	0.0102607	0	0.00294815	0.31297	0	0	0	0.00349673	
0.971263	0.0102841	0	0.00295489	0.311751	0	0	0	0.00345917	
0.971169	0.0103075	0	0.00296161	0.310536	0	0	0	0.00342232	
0.971076	0.0103308	0	0.0029683	0.309327	0	0	0	0.00338616	
0.970982	0.010354	0	0.00297496	0.308122	0	0	0	0.00335067	
0.970889	0.0103771	0	0.0029816	0.306921	0	0	0	0.00331584	
0.970795	0.0104001	0	0.00298821	0.305725	0	0	0	0.00328164	
0.970702	0.010423	0	0.00299479	0.304534	0	0	0	0.00324808	
0.970608	0.0104458	0	0.00300135	0.303348	0	0	0	0.00321514	
0.970515	0.0104685	0	0.00300788	0.302166	0	0	0	0.0031828	
0.970421	0.0104912	0	0.00301438	0.300989	0	0	0	0.00315105	
0.970328	0.0105137	0	0.00302086	0.299816	0	0	0	0.00311988	
0.970234	0.0105362	0	0.00302731	0.298648	0	0	0	0.00308928	
0.970141	0.0105586	0	0.00303374	0.297485	0	0	0	0.00305923	
0.970047	0.0105808	0	0.00304014	0.296326	0	0	0	0.00302973	
0.969954	0.010603	0	0.00304651	0.295172	0	0	0	0.00300076	
0.969861	0.0106251	0	0.00305286	0.294022	0	0	0	0.0029723	
0.969767	0.0106471	0	0.00305919	0.292876	0	0	0	0.00294436	
0.969674	0.010669	0	0.00306548	0.291735	0	0	0	0.00291692	
0.96958	0.0106909	0	0.00307176	0.290599	0	0	0	0.00288996	
0.969487	0.0107126	0	0.003078	0.289467	0	0	0	0.00286349	
0.969394	0.0107343	0	0.00308423	0.288339	0	0	0	0.00283748	
0.9693	0.0107558	0	0.00309042	0.287216	0	0	0	0.00281193	
0.969207	0.0107773	0	0.00309659	0.286097	0	0	0	0.00278684	
0.969114	0.0107987	0	0.00310274	0.284982	0	0	0	0.00276218	
0.96902	0.01082	0	0.00310886	0.283872	0	0	0	0.00273795	
0.968927	0.0108412	0	0.00311496	0.282766	0	0	0	0.00271415	
0.968834	0.0108624	0	0.00312103	0.281665	0	0	0	0.00269076	
0.96874	0.0108834	0	0.00312708	0.280568	0	0	0	0.00266777	
0.968647	0.0109044	0	0.0031331	0.279475	0	0	0	0.00264518	
0.968554	0.0109253	0	0.0031391	0.278386	0	0	0	0.00262298	
0.968461	0.010946	0	0.00314508	0.277302	0	0	0	0.00260115	
0.968367	0.0109668	0	0.00315103	0.276222	0	0	0	0.00257971	
0.968274	0.0109874	0	0.00315695	0.275146	0	0	0	0.00255862	
0.968181	0.0110079	0	0.00316285	0.274074	0	0	0	0.00253789	
0.968088	0.0110284	0	0.00316873	0.273006	0	0	0	0.00251752	
0.967994	0.0110488	0	0.00317459	0.271943	0	0	0	0.00249748	
0.967901	0.011069	0	0.00318042	0.270883	0	0	0	0.00247778	
0.967808	0.0110893	0	0.00318622	0.269828	0	0	0	0.00245841	
0.967715	0.0111094	0	0.00319201	0.268777	0	0	0	0.00243937	
0.967622	0.0111294	0	0.00319777	0.26773	0	0	0	0.00242063	
0.967528	0.0111494	0	0.0032035	0.266687	0	0	0	0.00240221	
0.967435	0.0111693	0	0.00320922	0.265649	0	0	0	0.00238409	
0.967342	0.0111891	0	0.0032149	0.264614	0	0	0	0.00236627	
0.967249	0.0112088	0	0.00322057	0.263583	0	0	0	0.00234873	
0.967156	0.0112284	0	0.00322621	0.262556	0	0	0	0.00233149	
0.967063	0.011248	0	0.00323183	0.261534	0	0	0	0.00231452	
0.96697	0.0112675	0	0.00323743	0.260515	0	0	0	0.00229782	
0.966877	0.0112869	0	0.003243	0.2595	0	0	0	0.0022814	
0.966783	0.0113062	0	0.00324856	0.25849	0	0	0	0.00226523	
0.96669	0.0113254	0	0.00325409	0.257483	0	0	0	0.00224932	
0.966597	0.0113446	0	0.00325959	0.25648	0	0	0	0.00223367	
0.966504	0.0113637	0	0.00326507	0.255481	0	0	0	0.00221826	
0.966411	0.0113827	0	0.00327054	0.254486	0	0	0	0.00220309	
0.966318	0.0114016	0	0.00327597	0.253495	0	0	0	0.00218816	
0.966225	0.0114205	0	0.00328139	0.252507	0	0	0	0.00217346	
0.966132	0.0114393	0	0.00328679	0.251524	0	0	0	0.00215899	
0.966039	0.0114579	0	0.00329216	0.250544	0	0	0	0.00214475	
0.965946	0.0114766	0	0.00329751	0.249568	0	0	0	0.00213072	
0.965853	0.0114951	0	0.00330284	0.248596	0	0	0	0.00211691	
0.96576	0.0115136	0	0.00330814	0.247628	0	0	0	0.0021033	
0.965667	0.011532	0	0.00331343	0.246663	0	0	0	0.00208991	
0.965574	0.0115503	0	0.00331869	0.245703	0	0	0	0.00207671	
0.965481	0.0115685	0	0.00332393	0.244746	0	0	0	0.00206372	
0.965388	0.0115867	0	0.00332915	0.243793	0	0	0	0.00205091	
0.965295	0.0116048	0	0.00333435	0.242843	0	0	0	0.0020383	
0.965202	0.0116228	0	0.00333953	0.241897	0	0	0	0.00202587	
0.96511	0.0116408	0	0.00334468	0.240955	0	0	0	0.00201363	
0.965017	0.0116586	0	0.00334982	0.240017	0	0	0	0.00200157	
0.964924	0.0116764	0	0.00335493	0.239082	0	0	0	0.00198968	
0.964831	0.0116941	0	0.00336002	0.238151	0	0	0	0.00197796	
0.964738	0.0117118	0	0.00336509	0.237223	0	0	0	0.00196642	
0.964645	0.0117294	0	0.00337014	0.236299	0	0	0	0.00195503	
0.964552	0.0117469	0	0.00337517	0.235379	0	0	0	0.00194382	
0.964459	0.0117643	0	0.00338018	0.234462	0	0	0	0.00193276	
0.964367	0.0117817	0	0.00338517	0.233549	0	0	0	0.00192185	
0.964274	0.0117989	0	0.00339014	0.23264	0	0	0	0.0019111	
0.964181	0.0118162	0	0.00339508	0.231734	0	0	0	0.0019005	
0.964088	0.0118333	0	0.00340001	0.230831	0	0	0	0.00189005	
0.963995	0.0118504	0	0.00340491	0.229932	0	0	0	0.00187974	
0.963903	0.0118674	0	0.0034098	0.229037	0	0	0	0.00186958	
0.96381	0.0118843	0	0.00341467	0.228145	0	0	0	0.00185955	
0.963717	0.0119012	0	0.00341951	0.227256	0	0	0	0.00184966	
0.963624	0.011918	0	0.00342434	0.226371	0	0	0	0.00183991	
0.963532	0.0119347	0	0.00342914	0.22549	0	0	0	0.00183028	
0.963439	0.0119514	0	0.00343393	0.224611	0	0	0	0.00182078	
0.963346	0.0119679	0	0.00343869	0.223737	0	0	0	0.00181141	
0.963253	0.0119845	0	0.00344344	0.222865	0	0	0	0.00180217	
0.963161	0.0120009	0	0.00344816	0.221998	0	0	0	0.00179305	
0.963068	0.0120173	0	0.00345287	0.221133	0	0	0	0.00178404	
0.962975	0.0120336	0	0.00345756	0.220272	0	0	0	0.00177515	
0.962883	0.0120499	0	0.00346223	0.219414	0	0	0	0.00176638	
0.96279	0.012066	0	0.00346687	0.21856	0	0	0	0.00175772	
0.962697	0.0120821	0	0.0034715	0.217708	0	0	0	0.00174917	
0.962605	0.0120982	0	0.00347611	0.216861	0	0	0	0.00174073	
0.962512	0.0121142	0	0.0034807	0.216016	0	0	0	0.0017324	
0.962419	0.0121301	0	0.00348527	0.215175	0	0	0	0.00172417	
0.962327	0.0121459	0	0.00348983	0.214337	0	0	0	0.00171605	
0.962234	0.0121617	0	0.00349436	0.213502	0	0	0	0.00170802	
0.962142	0.0121774	0	0.00349887	0.212671	0	0	0	0.0017001	
0.962049	0.012193	0	0.00350337	0.211843	0	0	0	0.00169227	
0.961956	0.0122086	0	0.00350785	0.211018	0	0	0	0.00168454	
0.961864	0.0122241	0	0.0035123	0.210196	0	0	0	0.0016769	
0.961771	0.0122396	0	0.00351674	0.209378	0	0	0	0.00166936	
0.961679	0.012255	0	0.00352116	0.208562	0	0	0	0.0016619	
0.961586	0.0122703	0	0.00352557	0.20775	0	0	0	0.00165453	
0.961494	0.0122856	0	0.00352995	0.206941	0	0	0	0.00164725	
0.961401	0.0123008	0	0.00353432	0.206135	0	0	0	0.00164006	
0.961309	0.0123159	0	0.00353866	0.205333	0	0	0	0.00163295	
0.961216	0.012331	0	0.00354299	0.204533	0	0	0	0.00162592	
0.961124	0.012346	0	0.0035473	0.203737	0	0	0	0.00161898	
0.961031	0.0123609	0	0.0035516	0.202943	0	0	0	0.00161211	
0.960939	0.0123758	0	0.00355587	0.202153	0	0	0	0.00160533	
0.960846	0.0123906	0	0.00356013	0.201366	0	0	0	0.00159862	
0.960754	0.0124054	0	0.00356437	0.200582	0	0	0	0.00159198	
0.960661	0.01242	0	0.00356859	0.199801	0	0	0	0.00158542	
0.960569	0.0124347	0	0.0035728	0.199023	0	0	0	0.00157893	
0.960476	0.0124493	0	0.00357698	0.198248	0	0	0	0.00157252	
0.960384	0.0124638	0	0.00358115	0.197476	0	0	0	0.00156618	
0.960292	0.0124782	0	0.0035853	0.196707	0	0	0	0.0015599	
0.960199	0.0124926	0	0.00358944	0.195941	0	0	0	0.00155369	
0.960107	0.0125069	0	0.00359355	0.195178	0	0	0	0.00154755	
0.960014	0.0125212	0	0.00359765	0.194418	0	0	0	0.00154148	
0.959922	0.0125354	0	0.00360173	0.193661	0	0	0	0.00153547	
0.95983	0.0125495	0	0.0036058	0.192907	0	0	0	0.00152953	
0.959737	0.0125636	0	0.00360985	0.192156	0	0	0	0.00152365	
0.959645	0.0125777	0	0.00361388	0.191408	0	0	0	0.00151783	
0.959553	0.0125916	0	0.00361789	0.190663	0	0	0	0.00151207	
0.95946	0.0126055	0	0.00362189	0.18992	0	0	0	0.00150637	
0.959368	0.0126194	0	0.00362587	0.189181	0	0	0	0.00150072	
0.959276	0.0126332	0	0.00362983	0.188444	0	0	0	0.00149514	
0.959183	0.0126469	0	0.00363378	0.18771	0	0	0	0.00148961	
0.959091	0.0126606	0	0.00363771	0.18698	0	0	0	0.00148414	
0.958999	0.0126742	0	0.00364162	0.186252	0	0	0	0.00147872	
0.958907	0.0126878	0	0.00364551	0.185526	0	0	0	0.00147336	
0.958814	0.0127013	0	0.00364939	0.184804	0	0	0	0.00146805	
0.958722	0.0127147	0	0.00365326	0.184085	0	0	0	0.0014628	
0.95863	0.0127281	0	0.00365711	0.183368	0	0	0	0.00145759	
0.958538	0.0127414	0	0.00366094	0.182654	0	0	0	0.00145244	
0.958445	0.0127547	0	0.00366475	0.181943	0	0	0	0.00144733	
0.958353	0.0127679	0	0.00366855	0.181234	0	0	0	0.00144228	
0.958261	0.0127811	0	0.00367233	0.180529	0	0	0	0.00143727	
0.958169	0.0127942	0	0.0036761	0.179826	0	0	0	0.00143231	
0.958077	0.0128073	0	0.00367985	0.179126	0	0	0	0.0014274	
0.957984	0.0128203	0	0.00368358	0.178428	0	0	0	0.00142253	
0.957892	0.0128332	0	0.0036873	0.177734	0	0	0	0.00141771	
0.9578	0.0128461	0	0.00369101	0.177042	0	0	0	0.00141293	
0.957708	0.0128589	0	0.00369469	0.176352	0	0	0	0.0014082	
0.957616	0.0128717	0	0.00369836	0.175666	0	0	0	0.00140351	
0.957524	0.0128844	0	0.00370202	0.174982	0	0	0	0.00139886	
0.957432	0.0128971	0	0.00370566	0.174301	0	0	0	0.00139426	
0.95734	0.0129097	0	0.00370929	0.173622	0	0	0	0.0013897	
0.957247	0.0129223	0	0.0037129	0.172946	0	0	0	0.00138517	
0.957155	0.0129348	0	0.00371649	0.172273	0	0	0	0.00138069	
0.957063	0.0129472	0	0.00372007	0.171602	0	0	0	0.00137625	
0.956971	0.0129596	0	0.00372363	0.170934	0	0	0	0.00137185	
0.956879	0.012972	0	0.00372718	0.170269	0	0	0	0.00136748	
0.956787	0.0129843	0	0.00373071	0.169606	0	0	0	0.00136316	
0.956695	0.0129965	0	0.00373423	0.168946	0	0	0	0.00135887	
0.956603	0.0130087	0	0.00373773	0.168288	0	0	0	0.00135461	
0.956511	0.0130209	0	0.00374122	0.167633	0	0	0	0.0013504	
0.956419	0.013033	0	0.0037447	0.16698	0	0	0	0.00134622	
0.956327	0.013045	0	0.00374815	0.16633	0	0	0	0.00134207	
0.956235	0.013057	0	0.0037516	0.165683	0	0	0	0.00133797	
0.956143	0.0130689	0	0.00375503	0.165038	0	0	0	0.00133389	
0.956051	0.0130808	0	0.00375844	0.164395	0	0	0	0.00132985	
0.955959	0.0130926	0	0.00376184	0.163755	0	0	0	0.00132584	
0.955867	0.0131044	0	0.00376522	0.163118	0	0	0	0.00132187	
0.955775	0.0131161	0	0.0037686	0.162483	0	0	0	0.00131792	
0.955683	0.0131278	0	0.00377195	0.16185	0	0	0	0.00131402	
0.955591	0.0131394	0	0.00377529	0.16122	0	0	0	0.00131014	
0.955499	0.013151	0	0.00377862	0.160593	0	0	0	0.00130629	
0.955408	0.0131626	0	0.00378193	0.159967	0	0	0	0.00130247	
0.955316	0.013174	0	0.00378523	0.159345	0	0	0	0.00129869	
0.955224	0.0131855	0	0.00378852	0.158724	0	0	0	0.00129493	
0.955132	0.0131969	0	0.00379179	0.158107	0	0	0	0.00129121	
0.95504	0.0132082	0	0.00379504	0.157491	0	0	0	0.00128751	
0.954948	0.0132195	0	0.00379828	0.156878	0	0	0	0.00128384	
0.954856	0.0132307	0	0.00380151	0.156267	0	0	0	0.00128021	
0.954764	0.0132419	0	0.00380473	0.155659	0	0	0	0.00127659	
0.954673	0.013253	0	0.00380793	0.155053	0	0	0	0.00127301	
0.954581	0.0132641	0	0.00381111	0.15445	0	0	0	0.00126946	
0.954489	0.0132752	0	0.00381429	0.153849	0	0	0	0.00126593	
0.954397	0.0132862	0	0.00381745	0.15325	0	0	0	0.00126243	
0.954305	0.0132971	0	0.00382059	0.152653	0	0	0	0.00125895	
0.954214	0.013308	0	0.00382372	0.152059	0	0	0	0.00125551	
0.954122	0.0133189	0	0.00382684	0.151467	0	0	0	0.00125208	
0.95403	0.0133297	0	0.00382995	0.150877	0	0	0	0.00124869	
0.953938	0.0133404	0	0.00383304	0.15029	0	0	0	0.00124531	
0.953847	0.0133511	0	0.00383612	0.149705	0	0	0	0.00124197	
0.953755	0.0133618	0	0.00383918	0.149123	0	0	0	0.00123865	
0.953663	0.0133724	0	0.00384223	0.148542	0	0	0	0.00123535	
0.953571	0.013383	0	0.00384527	0.147964	0	0	0	0.00123208	
0.95348	0.0133935	0	0.0038483	0.147388	0	0	0	0.00122883	
0.953388	0.013404	0	0.00385131	0.146814	0	0	0	0.0012256	
0.953296	0.0134145	0	0.00385431	0.146243	0	0	0	0.0012224	
0.953205	0.0134248	0	0.00385729	0.145674	0	0	0	0.00121922	
0.953113	0.0134352	0	0.00386027	0.145107	0	0	0	0.00121606	
0.953021	0.0134455	0	0.00386323	0.144542	0	0	0	0.00121293	
0.95293	0.0134557	0	0.00386617	0.143979	0	0	0	0.00120982	
0.952838	0.013466	0	0.00386911	0.143419	0	0	0	0.00120673	
0.952746	0.0134761	0	0.00387203	0.142861	0	0	0	0.00120366	
0.952655	0.0134863	0	0.00387494	0.142305	0	0	0	0.00120062	
0.952563	0.0134963	0	0.00387783	0.141751	0	0	0	0.00119759	
0.952471	0.0135064	0	0.00388072	0.141199	0	0	0	0.00119459	
0.95238	0.0135164	0	0.00388359	0.14065	0	0	0	0.00119161	
0.952288	0.0135263	0	0.00388645	0.140102	0	0	0	0.00118865	
0.952197	0.0135362	0	0.00388929	0.139557	0	0	0	0.00118571	
0.952105	0.0135461	0	0.00389212	0.139014	0	0	0	0.00118279	
0.952014	0.0135559	0	0.00389494	0.138473	0	0	0	0.00117989	
0.951922	0.0135657	0	0.00389775	0.137934	0	0	0	0.00117701	
0.95183	0.0135754	0	0.00390055	0.137397	0	0	0	0.00117415	
0.951739	0.0135851	0	0.00390333	0.136862	0	0	0	0.00117131	
0.951647	0.0135947	0	0.00390611	0.13633	0	0	0	0.00116849	
0.951556	0.0136043	0	0.00390886	0.135799	0	0	0	0.00116568	
0.951464	0.0136139	0	0.00391161	0.135271	0	0	0	0.0011629	
0.951373	0.0136234	0	0.00391435	0.134744	0	0	0	0.00116014	
0.951281	0.0136329	0	0.00391707	0.13422	0	0	0	0.00115739	
0.95119	0.0136423	0	0.00391978	0.133697	0	0	0	0.00115467	
0.951098	0.0136517	0	0.00392248	0.133177	0	0	0	0.00115196	
0.951007	0.0136611	0	0.00392517	0.132659	0	0	0	0.00114927	
0.950916	0.0136704	0	0.00392785	0.132142	0	0	0	0.0011466	
0.950824	0.0136797	0	0.00393051	0.131628	0	0	0	0.00114394	
0.950733	0.0136889	0	0.00393316	0.131116	0	0	0	0.0011413	
0.950641	0.0136981	0	0.0039358	0.130606	0	0	0	0.00113869	
0.95055	0.0137072	0	0.00393843	0.130097	0	0	0	0.00113608	
0.950458	0.0137163	0	0.00394105	0.129591	0	0	0	0.0011335	
0.950367	0.0137254	0	0.00394365	0.129087	0	0	0	0.00113093	
0.950276	0.0137344	0	0.00394625	0.128585	0	0	0	0.00112838	
0.950184	0.0137434	0	0.00394883	0.128084	0	0	0	0.00112585	
0.950093	0.0137524	0	0.0039514	0.127586	0	0	0	0.00112333	
0.950002	0.0137613	0	0.00395396	0.127089	0	0	0	0.00112083	
0.94991	0.0137702	0	0.00395651	0.126595	0	0	0	0.00111835	
0.949819	0.013779	0	0.00395905	0.126102	0	0	0	0.00111588	
0.949728	0.0137878	0	0.00396157	0.125611	0	0	0	0.00111343	
0.949636	0.0137965	0	0.00396409	0.125123	0	0	0	0.001111	
0.949545	0.0138052	0	0.00396659	0.124636	0	0	0	0.00110858	
0.949454	0.0138139	0	0.00396908	0.124151	0	0	0	0.00110618	
0.949362	0.0138226	0	0.00397157	0.123668	0	0	0	0.00110379	
0.949271	0.0138312	0	0.00397404	0.123186	0	0	0	0.00110142	
0.94918	0.0138397	0	0.0039765	0.122707	0	0	0	0.00109906	
0.949089	0.0138482	0	0.00397894	0.12223	0	0	0	0.00109672	
0.948997	0.0138567	0	0.00398138	0.121754	0	0	0	0.0010944	
0.948906	0.0138652	0	0.00398381	0.12128	0	0	0	0.00109209	
0.948815	0.0138736	0	0.00398622	0.120808	0	0	0	0.00108979	
0.948724	0.0138819	0	0.00398863	0.120338	0	0	0	0.00108751	
0.948632	0.0138903	0	0.00399102	0.11987	0	0	0	0.00108525	
0.948541	0.0138986	0	0.00399341	0.119403	0	0	0	0.001083	
0.94845	0.0139068	0	0.00399578	0.118939	0	0	0	0.00108076	
0.948359	0.0139151	0	0.00399814	0.118476	0	0	0	0.00107854	
0.948268	0.0139232	0	0.00400049	0.118015	0	0	0	0.00107633	
0.948176	0.0139314	0	0.00400283	0.117556	0	0	0	0.00107414	
0.948085	0.0139395	0	0.00400517	0.117099	0	0	0	0.00107196	
0.947994	0.0139476	0	0.00400749	0.116643	0	0	0	0.0010698	
0.947903	0.0139556	0	0.0040098	0.116189	0	0	0	0.00106765	
0.947812	0.0139636	0	0.00401209	0.115737	0	0	0	0.00106551	
0.947721	0.0139716	0	0.00401438	0.115287	0	0	0	0.00106339	
0.94763	0.0139795	0	0.00401666	0.114838	0	0	0	0.00106129	
0.947538	0.0139874	0	0.00401893	0.114391	0	0	0	0.00105919	
0.947447	0.0139953	0	0.00402119	0.113946	0	0	0	0.00105711	
0.947356	0.0140031	0	0.00402344	0.113503	0	0	0	0.00105505	
0.947265	0.0140109	0	0.00402568	0.113061	0	0	0	0.00105299	
0.947174	0.0140186	0	0.0040279	0.112621	0	0	0	0.00105096	
0.947083	0.0140264	0	0.00403012	0.112183	0	0	0	0.00104893	
0.946992	0.014034	0	0.00403233	0.111747	0	0	0	0.00104692	
0.946901	0.0140417	0	0.00403453	0.111312	0	0	0	0.00104492	
0.94681	0.0140493	0	0.00403671	0.110879	0	0	0	0.00104293	
0.946719	0.0140569	0	0.00403889	0.110448	0	0	0	0.00104096	
0.946628	0.0140644	0	0.00404106	0.110018	0	0	0	0.001039	
0.946537	0.0140719	0	0.00404322	0.10959	0	0	0	0.00103706	
0.946446	0.0140794	0	0.00404537	0.109164	0	0	0	0.00103512	
0.946355	0.0140869	0	0.00404751	0.108739	0	0	0	0.00103321	
0.946264	0.0140943	0	0.00404964	0.108316	0	0	0	0.0010313	
0.946173	0.0141016	0	0.00405175	0.107894	0	0	0	0.0010294	
0.946082	0.014109	0	0.00405386	0.107475	0	0	0	0.00102752	
0.945991	0.0141163	0	0.00405596	0.107057	0	0	0	0.00102565	
0.9459	0.0141236	0	0.00405805	0.10664	0	0	0	0.0010238	
0.945809	0.0141308	0	0.00406014	0.106225	0	0	0	0.00102196	
0.945718	0.014138	0	0.00406221	0.105812	0	0	0	0.00102013	
0.945627	0.0141452	0	0.00406427	0.1054	0	0	0	0.00101831	
0.945536	0.0141523	0	0.00406632	0.10499	0	0	0	0.0010165	
0.945445	0.0141595	0	0.00406836	0.104582	0	0	0	0.00101471	
0.945355	0.0141665	0	0.0040704	0.104175	0	0	0	0.00101293	
0.945264	0.0141736	0	0.00407242	0.10377	0	0	0	0.00101116	
0.945173	0.0141806	0	0.00407444	0.103366	0	0	0	0.00100941	
0.945082	0.0141876	0	0.00407644	0.102964	0	0	0	0.00100766	
0.944991	0.0141945	0	0.00407844	0.102564	0	0	0	0.00100593	
0.9449	0.0142014	0	0.00408043	0.102165	0	0	0	0.00100421	
0.944809	0.0142083	0	0.00408241	0.101767	0	0	0	0.00100251	
0.944719	0.0142152	0	0.00408438	0.101371	0	0	0	0.00100081	
0.944628	0.014222	0	0.00408634	0.100977	0	0	0	0.000999132	
0.944537	0.0142288	0	0.00408829	0.100584	0	0	0	0.000997462	
0.944446	0.0142356	0	0.00409023	0.100193	0	0	0	0.000995804	
0.944355	0.0142423	0	0.00409217	0.0998032	0	0	0	0.000994159	
0.944265	0.014249	0	0.00409409	0.099415	0	0	0	0.000992525	
0.944174	0.0142557	0	0.00409601	0.0990283	0	0	0	0.000990904	
0.944083	0.0142623	0	0.00409791	0.0986431	0	0	0	0.000989294	
0.943992	0.0142689	0	0.00409981	0.0982594	0	0	0	0.000987697	
0.943902	0.0142755	0	0.0041017	0.0978772	0	0	0	0.000986111	
0.943811	0.014282	0	0.00410358	0.0974965	0	0	0	0.000984538	
0.94372	0.0142885	0	0.00410545	0.0971172	0	0	0	0.000982976	
0.943629	0.014295	0	0.00410731	0.0967395	0	0	0	0.000981427	
0.943539	0.0143015	0	0.00410917	0.0963632	0	0	0	0.000979889	
0.943448	0.0143079	0	0.00411101	0.0959884	0	0	0	0.000978363	
0.943357	0.0143143	0	0.00411285	0.0956151	0	0	0	0.00097685	
0.943267	0.0143207	0	0.00411468	0.0952432	0	0	0	0.000975348	
0.943176	0.014327	0	0.0041165	0.0948727	0	0	0	0.000973857	
0.943085	0.0143333	0	0.00411831	0.0945038	0	0	0	0.000972379	
0.942995	0.0143396	0	0.00412012	0.0941362	0	0	0	0.000970913	
0.942904	0.0143458	0	0.00412191	0.0937701	0	0	0	0.000969459	
0.942813	0.014352	0	0.0041237	0.0934054	0	0	0	0.000968016	
0.942723	0.0143582	0	0.00412548	0.0930421	0	0	0	0.000966585	
0.942632	0.0143644	0	0.00412725	0.0926802	0	0	0	0.000965166	
0.942542	0.0143705	0	0.00412901	0.0923198	0	0	0	0.00096376	
0.942451	0.0143766	0	0.00413076	0.0919607	0	0	0	0.000962365	
0.94236	0.0143827	0	0.00413251	0.0916031	0	0	0	0.000960981	
0.94227	0.0143887	0	0.00413424	0.0912468	0	0	0	0.00095961	
0.942179	0.0143948	0	0.00413597	0.090892	0	0	0	0.000958251	
0.942089	0.0144007	0	0.00413769	0.0905385	0	0	0	0.000956903	
0.941998	0.0144067	0	0.0041394	0.0901864	0	0	0	0.000955568	
0.941908	0.0144126	0	0.00414111	0.0898356	0	0	0	0.000954245	
0.941817	0.0144185	0	0.0041428	0.0894863	0	0	0	0.000952933	
0.941727	0.0144244	0	0.00414449	0.0891383	0	0	0	0.000951634	
0.941636	0.0144303	0	0.00414617	0.0887916	0	0	0	0.000950346	
0.941546	0.0144361	0	0.00414785	0.0884463	0	0	0	0.000949071	
0.941455	0.0144419	0	0.00414951	0.0881024	0	0	0	0.000947808	
0.941365	0.0144476	0	0.00415117	0.0877598	0	0	0	0.000946556	
0.941274	0.0144534	0	0.00415282	0.0874185	0	0	0	0.000945317	
0.941184	0.0144591	0	0.00415446	0.0870785	0	0	0	0.00094409	
0.941093	0.0144648	0	0.00415609	0.0867399	0	0	0	0.000942876	
0.941003	0.0144704	0	0.00415772	0.0864026	0	0	0	0.000941674	
0.940912	0.0144761	0	0.00415933	0.0860666	0	0	0	0.000940483	
0.940822	0.0144817	0	0.00416095	0.0857319	0	0	0	0.000939306	
0.940731	0.0144873	0	0.00416255	0.0853986	0	0	0	0.00093814	
0.940641	0.0144928	0	0.00416414	0.0850665	0	0	0	0.000936988	
0.940551	0.0144983	0	0.00416573	0.0847357	0	0	0	0.000935847	
0.94046	0.0145038	0	0.00416731	0.0844062	0	0	0	0.00093472	
0.94037	0.0145093	0	0.00416888	0.084078	0	0	0	0.000933604	
0.940279	0.0145147	0	0.00417045	0.0837511	0	0	0	0.000932502	
0.940189	0.0145202	0	0.004172	0.0834254	0	0	0	0.000931412	
0.940099	0.0145256	0	0.00417355	0.083101	0	0	0	0.000930335	
0.940008	0.0145309	0	0.0041751	0.0827779	0	0	0	0.000929271	
0.939918	0.0145363	0	0.00417663	0.0824561	0	0	0	0.00092822	
0.939828	0.0145416	0	0.00417816	0.0821355	0	0	0	0.000927182	
0.939737	0.0145469	0	0.00417968	0.0818161	0	0	0	0.000926158	
0.939647	0.0145521	0	0.00418119	0.081498	0	0	0	0.000925146	
0.939557	0.0145574	0	0.0041827	0.0811811	0	0	0	0.000924148	
0.939466	0.0145626	0	0.0041842	0.0808655	0	0	0	0.000923163	
0.939376	0.0145678	0	0.00418569	0.0805511	0	0	0	0.000922192	
0.939286	0.014573	0	0.00418717	0.0802379	0	0	0	0.000921234	
0.939196	0.0145781	0	0.00418865	0.0799259	0	0	0	0.00092029	
0.939105	0.0145832	0	0.00419012	0.0796152	0	0	0	0.000919361	
0.939015	0.0145883	0	0.00419158	0.0793056	0	0	0	0.000918445	
0.938925	0.0145934	0	0.00419304	0.0789973	0	0	0	0.000917543	
0.938835	0.0145984	0	0.00419449	0.0786902	0	0	0	0.000916655	
0.938744	0.0146034	0	0.00419593	0.0783843	0	0	0	0.000915782	
0.938654	0.0146084	0	0.00419736	0.0780795	0	0	0	0.000914924	
0.938564	0.0146134	0	0.00419879	0.077776	0	0	0	0.00091408	
0.938474	0.0146183	0	0.00420021	0.0774736	0	0	0	0.000913251	
0.938384	0.0146233	0	0.00420162	0.0771724	0	0	0	0.000912438	
0.938293	0.0146282	0	0.00420303	0.0768724	0	0	0	0.000911639	
0.938203	0.014633	0	0.00420443	0.0765735	0	0	0	0.000910857	
0.938113	0.0146379	0	0.00420582	0.0762759	0	0	0	0.000910089	
0.938023	0.0146427	0	0.00420721	0.0759793	0	0	0	0.000909338	
0.937933	0.0146475	0	0.00420859	0.075684	0	0	0	0.000908603	
0.937843	0.0146523	0	0.00420996	0.0753898	0	0	0	0.000907884	
0.937753	0.014657	0	0.00421133	0.0750967	0	0	0	0.000907182	
0.937662	0.0146618	0	0.00421269	0.0748048	0	0	0	0.000906497	
0.937572	0.0146665	0	0.00421404	0.074514	0	0	0	0.000905829	
0.937482	0.0146712	0	0.00421539	0.0742243	0	0	0	0.000905178	
0.937392	0.0146758	0	0.00421673	0.0739358	0	0	0	0.000904545	
0.937302	0.0146805	0	0.00421806	0.0736484	0	0	0	0.000903931	
0.937212	0.0146851	0	0.00421939	0.0733621	0	0	0	0.000903334	
0.937122	0.0146897	0	0.00422071	0.073077	0	0	0	0.000902757	
0.937032	0.0146942	0	0.00422202	0.0727929	0	0	0	0.000902199	
0.936942	0.0146988	0	0.00422333	0.07251	0	0	0	0.000901661	
0.936852	0.0147033	0	0.00422463	0.0722281	0	0	0	0.000901142	
0.936762	0.0147078	0	0.00422592	0.0719474	0	0	0	0.000900644	
0.936672	0.0147123	0	0.00422721	0.0716677	0	0	0	0.000900168	
0.936582	0.0147168	0	0.00422849	0.0713892	0	0	0	0.000899712	
0.936492	0.0147212	0	0.00422977	0.0711117	0	0	0	0.00089928	
0.936402	0.0147256	0	0.00423104	0.0708353	0	0	0	0.000898869	
0.936312	0.01473	0	0.0042323	0.07056	0	0	0	0.000898483	
0.936222	0.0147344	0	0.00423356	0.0702857	0	0	0	0.00089812	
0.936132	0.0147387	0	0.00423481	0.0700126	0	0	0	0.000897782	
0.936042	0.0147431	0	0.00423605	0.0697405	0	0	0	0.00089747	
0.935952	0.0147474	0	0.00423729	0.0694694	0	0	0	0.000897185	
0.935862	0.0147517	0	0.00423852	0.0691994	0	0	0	0.000896927	
0.935772	0.0147559	0	0.00423974	0.0689305	0	0	0	0.000896698	
0.935682	0.0147602	0	0.00424096	0.0686626	0	0	0	0.000896498	
0.935592	0.0147644	0	0.00424218	0.0683957	0	0	0	0.000896329	
0.935502	0.0147686	0	0.00424338	0.0681299	0	0	0	0.000896192	
0.935412	0.0147728	0	0.00424458	0.0678652	0	0	0	0.000896089	
0.935323	0.0147769	0	0.00424578	0.0676014	0	0	0	0.000896021	
0.935233	0.0147811	0	0.00424697	0.0673387	0	0	0	0.00089599	
0.935143	0.0147852	0	0.00424815	0.067077	0	0	0	0.000895997	
0.935053	0.0147893	0	0.00424933	0.0668164	0	0	0	0.000896046	
0.934963	0.0147934	0	0.0042505	0.0665567	0	0	0	0.000896137	
0.934873	0.0147974	0	0.00425167	0.0662981	0	0	0	0.000896274	
0.934783	0.0148015	0	0.00425282	0.0660404	0	0	0	0.000896459	
0.934694	0.0148055	0	0.00425398	0.0657838	0	0	0	0.000896696	
0.934604	0.0148095	0	0.00425513	0.0655282	0	0	0	0.000896988	
0.934514	0.0148134	0	0.00425627	0.0652736	0	0	0	0.000897339	
0.934424	0.0148174	0	0.00425741	0.0650199	0	0	0	0.000897753	
0.934334	0.0148213	0	0.00425854	0.0647673	0	0	0	0.000898236	
