1	0	0	0	1	0	0	0	1	
0.997089	1.02324e-06	0	6.78878e-08	0.993005	0	0	0	0.991001	
0.994198	4.05046e-06	0	2.68871e-07	0.986104	0	0	0	0.982149	
0.991315	9.04625e-06	0	6.00464e-07	0.979253	0	0	0	0.973379	
0.988441	1.59699e-05	0	1.05996e-06	0.972453	0	0	0	0.96469	
0.985575	2.47813e-05	0	1.64472e-06	0.965704	0	0	0	0.956082	
0.982717	3.54414e-05	0	2.35212e-06	0.959005	0	0	0	0.947555	
0.979868	4.79115e-05	0	3.17961e-06	0.952354	0	0	0	0.939106	
0.977027	6.21539e-05	0	4.12469e-06	0.945753	0	0	0	0.930735	
0.974195	7.81313e-05	0	5.18488e-06	0.939201	0	0	0	0.922443	
0.971371	9.58072e-05	0	6.35777e-06	0.932697	0	0	0	0.914227	
0.968555	0.000115146	0	7.64097e-06	0.926241	0	0	0	0.906087	
0.965747	0.000136112	0	9.03214e-06	0.919832	0	0	0	0.898023	
0.962948	0.000158671	0	1.0529e-05	0.913471	0	0	0	0.890034	
0.960156	0.000182788	0	1.21292e-05	0.907156	0	0	0	0.882118	
0.957373	0.000208431	0	1.38307e-05	0.900888	0	0	0	0.874276	
0.954598	0.000235565	0	1.56311e-05	0.894666	0	0	0	0.866507	
0.951832	0.00026416	0	1.75285e-05	0.888489	0	0	0	0.858809	
0.949073	0.000294183	0	1.95205e-05	0.882358	0	0	0	0.851183	
0.946322	0.000325602	0	2.16052e-05	0.876272	0	0	0	0.843627	
0.94358	0.000358387	0	2.37806e-05	0.87023	0	0	0	0.836141	
0.940845	0.000392507	0	2.60445e-05	0.864232	0	0	0	0.828724	
0.938118	0.000427934	0	2.83951e-05	0.858279	0	0	0	0.821376	
0.9354	0.000464636	0	3.08303e-05	0.852369	0	0	0	0.814096	
0.932689	0.000502586	0	3.33483e-05	0.846502	0	0	0	0.806883	
0.929986	0.000541755	0	3.59472e-05	0.840678	0	0	0	0.799736	
0.927291	0.000582115	0	3.86251e-05	0.834897	0	0	0	0.792656	
0.924604	0.000623639	0	4.13803e-05	0.829158	0	0	0	0.78564	
0.921925	0.000666299	0	4.42108e-05	0.823461	0	0	0	0.77869	
0.919254	0.000710069	0	4.71149e-05	0.817805	0	0	0	0.771804	
0.91659	0.000754922	0	5.0091e-05	0.81219	0	0	0	0.764981	
0.913935	0.000800834	0	5.31372e-05	0.806617	0	0	0	0.758221	
0.911287	0.000847777	0	5.62519e-05	0.801084	0	0	0	0.751523	
0.908646	0.000895728	0	5.94334e-05	0.795591	0	0	0	0.744887	
0.906014	0.000944661	0	6.26801e-05	0.790138	0	0	0	0.738312	
0.903389	0.000994553	0	6.59905e-05	0.784725	0	0	0	0.731798	
0.900772	0.00104538	0	6.93628e-05	0.779351	0	0	0	0.725343	
0.898162	0.00109712	0	7.27955e-05	0.774017	0	0	0	0.718948	
0.89556	0.00114974	0	7.62872e-05	0.76872	0	0	0	0.712612	
0.892966	0.00120323	0	7.98363e-05	0.763463	0	0	0	0.706334	
0.890379	0.00125757	0	8.34413e-05	0.758243	0	0	0	0.700114	
0.8878	0.00131272	0	8.71007e-05	0.753062	0	0	0	0.693951	
0.885229	0.00136867	0	9.08132e-05	0.747917	0	0	0	0.687845	
0.882664	0.0014254	0	9.45772e-05	0.742811	0	0	0	0.681794	
0.880108	0.00148289	0	9.83914e-05	0.737741	0	0	0	0.675799	
0.877559	0.00154111	0	0.000102254	0.732707	0	0	0	0.66986	
0.875017	0.00160005	0	0.000106165	0.72771	0	0	0	0.663974	
0.872482	0.00165968	0	0.000110122	0.72275	0	0	0	0.658143	
0.869956	0.00171999	0	0.000114123	0.717825	0	0	0	0.652366	
0.867436	0.00178096	0	0.000118168	0.712935	0	0	0	0.646641	
0.864924	0.00184256	0	0.000122255	0.708081	0	0	0	0.640968	
0.862419	0.00190478	0	0.000126384	0.703262	0	0	0	0.635348	
0.859921	0.0019676	0	0.000130552	0.698477	0	0	0	0.629779	
0.857431	0.002031	0	0.000134758	0.693727	0	0	0	0.624261	
0.854948	0.00209496	0	0.000139002	0.689012	0	0	0	0.618794	
0.852472	0.00215947	0	0.000143282	0.68433	0	0	0	0.613377	
0.850004	0.00222451	0	0.000147598	0.679682	0	0	0	0.608009	
0.847542	0.00229006	0	0.000151947	0.675067	0	0	0	0.602691	
0.845088	0.0023561	0	0.000156328	0.670485	0	0	0	0.597421	
0.842641	0.00242262	0	0.000160742	0.665937	0	0	0	0.592199	
0.840201	0.0024896	0	0.000165186	0.661421	0	0	0	0.587025	
0.837768	0.00255703	0	0.00016966	0.656937	0	0	0	0.581898	
0.835343	0.00262489	0	0.000174162	0.652486	0	0	0	0.576818	
0.832924	0.00269316	0	0.000178692	0.648066	0	0	0	0.571785	
0.830512	0.00276182	0	0.000183248	0.643678	0	0	0	0.566797	
0.828108	0.00283087	0	0.000187829	0.639322	0	0	0	0.561855	
0.82571	0.00290029	0	0.000192435	0.634997	0	0	0	0.556958	
0.82332	0.00297007	0	0.000197064	0.630702	0	0	0	0.552106	
0.820936	0.00304018	0	0.000201716	0.626439	0	0	0	0.547298	
0.81856	0.00311061	0	0.00020639	0.622206	0	0	0	0.542533	
0.81619	0.00318136	0	0.000211084	0.618003	0	0	0	0.537812	
0.813827	0.00325241	0	0.000215797	0.61383	0	0	0	0.533135	
0.811471	0.00332374	0	0.00022053	0.609687	0	0	0	0.528499	
0.809122	0.00339534	0	0.000225281	0.605573	0	0	0	0.523906	
0.80678	0.0034672	0	0.000230049	0.601489	0	0	0	0.519355	
0.804444	0.0035393	0	0.000234833	0.597434	0	0	0	0.514845	
0.802116	0.00361164	0	0.000239632	0.593408	0	0	0	0.510377	
0.799794	0.0036842	0	0.000244446	0.58941	0	0	0	0.505948	
0.797479	0.00375696	0	0.000249274	0.585441	0	0	0	0.501561	
0.795171	0.00382992	0	0.000254115	0.581501	0	0	0	0.497213	
0.792869	0.00390306	0	0.000258968	0.577588	0	0	0	0.492904	
0.790574	0.00397638	0	0.000263832	0.573703	0	0	0	0.488635	
0.788286	0.00404986	0	0.000268707	0.569845	0	0	0	0.484404	
0.786005	0.00412349	0	0.000273592	0.566016	0	0	0	0.480212	
0.78373	0.00419725	0	0.000278487	0.562213	0	0	0	0.476058	
0.781461	0.00427115	0	0.000283389	0.558437	0	0	0	0.471941	
0.7792	0.00434516	0	0.0002883	0.554688	0	0	0	0.467862	
0.776945	0.00441927	0	0.000293218	0.550965	0	0	0	0.46382	
0.774696	0.00449349	0	0.000298142	0.547269	0	0	0	0.459814	
0.772454	0.00456779	0	0.000303071	0.543599	0	0	0	0.455845	
0.770219	0.00464217	0	0.000308006	0.539956	0	0	0	0.451912	
0.76799	0.00471661	0	0.000312945	0.536337	0	0	0	0.448014	
0.765768	0.00479111	0	0.000317888	0.532745	0	0	0	0.444152	
0.763552	0.00486566	0	0.000322835	0.529178	0	0	0	0.440324	
0.761342	0.00494025	0	0.000327783	0.525636	0	0	0	0.436532	
0.759139	0.00501486	0	0.000332734	0.522119	0	0	0	0.432773	
0.756942	0.0050895	0	0.000337686	0.518627	0	0	0	0.429049	
0.754752	0.00516415	0	0.000342639	0.515159	0	0	0	0.425358	
0.752568	0.0052388	0	0.000347592	0.511716	0	0	0	0.4217	
0.750391	0.00531344	0	0.000352544	0.508298	0	0	0	0.418076	
0.748219	0.00538807	0	0.000357496	0.504903	0	0	0	0.414484	
0.746054	0.00546268	0	0.000362446	0.501532	0	0	0	0.410925	
0.743896	0.00553726	0	0.000367394	0.498185	0	0	0	0.407397	
0.741743	0.0056118	0	0.00037234	0.494862	0	0	0	0.403902	
0.739597	0.00568629	0	0.000377282	0.491562	0	0	0	0.400438	
0.737458	0.00576073	0	0.000382221	0.488285	0	0	0	0.397006	
0.735324	0.00583511	0	0.000387156	0.485031	0	0	0	0.393604	
0.733197	0.00590942	0	0.000392086	0.4818	0	0	0	0.390233	
0.731075	0.00598365	0	0.000397012	0.478592	0	0	0	0.386892	
0.72896	0.0060578	0	0.000401932	0.475406	0	0	0	0.383582	
0.726852	0.00613187	0	0.000406846	0.472243	0	0	0	0.380301	
0.724749	0.00620583	0	0.000411753	0.469101	0	0	0	0.37705	
0.722652	0.0062797	0	0.000416654	0.465982	0	0	0	0.373828	
0.720562	0.00635345	0	0.000421547	0.462885	0	0	0	0.370635	
0.718477	0.00642709	0	0.000426433	0.459809	0	0	0	0.36747	
0.716399	0.0065006	0	0.000431311	0.456755	0	0	0	0.364334	
0.714326	0.00657399	0	0.00043618	0.453722	0	0	0	0.361227	
0.71226	0.00664724	0	0.00044104	0.450711	0	0	0	0.358147	
0.7102	0.00672035	0	0.000445891	0.44772	0	0	0	0.355095	
0.708145	0.00679331	0	0.000450732	0.444751	0	0	0	0.35207	
0.706097	0.00686613	0	0.000455563	0.441802	0	0	0	0.349072	
0.704055	0.00693878	0	0.000460383	0.438874	0	0	0	0.346101	
0.702018	0.00701127	0	0.000465193	0.435966	0	0	0	0.343157	
0.699988	0.0070836	0	0.000469991	0.433079	0	0	0	0.34024	
0.697963	0.00715575	0	0.000474778	0.430211	0	0	0	0.337348	
0.695944	0.00722772	0	0.000479554	0.427364	0	0	0	0.334482	
0.693931	0.0072995	0	0.000484316	0.424536	0	0	0	0.331642	
0.691924	0.0073711	0	0.000489067	0.421728	0	0	0	0.328828	
0.689923	0.0074425	0	0.000493804	0.41894	0	0	0	0.326039	
0.687928	0.00751371	0	0.000498529	0.416171	0	0	0	0.323274	
0.685938	0.00758471	0	0.00050324	0.413422	0	0	0	0.320534	
0.683954	0.0076555	0	0.000507937	0.410691	0	0	0	0.317819	
0.681976	0.00772609	0	0.00051262	0.40798	0	0	0	0.315128	
0.680004	0.00779645	0	0.000517288	0.405287	0	0	0	0.312461	
0.678037	0.0078666	0	0.000521942	0.402613	0	0	0	0.309818	
0.676077	0.00793652	0	0.000526581	0.399958	0	0	0	0.307199	
0.674121	0.00800621	0	0.000531205	0.397321	0	0	0	0.304603	
0.672172	0.00807566	0	0.000535814	0.394702	0	0	0	0.30203	
0.670228	0.00814488	0	0.000540406	0.392101	0	0	0	0.29948	
0.66829	0.00821386	0	0.000544983	0.389519	0	0	0	0.296953	
0.666357	0.0082826	0	0.000549543	0.386954	0	0	0	0.294448	
0.664431	0.00835109	0	0.000554087	0.384407	0	0	0	0.291966	
0.662509	0.00841932	0	0.000558615	0.381878	0	0	0	0.289505	
0.660593	0.0084873	0	0.000563125	0.379366	0	0	0	0.287067	
0.658683	0.00855503	0	0.000567619	0.376872	0	0	0	0.28465	
0.656779	0.00862249	0	0.000572094	0.374395	0	0	0	0.282255	
0.65488	0.00868968	0	0.000576553	0.371935	0	0	0	0.279881	
0.652986	0.00875661	0	0.000580993	0.369492	0	0	0	0.277529	
0.651098	0.00882327	0	0.000585416	0.367066	0	0	0	0.275197	
0.649215	0.00888965	0	0.00058982	0.364656	0	0	0	0.272886	
0.647338	0.00895576	0	0.000594206	0.362264	0	0	0	0.270595	
0.645466	0.00902159	0	0.000598574	0.359887	0	0	0	0.268325	
0.6436	0.00908713	0	0.000602923	0.357528	0	0	0	0.266075	
0.641739	0.00915239	0	0.000607252	0.355184	0	0	0	0.263845	
0.639884	0.00921736	0	0.000611563	0.352856	0	0	0	0.261635	
0.638034	0.00928204	0	0.000615855	0.350545	0	0	0	0.259444	
0.636189	0.00934643	0	0.000620127	0.34825	0	0	0	0.257273	
0.63435	0.00941052	0	0.000624379	0.34597	0	0	0	0.255121	
0.632516	0.00947432	0	0.000628612	0.343706	0	0	0	0.252988	
0.630687	0.00953781	0	0.000632825	0.341457	0	0	0	0.250874	
0.628864	0.00960101	0	0.000637018	0.339224	0	0	0	0.248778	
0.627046	0.0096639	0	0.00064119	0.337007	0	0	0	0.246702	
0.625233	0.00972648	0	0.000645343	0.334804	0	0	0	0.244643	
0.623426	0.00978876	0	0.000649474	0.332617	0	0	0	0.242603	
0.621623	0.00985072	0	0.000653586	0.330444	0	0	0	0.240581	
0.619826	0.00991238	0	0.000657676	0.328287	0	0	0	0.238576	
0.618034	0.00997372	0	0.000661746	0.326144	0	0	0	0.23659	
0.616248	0.0100347	0	0.000665795	0.324016	0	0	0	0.234621	
0.614466	0.0100955	0	0.000669823	0.321903	0	0	0	0.232669	
0.61269	0.0101558	0	0.00067383	0.319804	0	0	0	0.230735	
0.610919	0.0102159	0	0.000677815	0.31772	0	0	0	0.228817	
0.609153	0.0102757	0	0.000681779	0.31565	0	0	0	0.226917	
0.607392	0.0103351	0	0.000685722	0.313593	0	0	0	0.225033	
0.605637	0.0103942	0	0.000689643	0.311551	0	0	0	0.223166	
0.603886	0.010453	0	0.000693543	0.309523	0	0	0	0.221316	
0.60214	0.0105114	0	0.00069742	0.307509	0	0	0	0.219481	
0.6004	0.0105695	0	0.000701276	0.305509	0	0	0	0.217663	
0.598664	0.0106273	0	0.000705111	0.303522	0	0	0	0.215861	
0.596934	0.0106848	0	0.000708923	0.301549	0	0	0	0.214075	
0.595209	0.0107419	0	0.000712713	0.299589	0	0	0	0.212304	
0.593488	0.0107987	0	0.000716481	0.297643	0	0	0	0.210549	
0.591773	0.0108551	0	0.000720227	0.29571	0	0	0	0.20881	
0.590062	0.0109113	0	0.000723951	0.29379	0	0	0	0.207085	
0.588357	0.0109671	0	0.000727652	0.291883	0	0	0	0.205376	
0.586657	0.0110225	0	0.000731332	0.289989	0	0	0	0.203682	
0.584961	0.0110776	0	0.000734989	0.288108	0	0	0	0.202003	
0.58327	0.0111324	0	0.000738623	0.28624	0	0	0	0.200338	
0.581585	0.0111868	0	0.000742235	0.284384	0	0	0	0.198688	
0.579904	0.0112409	0	0.000745825	0.282542	0	0	0	0.197053	
0.578228	0.0112947	0	0.000749392	0.280711	0	0	0	0.195432	
0.576557	0.0113481	0	0.000752936	0.278893	0	0	0	0.193825	
0.57489	0.0114012	0	0.000756458	0.277088	0	0	0	0.192232	
0.573229	0.011454	0	0.000759957	0.275295	0	0	0	0.190653	
0.571572	0.0115064	0	0.000763434	0.273514	0	0	0	0.189088	
0.56992	0.0115584	0	0.000766888	0.271745	0	0	0	0.187537	
0.568273	0.0116101	0	0.00077032	0.269988	0	0	0	0.185999	
0.566631	0.0116615	0	0.000773728	0.268243	0	0	0	0.184475	
0.564994	0.0117125	0	0.000777115	0.26651	0	0	0	0.182964	
0.563361	0.0117632	0	0.000780478	0.264788	0	0	0	0.181466	
0.561733	0.0118136	0	0.000783819	0.263078	0	0	0	0.179982	
0.56011	0.0118636	0	0.000787137	0.26138	0	0	0	0.17851	
