1	0	0	0	1	0	0	0	1	
0.999983	1.41873e-06	0	1.40755e-07	0.992463	0	0	0	0.98632	
0.999966	5.56161e-06	0	5.52323e-07	0.985052	0	0	0	0.972992	
0.999949	1.22982e-05	0	1.22124e-06	0.977701	0	0	0	0.959848	
0.999932	2.14973e-05	0	2.13446e-06	0.970409	0	0	0	0.946885	
0.999916	3.30376e-05	0	3.27999e-06	0.963175	0	0	0	0.934102	
0.999899	4.68074e-05	0	4.64671e-06	0.955998	0	0	0	0.921495	
0.999883	6.27026e-05	0	6.22432e-06	0.948878	0	0	0	0.909062	
0.999867	8.06266e-05	0	8.00321e-06	0.941815	0	0	0	0.8968	
0.999851	0.000100489	0	9.97443e-06	0.934807	0	0	0	0.884707	
0.999835	0.000122205	0	1.21296e-05	0.927855	0	0	0	0.872781	
0.999819	0.000145696	0	1.44608e-05	0.920958	0	0	0	0.861018	
0.999804	0.000170886	0	1.69606e-05	0.914114	0	0	0	0.849418	
0.999788	0.000197706	0	1.96221e-05	0.907324	0	0	0	0.837977	
0.999773	0.000226088	0	2.24386e-05	0.900588	0	0	0	0.826693	
0.999757	0.000255969	0	2.54039e-05	0.893904	0	0	0	0.815564	
0.999742	0.000287289	0	2.85119e-05	0.887272	0	0	0	0.804588	
0.999727	0.000319992	0	3.17571e-05	0.880692	0	0	0	0.793762	
0.999712	0.000354022	0	3.5134e-05	0.874164	0	0	0	0.783085	
0.999697	0.000389328	0	3.86374e-05	0.867686	0	0	0	0.772554	
0.999682	0.00042586	0	4.22626e-05	0.861258	0	0	0	0.762168	
0.999668	0.000463571	0	4.60047e-05	0.85488	0	0	0	0.751924	
0.999653	0.000502415	0	4.98592e-05	0.848552	0	0	0	0.74182	
0.999639	0.000542349	0	5.38218e-05	0.842272	0	0	0	0.731854	
0.999624	0.000583331	0	5.78885e-05	0.836042	0	0	0	0.722025	
0.99961	0.00062532	0	6.20551e-05	0.829859	0	0	0	0.71233	
0.999596	0.000668279	0	6.63178e-05	0.823724	0	0	0	0.702768	
0.999581	0.000712169	0	7.0673e-05	0.817636	0	0	0	0.693337	
0.999567	0.000756955	0	7.51171e-05	0.811595	0	0	0	0.684035	
0.999553	0.000802603	0	7.96466e-05	0.805601	0	0	0	0.674859	
0.999539	0.000849078	0	8.42583e-05	0.799653	0	0	0	0.665809	
0.999526	0.000896349	0	8.89489e-05	0.79375	0	0	0	0.656883	
0.999512	0.000944385	0	9.37153e-05	0.787893	0	0	0	0.648078	
0.999498	0.000993155	0	9.85547e-05	0.782081	0	0	0	0.639394	
0.999484	0.00104263	0	0.000103464	0.776313	0	0	0	0.630828	
0.999471	0.00109278	0	0.000108441	0.770589	0	0	0	0.622379	
0.999457	0.00114359	0	0.000113482	0.76491	0	0	0	0.614045	
0.999444	0.00119501	0	0.000118585	0.759273	0	0	0	0.605825	
0.99943	0.00124704	0	0.000123747	0.75368	0	0	0	0.597716	
0.999417	0.00129964	0	0.000128966	0.748129	0	0	0	0.589719	
0.999404	0.00135279	0	0.00013424	0.742621	0	0	0	0.58183	
0.999391	0.00140646	0	0.000139566	0.737154	0	0	0	0.574048	
0.999377	0.00146064	0	0.000144942	0.73173	0	0	0	0.566373	
0.999364	0.0015153	0	0.000150365	0.726346	0	0	0	0.558802	
0.999351	0.00157042	0	0.000155835	0.721004	0	0	0	0.551334	
0.999338	0.00162598	0	0.000161348	0.715702	0	0	0	0.543968	
0.999325	0.00168196	0	0.000166903	0.71044	0	0	0	0.536702	
0.999312	0.00173835	0	0.000172497	0.705219	0	0	0	0.529535	
0.9993	0.00179511	0	0.00017813	0.700037	0	0	0	0.522465	
0.999287	0.00185224	0	0.000183798	0.694894	0	0	0	0.515491	
0.999274	0.00190971	0	0.000189501	0.68979	0	0	0	0.508612	
0.999261	0.00196751	0	0.000195236	0.684725	0	0	0	0.501827	
0.999249	0.00202563	0	0.000201003	0.679698	0	0	0	0.495133	
0.999236	0.00208404	0	0.000206799	0.674709	0	0	0	0.488531	
0.999224	0.00214273	0	0.000212622	0.669758	0	0	0	0.482018	
0.999211	0.00220168	0	0.000218472	0.664845	0	0	0	0.475594	
0.999199	0.00226088	0	0.000224346	0.659968	0	0	0	0.469257	
0.999186	0.00232032	0	0.000230244	0.655128	0	0	0	0.463005	
0.999174	0.00237998	0	0.000236163	0.650325	0	0	0	0.456839	
0.999162	0.00243984	0	0.000242103	0.645558	0	0	0	0.450756	
0.999149	0.0024999	0	0.000248062	0.640827	0	0	0	0.444756	
0.999137	0.00256014	0	0.00025404	0.636132	0	0	0	0.438837	
0.999125	0.00262054	0	0.000260033	0.631472	0	0	0	0.432998	
0.999113	0.00268111	0	0.000266043	0.626847	0	0	0	0.427239	
0.999101	0.00274181	0	0.000272066	0.622257	0	0	0	0.421557	
0.999088	0.00280265	0	0.000278103	0.617701	0	0	0	0.415952	
0.999076	0.00286361	0	0.000284151	0.613179	0	0	0	0.410424	
0.999064	0.00292467	0	0.00029021	0.608692	0	0	0	0.40497	
0.999052	0.00298584	0	0.000296279	0.604238	0	0	0	0.39959	
0.99904	0.00304709	0	0.000302357	0.599818	0	0	0	0.394283	
0.999028	0.00310842	0	0.000308443	0.595431	0	0	0	0.389047	
0.999017	0.00316982	0	0.000314535	0.591076	0	0	0	0.383883	
0.999005	0.00323128	0	0.000320633	0.586755	0	0	0	0.378788	
0.998993	0.00329279	0	0.000326736	0.582465	0	0	0	0.373762	
0.998981	0.00335434	0	0.000332843	0.578208	0	0	0	0.368804	
0.998969	0.00341592	0	0.000338954	0.573983	0	0	0	0.363913	
0.998958	0.00347752	0	0.000345066	0.569789	0	0	0	0.359088	
0.998946	0.00353914	0	0.00035118	0.565627	0	0	0	0.354329	
0.998934	0.00360076	0	0.000357294	0.561495	0	0	0	0.349633	
0.998923	0.00366238	0	0.000363409	0.557395	0	0	0	0.345002	
0.998911	0.00372399	0	0.000369522	0.553325	0	0	0	0.340432	
0.9989	0.00378558	0	0.000375634	0.549286	0	0	0	0.335924	
0.998888	0.00384716	0	0.000381743	0.545277	0	0	0	0.331478	
0.998876	0.00390869	0	0.000387849	0.541297	0	0	0	0.327091	
0.998865	0.0039702	0	0.000393951	0.537348	0	0	0	0.322763	
0.998854	0.00403165	0	0.000400049	0.533428	0	0	0	0.318494	
0.998842	0.00409306	0	0.000406142	0.529537	0	0	0	0.314282	
0.998831	0.0041544	0	0.000412229	0.525675	0	0	0	0.310127	
0.998819	0.00421569	0	0.00041831	0.521842	0	0	0	0.306028	
0.998808	0.0042769	0	0.000424384	0.518037	0	0	0	0.301985	
0.998797	0.00433804	0	0.00043045	0.514261	0	0	0	0.297996	
0.998785	0.0043991	0	0.000436508	0.510512	0	0	0	0.29406	
0.998774	0.00446007	0	0.000442558	0.506792	0	0	0	0.290178	
0.998763	0.00452095	0	0.000448599	0.503099	0	0	0	0.286348	
0.998752	0.00458173	0	0.00045463	0.499434	0	0	0	0.282569	
0.99874	0.00464241	0	0.00046065	0.495796	0	0	0	0.278841	
0.998729	0.00470298	0	0.00046666	0.492185	0	0	0	0.275164	
0.998718	0.00476344	0	0.000472659	0.488601	0	0	0	0.271536	
0.998707	0.00482378	0	0.000478647	0.485043	0	0	0	0.267957	
0.998696	0.004884	0	0.000484622	0.481512	0	0	0	0.264425	
0.998685	0.0049441	0	0.000490585	0.478007	0	0	0	0.260942	
0.998673	0.00500407	0	0.000496536	0.474528	0	0	0	0.257505	
0.998662	0.0050639	0	0.000502472	0.471075	0	0	0	0.254115	
0.998651	0.0051236	0	0.000508396	0.467648	0	0	0	0.25077	
0.99864	0.00518315	0	0.000514305	0.464245	0	0	0	0.24747	
0.998629	0.00524256	0	0.0005202	0.460868	0	0	0	0.244214	
0.998618	0.00530182	0	0.00052608	0.457516	0	0	0	0.241002	
0.998607	0.00536093	0	0.000531945	0.454189	0	0	0	0.237833	
0.998596	0.00541989	0	0.000537795	0.450887	0	0	0	0.234707	
0.998585	0.00547868	0	0.000543628	0.447609	0	0	0	0.231622	
0.998575	0.00553731	0	0.000549446	0.444355	0	0	0	0.228579	
0.998564	0.00559578	0	0.000555247	0.441125	0	0	0	0.225577	
0.998553	0.00565408	0	0.000561032	0.437919	0	0	0	0.222616	
0.998542	0.00571221	0	0.0005668	0.434737	0	0	0	0.219693	
0.998531	0.00577017	0	0.00057255	0.431578	0	0	0	0.216811	
0.99852	0.00582794	0	0.000578283	0.428443	0	0	0	0.213966	
0.998509	0.00588554	0	0.000583998	0.42533	0	0	0	0.21116	
0.998499	0.00594296	0	0.000589696	0.422241	0	0	0	0.208392	
0.998488	0.00600019	0	0.000595374	0.419175	0	0	0	0.20566	
0.998477	0.00605724	0	0.000601035	0.416131	0	0	0	0.202965	
0.998466	0.0061141	0	0.000606677	0.41311	0	0	0	0.200307	
0.998456	0.00617077	0	0.000612299	0.410111	0	0	0	0.197683	
0.998445	0.00622725	0	0.000617903	0.407134	0	0	0	0.195095	
0.998434	0.00628353	0	0.000623487	0.404179	0	0	0	0.192542	
0.998423	0.00633961	0	0.000629052	0.401245	0	0	0	0.190023	
0.998413	0.00639549	0	0.000634597	0.398334	0	0	0	0.187537	
0.998402	0.00645118	0	0.000640122	0.395444	0	0	0	0.185085	
0.998391	0.00650666	0	0.000645627	0.392575	0	0	0	0.182666	
0.998381	0.00656194	0	0.000651112	0.389727	0	0	0	0.180279	
0.99837	0.00661701	0	0.000656577	0.3869	0	0	0	0.177923	
0.99836	0.00667188	0	0.000662021	0.384094	0	0	0	0.1756	
0.998349	0.00672653	0	0.000667444	0.381309	0	0	0	0.173307	
0.998338	0.00678098	0	0.000672846	0.378544	0	0	0	0.171045	
0.998328	0.00683522	0	0.000678228	0.375799	0	0	0	0.168813	
0.998317	0.00688924	0	0.000683588	0.373075	0	0	0	0.166611	
0.998307	0.00694305	0	0.000688927	0.370371	0	0	0	0.164439	
0.998296	0.00699664	0	0.000694245	0.367686	0	0	0	0.162295	
0.998286	0.00705002	0	0.000699541	0.365022	0	0	0	0.16018	
0.998275	0.00710318	0	0.000704816	0.362376	0	0	0	0.158093	
0.998265	0.00715612	0	0.000710069	0.359751	0	0	0	0.156034	
0.998254	0.00720885	0	0.0007153	0.357144	0	0	0	0.154003	
0.998244	0.00726135	0	0.00072051	0.354557	0	0	0	0.151998	
0.998233	0.00731363	0	0.000725697	0.351989	0	0	0	0.150021	
0.998223	0.00736569	0	0.000730863	0.349439	0	0	0	0.14807	
0.998212	0.00741753	0	0.000736006	0.346909	0	0	0	0.146144	
0.998202	0.00746914	0	0.000741127	0.344397	0	0	0	0.144245	
0.998191	0.00752053	0	0.000746226	0.341903	0	0	0	0.14237	
0.998181	0.0075717	0	0.000751303	0.339427	0	0	0	0.140521	
0.998171	0.00762263	0	0.000756357	0.33697	0	0	0	0.138696	
0.99816	0.00767335	0	0.000761389	0.334531	0	0	0	0.136896	
0.99815	0.00772384	0	0.000766399	0.332109	0	0	0	0.135119	
0.998139	0.0077741	0	0.000771386	0.329706	0	0	0	0.133367	
0.998129	0.00782413	0	0.00077635	0.32732	0	0	0	0.131637	
0.998119	0.00787394	0	0.000781292	0.324951	0	0	0	0.129931	
0.998108	0.00792351	0	0.000786211	0.3226	0	0	0	0.128247	
0.998098	0.00797286	0	0.000791108	0.320266	0	0	0	0.126585	
0.998088	0.00802198	0	0.000795982	0.317949	0	0	0	0.124946	
0.998077	0.00807087	0	0.000800833	0.315649	0	0	0	0.123328	
0.998067	0.00811954	0	0.000805661	0.313366	0	0	0	0.121732	
0.998057	0.00816797	0	0.000810467	0.3111	0	0	0	0.120158	
0.998046	0.00821617	0	0.00081525	0.30885	0	0	0	0.118604	
0.998036	0.00826414	0	0.00082001	0.306616	0	0	0	0.11707	
0.998026	0.00831189	0	0.000824747	0.304399	0	0	0	0.115557	
0.998016	0.0083594	0	0.000829461	0.302199	0	0	0	0.114064	
0.998005	0.00840669	0	0.000834153	0.300014	0	0	0	0.112591	
0.997995	0.00845374	0	0.000838822	0.297845	0	0	0	0.111138	
0.997985	0.00850056	0	0.000843468	0.295692	0	0	0	0.109704	
0.997975	0.00854716	0	0.000848091	0.293555	0	0	0	0.108288	
0.997964	0.00859352	0	0.000852691	0.291433	0	0	0	0.106892	
0.997954	0.00863966	0	0.000857269	0.289327	0	0	0	0.105514	
0.997944	0.00868556	0	0.000861823	0.287237	0	0	0	0.104154	
0.997934	0.00873124	0	0.000866355	0.285161	0	0	0	0.102813	
0.997924	0.00877668	0	0.000870865	0.283101	0	0	0	0.101489	
0.997913	0.0088219	0	0.000875351	0.281056	0	0	0	0.100182	
0.997903	0.00886689	0	0.000879815	0.279026	0	0	0	0.0988934	
0.997893	0.00891164	0	0.000884256	0.27701	0	0	0	0.0976214	
0.997883	0.00895618	0	0.000888674	0.275009	0	0	0	0.0963662	
0.997873	0.00900048	0	0.00089307	0.273023	0	0	0	0.0951277	
0.997863	0.00904455	0	0.000897443	0.271052	0	0	0	0.0939055	
0.997852	0.0090884	0	0.000901794	0.269094	0	0	0	0.0926995	
0.997842	0.00913202	0	0.000906122	0.267151	0	0	0	0.0915094	
0.997832	0.00917541	0	0.000910428	0.265222	0	0	0	0.090335	
0.997822	0.00921858	0	0.000914711	0.263308	0	0	0	0.0891762	
0.997812	0.00926152	0	0.000918971	0.261407	0	0	0	0.0880327	
0.997802	0.00930423	0	0.000923209	0.25952	0	0	0	0.0869043	
0.997792	0.00934672	0	0.000927425	0.257647	0	0	0	0.0857908	
0.997782	0.00938898	0	0.000931619	0.255787	0	0	0	0.084692	
0.997771	0.00943102	0	0.00093579	0.253941	0	0	0	0.0836077	
0.997761	0.00947284	0	0.000939939	0.252109	0	0	0	0.0825377	
0.997751	0.00951443	0	0.000944065	0.250289	0	0	0	0.0814818	
0.997741	0.00955579	0	0.00094817	0.248483	0	0	0	0.0804399	
0.997731	0.00959694	0	0.000952253	0.246691	0	0	0	0.0794117	
0.997721	0.00963786	0	0.000956313	0.244911	0	0	0	0.078397	
0.997711	0.00967857	0	0.000960352	0.243144	0	0	0	0.0773958	
0.997701	0.00971905	0	0.000964368	0.24139	0	0	0	0.0764077	
0.997691	0.00975931	0	0.000968363	0.239649	0	0	0	0.0754326	
0.997681	0.00979935	0	0.000972336	0.23792	0	0	0	0.0744704	
0.997671	0.00983917	0	0.000976287	0.236205	0	0	0	0.0735209	
0.997661	0.00987877	0	0.000980216	0.234501	0	0	0	0.0725838	
0.997651	0.00991815	0	0.000984124	0.23281	0	0	0	0.0716591	
0.997641	0.00995732	0	0.00098801	0.231131	0	0	0	0.0707466	
0.997631	0.00999627	0	0.000991875	0.229465	0	0	0	0.069846	
0.997621	0.010035	0	0.000995718	0.22781	0	0	0	0.0689573	
0.997611	0.0100735	0	0.00099954	0.226168	0	0	0	0.0680803	
0.997601	0.0101118	0	0.00100334	0.224538	0	0	0	0.0672148	
0.997591	0.0101499	0	0.00100712	0.222919	0	0	0	0.0663607	
0.997581	0.0101878	0	0.00101088	0.221312	0	0	0	0.0655178	
0.997571	0.0102255	0	0.00101461	0.219717	0	0	0	0.064686	
0.997561	0.0102629	0	0.00101833	0.218134	0	0	0	0.0638651	
0.997551	0.0103001	0	0.00102203	0.216561	0	0	0	0.063055	
0.997541	0.0103372	0	0.0010257	0.215001	0	0	0	0.0622555	
0.997531	0.010374	0	0.00102935	0.213452	0	0	0	0.0614665	
0.997521	0.0104106	0	0.00103299	0.211914	0	0	0	0.0606879	
0.997511	0.010447	0	0.0010366	0.210387	0	0	0	0.0599195	
0.997501	0.0104832	0	0.00104019	0.208871	0	0	0	0.0591611	
0.997491	0.0105192	0	0.00104376	0.207366	0	0	0	0.0584127	
0.997481	0.0105549	0	0.00104731	0.205872	0	0	0	0.0576741	
0.997471	0.0105905	0	0.00105084	0.204389	0	0	0	0.0569452	
0.997461	0.0106259	0	0.00105435	0.202917	0	0	0	0.0562258	
0.997451	0.010661	0	0.00105784	0.201456	0	0	0	0.0555158	
0.997441	0.010696	0	0.0010613	0.200005	0	0	0	0.0548152	
0.997431	0.0107308	0	0.00106475	0.198564	0	0	0	0.0541237	
0.997421	0.0107653	0	0.00106818	0.197134	0	0	0	0.0534412	
0.997411	0.0107997	0	0.00107159	0.195715	0	0	0	0.0527677	
0.997401	0.0108338	0	0.00107498	0.194305	0	0	0	0.052103	
0.997392	0.0108678	0	0.00107835	0.192906	0	0	0	0.051447	
0.997382	0.0109015	0	0.0010817	0.191517	0	0	0	0.0507996	
0.997372	0.0109351	0	0.00108503	0.190139	0	0	0	0.0501606	
0.997362	0.0109684	0	0.00108834	0.18877	0	0	0	0.0495299	
0.997352	0.0110016	0	0.00109163	0.187411	0	0	0	0.0489075	
0.997342	0.0110346	0	0.0010949	0.186062	0	0	0	0.0482933	
0.997332	0.0110673	0	0.00109815	0.184723	0	0	0	0.047687	
0.997322	0.0110999	0	0.00110138	0.183393	0	0	0	0.0470887	
0.997312	0.0111323	0	0.0011046	0.182073	0	0	0	0.0464981	
0.997302	0.0111645	0	0.00110779	0.180763	0	0	0	0.0459153	
0.997293	0.0111965	0	0.00111096	0.179462	0	0	0	0.0453401	
0.997283	0.0112283	0	0.00111412	0.17817	0	0	0	0.0447723	
0.997273	0.0112599	0	0.00111726	0.176888	0	0	0	0.044212	
0.997263	0.0112914	0	0.00112038	0.175615	0	0	0	0.0436589	
0.997253	0.0113226	0	0.00112348	0.174352	0	0	0	0.0431131	
0.997243	0.0113537	0	0.00112656	0.173097	0	0	0	0.0425744	
0.997233	0.0113845	0	0.00112962	0.171852	0	0	0	0.0420427	
0.997223	0.0114152	0	0.00113267	0.170616	0	0	0	0.0415179	
0.997214	0.0114457	0	0.00113569	0.169388	0	0	0	0.0409999	
0.997204	0.011476	0	0.0011387	0.16817	0	0	0	0.0404887	
0.997194	0.0115062	0	0.00114169	0.16696	0	0	0	0.0399841	
0.997184	0.0115361	0	0.00114466	0.165759	0	0	0	0.039486	
0.997174	0.0115659	0	0.00114762	0.164567	0	0	0	0.0389945	
0.997164	0.0115955	0	0.00115055	0.163384	0	0	0	0.0385093	
0.997155	0.0116249	0	0.00115347	0.162209	0	0	0	0.0380304	
0.997145	0.0116541	0	0.00115637	0.161042	0	0	0	0.0375578	
0.997135	0.0116832	0	0.00115925	0.159884	0	0	0	0.0370913	
0.997125	0.011712	0	0.00116212	0.158734	0	0	0	0.0366308	
0.997115	0.0117407	0	0.00116496	0.157593	0	0	0	0.0361763	
0.997105	0.0117693	0	0.00116779	0.15646	0	0	0	0.0357277	
0.997096	0.0117976	0	0.00117061	0.155335	0	0	0	0.0352849	
0.997086	0.0118258	0	0.0011734	0.154218	0	0	0	0.0348479	
0.997076	0.0118538	0	0.00117618	0.153109	0	0	0	0.0344165	
0.997066	0.0118816	0	0.00117894	0.152009	0	0	0	0.0339907	
0.997056	0.0119093	0	0.00118169	0.150916	0	0	0	0.0335704	
0.997046	0.0119367	0	0.00118441	0.149831	0	0	0	0.0331556	
0.997037	0.0119641	0	0.00118712	0.148754	0	0	0	0.0327461	
0.997027	0.0119912	0	0.00118982	0.147685	0	0	0	0.0323419	
0.997017	0.0120182	0	0.00119249	0.146624	0	0	0	0.031943	
0.997007	0.012045	0	0.00119515	0.14557	0	0	0	0.0315492	
0.996997	0.0120717	0	0.0011978	0.144524	0	0	0	0.0311605	
0.996988	0.0120981	0	0.00120043	0.143485	0	0	0	0.0307768	
0.996978	0.0121244	0	0.00120304	0.142454	0	0	0	0.0303981	
0.996968	0.0121506	0	0.00120563	0.14143	0	0	0	0.0300243	
0.996958	0.0121766	0	0.00120821	0.140414	0	0	0	0.0296553	
0.996949	0.0122024	0	0.00121077	0.139405	0	0	0	0.029291	
0.996939	0.0122281	0	0.00121332	0.138404	0	0	0	0.0289315	
0.996929	0.0122536	0	0.00121585	0.137409	0	0	0	0.0285766	
0.996919	0.0122789	0	0.00121837	0.136422	0	0	0	0.0282262	
0.996909	0.0123041	0	0.00122086	0.135442	0	0	0	0.0278804	
0.9969	0.0123292	0	0.00122335	0.134469	0	0	0	0.027539	
0.99689	0.012354	0	0.00122582	0.133503	0	0	0	0.0272021	
0.99688	0.0123787	0	0.00122827	0.132544	0	0	0	0.0268694	
0.99687	0.0124033	0	0.00123071	0.131592	0	0	0	0.0265411	
0.996861	0.0124277	0	0.00123313	0.130647	0	0	0	0.026217	
0.996851	0.012452	0	0.00123553	0.129709	0	0	0	0.025897	
0.996841	0.0124761	0	0.00123792	0.128777	0	0	0	0.0255812	
0.996831	0.0125	0	0.0012403	0.127852	0	0	0	0.0252694	
0.996821	0.0125238	0	0.00124266	0.126934	0	0	0	0.0249616	
0.996812	0.0125474	0	0.00124501	0.126022	0	0	0	0.0246578	
0.996802	0.0125709	0	0.00124734	0.125117	0	0	0	0.0243579	
0.996792	0.0125943	0	0.00124966	0.124219	0	0	0	0.0240618	
0.996782	0.0126175	0	0.00125196	0.123327	0	0	0	0.0237696	
0.996773	0.0126405	0	0.00125424	0.122442	0	0	0	0.0234811	
0.996763	0.0126634	0	0.00125652	0.121562	0	0	0	0.0231962	
0.996753	0.0126862	0	0.00125877	0.12069	0	0	0	0.0229151	
0.996743	0.0127088	0	0.00126102	0.119823	0	0	0	0.0226375	
0.996734	0.0127313	0	0.00126325	0.118963	0	0	0	0.0223635	
0.996724	0.0127536	0	0.00126546	0.118109	0	0	0	0.022093	
0.996714	0.0127758	0	0.00126766	0.117261	0	0	0	0.021826	
0.996704	0.0127978	0	0.00126985	0.116419	0	0	0	0.0215624	
0.996695	0.0128197	0	0.00127202	0.115584	0	0	0	0.0213021	
0.996685	0.0128415	0	0.00127418	0.114754	0	0	0	0.0210452	
0.996675	0.0128631	0	0.00127633	0.11393	0	0	0	0.0207916	
0.996666	0.0128846	0	0.00127846	0.113113	0	0	0	0.0205412	
0.996656	0.0129059	0	0.00128058	0.112301	0	0	0	0.020294	
0.996646	0.0129271	0	0.00128268	0.111495	0	0	0	0.02005	
0.996636	0.0129482	0	0.00128477	0.110695	0	0	0	0.0198091	
0.996627	0.0129692	0	0.00128685	0.1099	0	0	0	0.0195712	
0.996617	0.01299	0	0.00128891	0.109112	0	0	0	0.0193364	
0.996607	0.0130106	0	0.00129096	0.108329	0	0	0	0.0191046	
0.996597	0.0130312	0	0.001293	0.107551	0	0	0	0.0188757	
0.996588	0.0130516	0	0.00129503	0.10678	0	0	0	0.0186498	
0.996578	0.0130718	0	0.00129704	0.106014	0	0	0	0.0184267	
0.996568	0.013092	0	0.00129904	0.105253	0	0	0	0.0182065	
0.996559	0.013112	0	0.00130102	0.104498	0	0	0	0.0179891	
0.996549	0.0131319	0	0.00130299	0.103748	0	0	0	0.0177744	
0.996539	0.0131516	0	0.00130495	0.103004	0	0	0	0.0175625	
0.996529	0.0131712	0	0.0013069	0.102265	0	0	0	0.0173533	
0.99652	0.0131907	0	0.00130883	0.101531	0	0	0	0.0171467	
0.99651	0.0132101	0	0.00131076	0.100803	0	0	0	0.0169428	
0.9965	0.0132293	0	0.00131267	0.10008	0	0	0	0.0167415	
0.996491	0.0132484	0	0.00131456	0.099362	0	0	0	0.0165427	
0.996481	0.0132674	0	0.00131645	0.0986493	0	0	0	0.0163464	
0.996471	0.0132863	0	0.00131832	0.0979417	0	0	0	0.0161526	
0.996461	0.0133051	0	0.00132018	0.0972393	0	0	0	0.0159613	
0.996452	0.0133237	0	0.00132203	0.0965419	0	0	0	0.0157724	
0.996442	0.0133422	0	0.00132386	0.0958495	0	0	0	0.0155859	
0.996432	0.0133606	0	0.00132569	0.0951621	0	0	0	0.0154018	
0.996423	0.0133788	0	0.0013275	0.0944796	0	0	0	0.0152199	
0.996413	0.013397	0	0.0013293	0.0938021	0	0	0	0.0150404	
0.996403	0.013415	0	0.00133109	0.0931295	0	0	0	0.0148632	
0.996394	0.0134329	0	0.00133286	0.0924617	0	0	0	0.0146882	
0.996384	0.0134507	0	0.00133463	0.0917987	0	0	0	0.0145154	
0.996374	0.0134684	0	0.00133638	0.0911405	0	0	0	0.0143448	
0.996365	0.0134859	0	0.00133813	0.090487	0	0	0	0.0141764	
0.996355	0.0135034	0	0.00133986	0.0898382	0	0	0	0.0140101	
0.996345	0.0135207	0	0.00134158	0.0891941	0	0	0	0.0138459	
0.996335	0.0135379	0	0.00134328	0.0885546	0	0	0	0.0136837	
0.996326	0.013555	0	0.00134498	0.0879198	0	0	0	0.0135237	
0.996316	0.013572	0	0.00134667	0.0872895	0	0	0	0.0133656	
0.996306	0.0135889	0	0.00134834	0.0866637	0	0	0	0.0132095	
0.996297	0.0136056	0	0.00135	0.0860425	0	0	0	0.0130554	
0.996287	0.0136223	0	0.00135166	0.0854257	0	0	0	0.0129032	
0.996277	0.0136388	0	0.0013533	0.0848134	0	0	0	0.0127529	
0.996268	0.0136553	0	0.00135493	0.0842054	0	0	0	0.0126046	
0.996258	0.0136716	0	0.00135655	0.0836019	0	0	0	0.0124581	
0.996248	0.0136878	0	0.00135816	0.0830027	0	0	0	0.0123134	
0.996239	0.0137039	0	0.00135976	0.0824078	0	0	0	0.0121706	
0.996229	0.0137199	0	0.00136135	0.0818171	0	0	0	0.0120295	
0.996219	0.0137358	0	0.00136292	0.0812308	0	0	0	0.0118903	
0.99621	0.0137516	0	0.00136449	0.0806486	0	0	0	0.0117527	
0.9962	0.0137673	0	0.00136605	0.0800707	0	0	0	0.0116169	
0.99619	0.0137829	0	0.00136759	0.0794969	0	0	0	0.0114828	
0.996181	0.0137984	0	0.00136913	0.0789272	0	0	0	0.0113504	
0.996171	0.0138138	0	0.00137066	0.0783616	0	0	0	0.0112197	
0.996161	0.0138291	0	0.00137217	0.0778001	0	0	0	0.0110905	
0.996152	0.0138442	0	0.00137368	0.0772426	0	0	0	0.010963	
0.996142	0.0138593	0	0.00137517	0.0766892	0	0	0	0.0108371	
0.996132	0.0138743	0	0.00137666	0.0761397	0	0	0	0.0107128	
0.996123	0.0138892	0	0.00137814	0.0755942	0	0	0	0.01059	
0.996113	0.013904	0	0.0013796	0.0750526	0	0	0	0.0104688	
0.996103	0.0139186	0	0.00138106	0.0745149	0	0	0	0.0103491	
0.996094	0.0139332	0	0.00138251	0.073981	0	0	0	0.0102308	
0.996084	0.0139477	0	0.00138394	0.073451	0	0	0	0.0101141	
0.996074	0.0139621	0	0.00138537	0.0729248	0	0	0	0.00999879	
0.996065	0.0139764	0	0.00138679	0.0724024	0	0	0	0.00988493	
0.996055	0.0139906	0	0.0013882	0.0718838	0	0	0	0.00977249	
0.996045	0.0140047	0	0.0013896	0.0713689	0	0	0	0.00966146	
0.996036	0.0140187	0	0.00139099	0.0708576	0	0	0	0.0095518	
0.996026	0.0140326	0	0.00139237	0.0703501	0	0	0	0.00944352	
0.996016	0.0140464	0	0.00139374	0.0698462	0	0	0	0.00933658	
0.996007	0.0140602	0	0.0013951	0.0693459	0	0	0	0.00923097	
0.995997	0.0140738	0	0.00139646	0.0688493	0	0	0	0.00912667	
0.995987	0.0140874	0	0.0013978	0.0683561	0	0	0	0.00902367	
0.995978	0.0141008	0	0.00139914	0.0678666	0	0	0	0.00892195	
0.995968	0.0141142	0	0.00140046	0.0673806	0	0	0	0.0088215	
0.995959	0.0141275	0	0.00140178	0.066898	0	0	0	0.00872229	
0.995949	0.0141407	0	0.00140309	0.0664189	0	0	0	0.00862431	
0.995939	0.0141538	0	0.00140439	0.0659433	0	0	0	0.00852755	
0.99593	0.0141668	0	0.00140568	0.0654711	0	0	0	0.00843199	
0.99592	0.0141797	0	0.00140696	0.0650023	0	0	0	0.00833761	
0.99591	0.0141925	0	0.00140824	0.0645368	0	0	0	0.0082444	
0.995901	0.0142053	0	0.0014095	0.0640747	0	0	0	0.00815234	
0.995891	0.0142179	0	0.00141076	0.0636159	0	0	0	0.00806143	
0.995881	0.0142305	0	0.00141201	0.0631604	0	0	0	0.00797164	
0.995872	0.014243	0	0.00141325	0.0627082	0	0	0	0.00788295	
0.995862	0.0142554	0	0.00141448	0.0622592	0	0	0	0.00779537	
0.995852	0.0142678	0	0.0014157	0.0618135	0	0	0	0.00770886	
0.995843	0.01428	0	0.00141692	0.0613709	0	0	0	0.00762343	
0.995833	0.0142922	0	0.00141812	0.0609316	0	0	0	0.00753905	
0.995824	0.0143043	0	0.00141932	0.0604954	0	0	0	0.00745571	
0.995814	0.0143163	0	0.00142051	0.0600623	0	0	0	0.0073734	
0.995804	0.0143282	0	0.0014217	0.0596323	0	0	0	0.0072921	
0.995795	0.01434	0	0.00142287	0.0592055	0	0	0	0.0072118	
0.995785	0.0143518	0	0.00142404	0.0587817	0	0	0	0.00713249	
0.995775	0.0143635	0	0.0014252	0.0583609	0	0	0	0.00705416	
0.995766	0.0143751	0	0.00142635	0.0579432	0	0	0	0.00697679	
0.995756	0.0143866	0	0.00142749	0.0575284	0	0	0	0.00690037	
0.995746	0.014398	0	0.00142863	0.0571167	0	0	0	0.0068249	
0.995737	0.0144094	0	0.00142975	0.0567079	0	0	0	0.00675035	
0.995727	0.0144207	0	0.00143087	0.056302	0	0	0	0.00667671	
0.995718	0.0144319	0	0.00143199	0.0558991	0	0	0	0.00660398	
0.995708	0.014443	0	0.00143309	0.055499	0	0	0	0.00653214	
0.995698	0.0144541	0	0.00143419	0.0551018	0	0	0	0.00646118	
0.995689	0.0144651	0	0.00143528	0.0547075	0	0	0	0.00639109	
0.995679	0.014476	0	0.00143636	0.054316	0	0	0	0.00632186	
0.995669	0.0144868	0	0.00143744	0.0539273	0	0	0	0.00625347	
0.99566	0.0144976	0	0.00143851	0.0535414	0	0	0	0.00618593	
0.99565	0.0145083	0	0.00143957	0.0531583	0	0	0	0.00611921	
0.995641	0.0145189	0	0.00144062	0.0527779	0	0	0	0.0060533	
0.995631	0.0145295	0	0.00144167	0.0524003	0	0	0	0.0059882	
0.995621	0.01454	0	0.00144271	0.0520253	0	0	0	0.0059239	
0.995612	0.0145504	0	0.00144374	0.0516531	0	0	0	0.00586038	
0.995602	0.0145607	0	0.00144477	0.0512835	0	0	0	0.00579763	
0.995592	0.014571	0	0.00144578	0.0509166	0	0	0	0.00573565	
0.995583	0.0145812	0	0.0014468	0.0505523	0	0	0	0.00567443	
0.995573	0.0145913	0	0.0014478	0.0501906	0	0	0	0.00561395	
0.995564	0.0146013	0	0.0014488	0.0498316	0	0	0	0.00555421	
0.995554	0.0146113	0	0.00144979	0.0494751	0	0	0	0.00549519	
0.995544	0.0146212	0	0.00145077	0.0491211	0	0	0	0.0054369	
0.995535	0.0146311	0	0.00145175	0.0487698	0	0	0	0.00537931	
0.995525	0.0146409	0	0.00145272	0.0484209	0	0	0	0.00532242	
0.995516	0.0146506	0	0.00145369	0.0480745	0	0	0	0.00526622	
0.995506	0.0146603	0	0.00145464	0.0477306	0	0	0	0.00521071	
0.995496	0.0146698	0	0.0014556	0.0473892	0	0	0	0.00515587	
0.995487	0.0146794	0	0.00145654	0.0470502	0	0	0	0.00510169	
0.995477	0.0146888	0	0.00145748	0.0467137	0	0	0	0.00504817	
0.995467	0.0146982	0	0.00145841	0.0463796	0	0	0	0.0049953	
0.995458	0.0147075	0	0.00145934	0.0460479	0	0	0	0.00494307	
0.995448	0.0147168	0	0.00146026	0.0457185	0	0	0	0.00489147	
0.995439	0.014726	0	0.00146117	0.0453916	0	0	0	0.0048405	
0.995429	0.0147352	0	0.00146208	0.0450669	0	0	0	0.00479014	
0.995419	0.0147442	0	0.00146298	0.0447446	0	0	0	0.00474039	
0.99541	0.0147532	0	0.00146387	0.0444246	0	0	0	0.00469124	
0.9954	0.0147622	0	0.00146476	0.044107	0	0	0	0.00464268	
0.995391	0.0147711	0	0.00146564	0.0437915	0	0	0	0.00459472	
0.995381	0.0147799	0	0.00146652	0.0434784	0	0	0	0.00454732	
0.995371	0.0147887	0	0.00146739	0.0431675	0	0	0	0.00450051	
0.995362	0.0147974	0	0.00146825	0.0428588	0	0	0	0.00445425	
0.995352	0.0148061	0	0.00146911	0.0425524	0	0	0	0.00440855	
0.995343	0.0148146	0	0.00146996	0.0422481	0	0	0	0.0043634	
0.995333	0.0148232	0	0.00147081	0.041946	0	0	0	0.0043188	
0.995323	0.0148317	0	0.00147165	0.0416461	0	0	0	0.00427473	
0.995314	0.0148401	0	0.00147249	0.0413484	0	0	0	0.00423119	
0.995304	0.0148484	0	0.00147332	0.0410527	0	0	0	0.00418818	
0.995295	0.0148567	0	0.00147414	0.0407592	0	0	0	0.00414568	
0.995285	0.014865	0	0.00147496	0.0404678	0	0	0	0.00410369	
0.995275	0.0148732	0	0.00147577	0.0401785	0	0	0	0.0040622	
0.995266	0.0148813	0	0.00147658	0.0398913	0	0	0	0.00402121	
0.995256	0.0148894	0	0.00147738	0.0396061	0	0	0	0.00398072	
0.995247	0.0148974	0	0.00147817	0.039323	0	0	0	0.00394071	
0.995237	0.0149054	0	0.00147896	0.0390419	0	0	0	0.00390117	
0.995227	0.0149133	0	0.00147975	0.0387628	0	0	0	0.00386211	
0.995218	0.0149211	0	0.00148053	0.0384857	0	0	0	0.00382352	
0.995208	0.0149289	0	0.0014813	0.0382106	0	0	0	0.00378539	
0.995199	0.0149367	0	0.00148207	0.0379375	0	0	0	0.00374771	
0.995189	0.0149444	0	0.00148283	0.0376664	0	0	0	0.00371048	
0.995179	0.014952	0	0.00148359	0.0373971	0	0	0	0.0036737	
0.99517	0.0149596	0	0.00148435	0.0371299	0	0	0	0.00363736	
0.99516	0.0149671	0	0.00148509	0.0368645	0	0	0	0.00360145	
0.995151	0.0149746	0	0.00148584	0.036601	0	0	0	0.00356596	
0.995141	0.0149821	0	0.00148657	0.0363394	0	0	0	0.0035309	
0.995131	0.0149894	0	0.00148731	0.0360797	0	0	0	0.00349626	
0.995122	0.0149968	0	0.00148803	0.0358219	0	0	0	0.00346203	
0.995112	0.015004	0	0.00148876	0.0355659	0	0	0	0.00342821	
0.995103	0.0150113	0	0.00148947	0.0353117	0	0	0	0.00339479	
0.995093	0.0150185	0	0.00149019	0.0350594	0	0	0	0.00336176	
0.995083	0.0150256	0	0.00149089	0.0348089	0	0	0	0.00332913	
0.995074	0.0150327	0	0.0014916	0.0345602	0	0	0	0.00329689	
0.995064	0.0150397	0	0.00149229	0.0343132	0	0	0	0.00326502	
0.995055	0.0150467	0	0.00149299	0.034068	0	0	0	0.00323354	
0.995045	0.0150536	0	0.00149368	0.0338246	0	0	0	0.00320243	
0.995035	0.0150605	0	0.00149436	0.0335829	0	0	0	0.00317168	
0.995026	0.0150674	0	0.00149504	0.033343	0	0	0	0.0031413	
0.995016	0.0150742	0	0.00149571	0.0331048	0	0	0	0.00311129	
0.995007	0.0150809	0	0.00149638	0.0328683	0	0	0	0.00308162	
0.994997	0.0150876	0	0.00149705	0.0326334	0	0	0	0.00305231	
0.994987	0.0150943	0	0.00149771	0.0324003	0	0	0	0.00302334	
0.994978	0.0151009	0	0.00149836	0.0321688	0	0	0	0.00299471	
0.994968	0.0151074	0	0.00149901	0.031939	0	0	0	0.00296643	
0.994959	0.0151139	0	0.00149966	0.0317109	0	0	0	0.00293847	
0.994949	0.0151204	0	0.0015003	0.0314844	0	0	0	0.00291085	
0.99494	0.0151268	0	0.00150094	0.0312595	0	0	0	0.00288355	
0.99493	0.0151332	0	0.00150157	0.0310362	0	0	0	0.00285657	
0.99492	0.0151396	0	0.0015022	0.0308145	0	0	0	0.00282991	
0.994911	0.0151459	0	0.00150283	0.0305944	0	0	0	0.00280357	
0.994901	0.0151521	0	0.00150345	0.0303759	0	0	0	0.00277753	
0.994892	0.0151583	0	0.00150406	0.0301589	0	0	0	0.0027518	
0.994882	0.0151645	0	0.00150467	0.0299435	0	0	0	0.00272637	
0.994872	0.0151706	0	0.00150528	0.0297296	0	0	0	0.00270125	
0.994863	0.0151767	0	0.00150588	0.0295173	0	0	0	0.00267641	
0.994853	0.0151827	0	0.00150648	0.0293065	0	0	0	0.00265187	
0.994844	0.0151887	0	0.00150708	0.0290972	0	0	0	0.00262762	
0.994834	0.0151947	0	0.00150767	0.0288894	0	0	0	0.00260365	
0.994825	0.0152006	0	0.00150826	0.0286831	0	0	0	0.00257996	
0.994815	0.0152064	0	0.00150884	0.0284783	0	0	0	0.00255655	
0.994805	0.0152123	0	0.00150942	0.0282749	0	0	0	0.00253341	
0.994796	0.0152181	0	0.00150999	0.028073	0	0	0	0.00251055	
0.994786	0.0152238	0	0.00151056	0.0278726	0	0	0	0.00248795	
0.994777	0.0152295	0	0.00151113	0.0276736	0	0	0	0.00246561	
0.994767	0.0152352	0	0.00151169	0.027476	0	0	0	0.00244354	
0.994757	0.0152408	0	0.00151225	0.0272798	0	0	0	0.00242172	
0.994748	0.0152464	0	0.0015128	0.027085	0	0	0	0.00240016	
0.994738	0.015252	0	0.00151336	0.0268916	0	0	0	0.00237886	
0.994729	0.0152575	0	0.0015139	0.0266996	0	0	0	0.0023578	
0.994719	0.015263	0	0.00151445	0.026509	0	0	0	0.00233698	
0.99471	0.0152684	0	0.00151499	0.0263198	0	0	0	0.00231641	
0.9947	0.0152738	0	0.00151552	0.0261319	0	0	0	0.00229608	
0.99469	0.0152792	0	0.00151605	0.0259453	0	0	0	0.00227598	
0.994681	0.0152845	0	0.00151658	0.0257601	0	0	0	0.00225612	
0.994671	0.0152898	0	0.00151711	0.0255762	0	0	0	0.00223649	
0.994662	0.015295	0	0.00151763	0.0253937	0	0	0	0.00221709	
0.994652	0.0153002	0	0.00151814	0.0252124	0	0	0	0.00219792	
0.994643	0.0153054	0	0.00151866	0.0250324	0	0	0	0.00217897	
0.994633	0.0153106	0	0.00151917	0.0248538	0	0	0	0.00216024	
0.994623	0.0153157	0	0.00151968	0.0246764	0	0	0	0.00214172	
0.994614	0.0153207	0	0.00152018	0.0245002	0	0	0	0.00212342	
0.994604	0.0153258	0	0.00152068	0.0243254	0	0	0	0.00210534	
0.994595	0.0153308	0	0.00152117	0.0241518	0	0	0	0.00208746	
0.994585	0.0153357	0	0.00152167	0.0239794	0	0	0	0.00206979	
0.994575	0.0153407	0	0.00152216	0.0238083	0	0	0	0.00205233	
0.994566	0.0153456	0	0.00152264	0.0236384	0	0	0	0.00203507	
0.994556	0.0153504	0	0.00152312	0.0234697	0	0	0	0.00201801	
0.994547	0.0153552	0	0.0015236	0.0233022	0	0	0	0.00200114	
0.994537	0.01536	0	0.00152408	0.0231359	0	0	0	0.00198447	
0.994528	0.0153648	0	0.00152455	0.0229708	0	0	0	0.001968	
0.994518	0.0153695	0	0.00152502	0.0228069	0	0	0	0.00195172	
0.994508	0.0153742	0	0.00152549	0.0226442	0	0	0	0.00193562	
0.994499	0.0153789	0	0.00152595	0.0224826	0	0	0	0.00191971	
0.994489	0.0153835	0	0.00152641	0.0223222	0	0	0	0.00190399	
0.99448	0.0153881	0	0.00152686	0.0221629	0	0	0	0.00188844	
0.99447	0.0153927	0	0.00152732	0.0220048	0	0	0	0.00187308	
0.994461	0.0153972	0	0.00152777	0.0218478	0	0	0	0.0018579	
0.994451	0.0154017	0	0.00152821	0.0216919	0	0	0	0.00184289	
0.994441	0.0154062	0	0.00152866	0.0215372	0	0	0	0.00182805	
0.994432	0.0154106	0	0.0015291	0.0213835	0	0	0	0.00181339	
0.994422	0.015415	0	0.00152953	0.021231	0	0	0	0.00179889	
0.994413	0.0154194	0	0.00152997	0.0210795	0	0	0	0.00178456	
0.994403	0.0154237	0	0.0015304	0.0209292	0	0	0	0.0017704	
0.994394	0.0154281	0	0.00153083	0.0207799	0	0	0	0.0017564	
0.994384	0.0154323	0	0.00153125	0.0206316	0	0	0	0.00174257	
0.994375	0.0154366	0	0.00153167	0.0204845	0	0	0	0.00172889	
0.994365	0.0154408	0	0.00153209	0.0203384	0	0	0	0.00171537	
0.994355	0.015445	0	0.00153251	0.0201933	0	0	0	0.00170201	
0.994346	0.0154492	0	0.00153292	0.0200493	0	0	0	0.0016888	
0.994336	0.0154533	0	0.00153333	0.0199063	0	0	0	0.00167574	
0.994327	0.0154574	0	0.00153374	0.0197643	0	0	0	0.00166284	
0.994317	0.0154615	0	0.00153415	0.0196234	0	0	0	0.00165008	
0.994308	0.0154656	0	0.00153455	0.0194834	0	0	0	0.00163747	
0.994298	0.0154696	0	0.00153495	0.0193445	0	0	0	0.00162501	
0.994288	0.0154736	0	0.00153534	0.0192065	0	0	0	0.00161269	
0.994279	0.0154775	0	0.00153574	0.0190696	0	0	0	0.00160051	
0.994269	0.0154815	0	0.00153613	0.0189336	0	0	0	0.00158847	
0.99426	0.0154854	0	0.00153651	0.0187986	0	0	0	0.00157658	
0.99425	0.0154893	0	0.0015369	0.0186646	0	0	0	0.00156482	
0.994241	0.0154931	0	0.00153728	0.0185315	0	0	0	0.00155319	
0.994231	0.0154969	0	0.00153766	0.0183994	0	0	0	0.0015417	
0.994221	0.0155007	0	0.00153804	0.0182682	0	0	0	0.00153034	
0.994212	0.0155045	0	0.00153841	0.0181379	0	0	0	0.00151912	
0.994202	0.0155083	0	0.00153879	0.0180086	0	0	0	0.00150802	
0.994193	0.015512	0	0.00153915	0.0178802	0	0	0	0.00149705	
0.994183	0.0155157	0	0.00153952	0.0177528	0	0	0	0.00148621	
0.994174	0.0155194	0	0.00153989	0.0176262	0	0	0	0.0014755	
0.994164	0.015523	0	0.00154025	0.0175006	0	0	0	0.0014649	
0.994155	0.0155266	0	0.00154061	0.0173758	0	0	0	0.00145443	
0.994145	0.0155302	0	0.00154096	0.017252	0	0	0	0.00144408	
0.994135	0.0155338	0	0.00154132	0.017129	0	0	0	0.00143386	
0.994126	0.0155373	0	0.00154167	0.0170069	0	0	0	0.00142375	
0.994116	0.0155408	0	0.00154202	0.0168857	0	0	0	0.00141375	
0.994107	0.0155443	0	0.00154236	0.0167653	0	0	0	0.00140387	
0.994097	0.0155478	0	0.00154271	0.0166458	0	0	0	0.00139411	
0.994088	0.0155512	0	0.00154305	0.0165272	0	0	0	0.00138446	
0.994078	0.0155547	0	0.00154339	0.0164094	0	0	0	0.00137492	
0.994069	0.0155581	0	0.00154373	0.0162925	0	0	0	0.0013655	
0.994059	0.0155614	0	0.00154406	0.0161764	0	0	0	0.00135618	
0.994049	0.0155648	0	0.00154439	0.0160611	0	0	0	0.00134697	
0.99404	0.0155681	0	0.00154472	0.0159467	0	0	0	0.00133787	
0.99403	0.0155714	0	0.00154505	0.015833	0	0	0	0.00132887	
0.994021	0.0155747	0	0.00154537	0.0157202	0	0	0	0.00131998	
0.994011	0.0155779	0	0.0015457	0.0156082	0	0	0	0.00131119	
0.994002	0.0155812	0	0.00154602	0.015497	0	0	0	0.00130251	
0.993992	0.0155844	0	0.00154634	0.0153866	0	0	0	0.00129393	
0.993982	0.0155875	0	0.00154665	0.015277	0	0	0	0.00128544	
0.993973	0.0155907	0	0.00154697	0.0151681	0	0	0	0.00127706	
0.993963	0.0155939	0	0.00154728	0.0150601	0	0	0	0.00126877	
0.993954	0.015597	0	0.00154759	0.0149528	0	0	0	0.00126058	
0.993944	0.0156001	0	0.00154789	0.0148463	0	0	0	0.00125249	
0.993935	0.0156031	0	0.0015482	0.0147405	0	0	0	0.00124449	
0.993925	0.0156062	0	0.0015485	0.0146355	0	0	0	0.00123659	
0.993916	0.0156092	0	0.0015488	0.0145313	0	0	0	0.00122878	
0.993906	0.0156122	0	0.0015491	0.0144278	0	0	0	0.00122106	
0.993897	0.0156152	0	0.0015494	0.014325	0	0	0	0.00121343	
0.993887	0.0156182	0	0.00154969	0.014223	0	0	0	0.00120589	
0.993877	0.0156211	0	0.00154998	0.0141217	0	0	0	0.00119844	
0.993868	0.0156241	0	0.00155027	0.0140211	0	0	0	0.00119108	
0.993858	0.015627	0	0.00155056	0.0139213	0	0	0	0.00118381	
0.993849	0.0156299	0	0.00155085	0.0138222	0	0	0	0.00117662	
0.993839	0.0156327	0	0.00155113	0.0137237	0	0	0	0.00116952	
0.99383	0.0156356	0	0.00155142	0.013626	0	0	0	0.0011625	
0.99382	0.0156384	0	0.0015517	0.013529	0	0	0	0.00115556	
0.993811	0.0156412	0	0.00155197	0.0134326	0	0	0	0.00114871	
0.993801	0.015644	0	0.00155225	0.013337	0	0	0	0.00114194	
0.993791	0.0156467	0	0.00155252	0.0132421	0	0	0	0.00113526	
0.993782	0.0156495	0	0.0015528	0.0131478	0	0	0	0.00112865	
0.993772	0.0156522	0	0.00155307	0.0130542	0	0	0	0.00112212	
0.993763	0.0156549	0	0.00155334	0.0129612	0	0	0	0.00111567	
0.993753	0.0156576	0	0.0015536	0.012869	0	0	0	0.0011093	
0.993744	0.0156603	0	0.00155387	0.0127774	0	0	0	0.001103	
0.993734	0.0156629	0	0.00155413	0.0126864	0	0	0	0.00109678	
0.993725	0.0156655	0	0.00155439	0.0125961	0	0	0	0.00109064	
0.993715	0.0156682	0	0.00155465	0.0125065	0	0	0	0.00108457	
0.993705	0.0156708	0	0.00155491	0.0124174	0	0	0	0.00107858	
0.993696	0.0156733	0	0.00155516	0.0123291	0	0	0	0.00107266	
0.993686	0.0156759	0	0.00155542	0.0122413	0	0	0	0.00106681	
0.993677	0.0156784	0	0.00155567	0.0121542	0	0	0	0.00106104	
0.993667	0.0156809	0	0.00155592	0.0120677	0	0	0	0.00105533	
0.993658	0.0156834	0	0.00155617	0.0119818	0	0	0	0.0010497	
0.993648	0.0156859	0	0.00155641	0.0118966	0	0	0	0.00104413	
0.993639	0.0156884	0	0.00155666	0.0118119	0	0	0	0.00103864	
0.993629	0.0156908	0	0.0015569	0.0117279	0	0	0	0.00103321	
0.99362	0.0156933	0	0.00155714	0.0116444	0	0	0	0.00102785	
0.99361	0.0156957	0	0.00155738	0.0115616	0	0	0	0.00102256	
0.9936	0.0156981	0	0.00155762	0.0114793	0	0	0	0.00101734	
0.993591	0.0157005	0	0.00155786	0.0113977	0	0	0	0.00101218	
0.993581	0.0157028	0	0.00155809	0.0113166	0	0	0	0.00100709	
0.993572	0.0157052	0	0.00155832	0.0112361	0	0	0	0.00100206	
0.993562	0.0157075	0	0.00155856	0.0111561	0	0	0	0.0009971	
0.993553	0.0157098	0	0.00155879	0.0110768	0	0	0	0.000992201	
0.993543	0.0157121	0	0.00155901	0.010998	0	0	0	0.000987365	
0.993534	0.0157144	0	0.00155924	0.0109198	0	0	0	0.000982592	
0.993524	0.0157167	0	0.00155946	0.0108421	0	0	0	0.000977881	
0.993515	0.0157189	0	0.00155969	0.010765	0	0	0	0.000973232	
0.993505	0.0157212	0	0.00155991	0.0106885	0	0	0	0.000968644	
0.993495	0.0157234	0	0.00156013	0.0106124	0	0	0	0.000964117	
0.993486	0.0157256	0	0.00156035	0.010537	0	0	0	0.00095965	
0.993476	0.0157278	0	0.00156057	0.0104621	0	0	0	0.000955243	
0.993467	0.0157299	0	0.00156078	0.0103877	0	0	0	0.000950895	
0.993457	0.0157321	0	0.00156099	0.0103138	0	0	0	0.000946606	
0.993448	0.0157342	0	0.00156121	0.0102405	0	0	0	0.000942375	
0.993438	0.0157364	0	0.00156142	0.0101677	0	0	0	0.000938202	
0.993429	0.0157385	0	0.00156163	0.0100954	0	0	0	0.000934086	
0.993419	0.0157406	0	0.00156184	0.0100236	0	0	0	0.000930027	
0.99341	0.0157427	0	0.00156204	0.00995237	0	0	0	0.000926026	
0.9934	0.0157447	0	0.00156225	0.00988163	0	0	0	0.00092208	
0.99339	0.0157468	0	0.00156245	0.00981139	0	0	0	0.00091819	
0.993381	0.0157488	0	0.00156265	0.00974165	0	0	0	0.000914356	
0.993371	0.0157508	0	0.00156285	0.00967242	0	0	0	0.000910576	
0.993362	0.0157528	0	0.00156305	0.00960368	0	0	0	0.000906852	
0.993352	0.0157548	0	0.00156325	0.00953543	0	0	0	0.000903182	
0.993343	0.0157568	0	0.00156345	0.00946767	0	0	0	0.000899565	
0.993333	0.0157588	0	0.00156364	0.00940039	0	0	0	0.000896003	
0.993324	0.0157607	0	0.00156384	0.00933359	0	0	0	0.000892494	
0.993314	0.0157627	0	0.00156403	0.00926728	0	0	0	0.000889038	
0.993305	0.0157646	0	0.00156422	0.00920143	0	0	0	0.000885636	
0.993295	0.0157665	0	0.00156441	0.00913606	0	0	0	0.000882285	
0.993286	0.0157684	0	0.0015646	0.00907116	0	0	0	0.000878987	
0.993276	0.0157703	0	0.00156478	0.00900672	0	0	0	0.000875741	
0.993266	0.0157722	0	0.00156497	0.00894274	0	0	0	0.000872547	
0.993257	0.015774	0	0.00156515	0.00887922	0	0	0	0.000869405	
0.993247	0.0157759	0	0.00156534	0.00881615	0	0	0	0.000866313	
0.993238	0.0157777	0	0.00156552	0.00875354	0	0	0	0.000863273	
0.993228	0.0157795	0	0.0015657	0.00869137	0	0	0	0.000860285	
0.993219	0.0157813	0	0.00156588	0.00862965	0	0	0	0.000857347	
0.993209	0.0157831	0	0.00156606	0.00856836	0	0	0	0.000854459	
0.9932	0.0157849	0	0.00156623	0.00850752	0	0	0	0.000851623	
0.99319	0.0157867	0	0.00156641	0.00844712	0	0	0	0.000848836	
0.993181	0.0157884	0	0.00156658	0.00838714	0	0	0	0.000846101	
0.993171	0.0157902	0	0.00156676	0.00832759	0	0	0	0.000843415	
0.993162	0.0157919	0	0.00156693	0.00826847	0	0	0	0.00084078	
0.993152	0.0157936	0	0.0015671	0.00820978	0	0	0	0.000838195	
0.993142	0.0157953	0	0.00156727	0.0081515	0	0	0	0.00083566	
0.993133	0.015797	0	0.00156744	0.00809364	0	0	0	0.000833175	
0.993123	0.0157987	0	0.0015676	0.00803619	0	0	0	0.000830741	
0.993114	0.0158004	0	0.00156777	0.00797916	0	0	0	0.000828356	
0.993104	0.015802	0	0.00156793	0.00792253	0	0	0	0.000826023	
0.993095	0.0158037	0	0.0015681	0.00786631	0	0	0	0.000823739	
0.993085	0.0158053	0	0.00156826	0.00781049	0	0	0	0.000821506	
0.993076	0.0158069	0	0.00156842	0.00775507	0	0	0	0.000819324	
0.993066	0.0158086	0	0.00156858	0.00770005	0	0	0	0.000817193	
0.993057	0.0158102	0	0.00156874	0.00764542	0	0	0	0.000815113	
0.993047	0.0158118	0	0.0015689	0.00759118	0	0	0	0.000813085	
0.993038	0.0158133	0	0.00156906	0.00753734	0	0	0	0.000811108	
0.993028	0.0158149	0	0.00156921	0.00748387	0	0	0	0.000809184	
0.993019	0.0158165	0	0.00156937	0.00743079	0	0	0	0.000807312	
0.993009	0.015818	0	0.00156952	0.00737809	0	0	0	0.000805493	
0.992999	0.0158196	0	0.00156967	0.00732577	0	0	0	0.000803728	
0.99299	0.0158211	0	0.00156982	0.00727382	0	0	0	0.000802016	
0.99298	0.0158226	0	0.00156997	0.00722224	0	0	0	0.00080036	
0.992971	0.0158241	0	0.00157012	0.00717103	0	0	0	0.000798759	
0.992961	0.0158256	0	0.00157027	0.00712019	0	0	0	0.000797214	
0.992952	0.0158271	0	0.00157042	0.00706971	0	0	0	0.000795727	
0.992942	0.0158286	0	0.00157057	0.0070196	0	0	0	0.000794298	
0.992933	0.01583	0	0.00157071	0.00696984	0	0	0	0.000792928	
0.992923	0.0158315	0	0.00157086	0.00692044	0	0	0	0.000791619	
0.992914	0.0158329	0	0.001571	0.0068714	0	0	0	0.000790372	
0.992904	0.0158344	0	0.00157114	0.0068227	0	0	0	0.000789188	
0.992895	0.0158358	0	0.00157128	0.00677436	0	0	0	0.00078807	
0.992885	0.0158372	0	0.00157142	0.00672636	0	0	0	0.000787018	
0.992876	0.0158386	0	0.00157156	0.0066787	0	0	0	0.000786036	
0.992866	0.01584	0	0.0015717	0.00663139	0	0	0	0.000785126	
0.992856	0.0158414	0	0.00157184	0.00658442	0	0	0	0.00078429	
0.992847	0.0158428	0	0.00157198	0.00653778	0	0	0	0.000783531	
0.992837	0.0158442	0	0.00157211	0.00649148	0	0	0	0.000782854	
0.992828	0.0158455	0	0.00157225	0.00644551	0	0	0	0.00078226	
0.992818	0.0158469	0	0.00157238	0.00639987	0	0	0	0.000781756	
