1	0	0	0	1	0	0	0	1	
0.999992	0	0	0	0.99247	0	0	0	0.986327	
0.999985	0	0	0	0.985063	0	0	0	0.973002	
0.999977	0	0	0	0.97771	0	0	0	0.959856	
0.999969	0	0	0	0.970413	0	0	0	0.946887	
0.999962	0	0	0	0.96317	0	0	0	0.934094	
0.999954	0	0	0	0.955981	0	0	0	0.921474	
0.999946	0	0	0	0.948846	0	0	0	0.909025	
0.999939	0	0	0	0.941764	0	0	0	0.896743	
0.999931	0	0	0	0.934735	0	0	0	0.884628	
0.999923	0	0	0	0.927759	0	0	0	0.872676	
0.999916	0	0	0	0.920834	0	0	0	0.860885	
0.999908	0	0	0	0.913962	0	0	0	0.849254	
0.9999	0	0	0	0.90714	0	0	0	0.83778	
0.999893	0	0	0	0.90037	0	0	0	0.826461	
0.999885	0	0	0	0.893649	0	0	0	0.815295	
0.999877	0	0	0	0.88698	0	0	0	0.80428	
0.99987	0	0	0	0.880359	0	0	0	0.793414	
0.999862	0	0	0	0.873789	0	0	0	0.782694	
0.999854	0	0	0	0.867267	0	0	0	0.77212	
0.999847	0	0	0	0.860794	0	0	0	0.761688	
0.999839	0	0	0	0.854369	0	0	0	0.751397	
0.999831	0	0	0	0.847993	0	0	0	0.741245	
0.999824	0	0	0	0.841664	0	0	0	0.73123	
0.999816	0	0	0	0.835382	0	0	0	0.721351	
0.999808	0	0	0	0.829147	0	0	0	0.711605	
0.999801	0	0	0	0.822958	0	0	0	0.701991	
0.999793	0	0	0	0.816816	0	0	0	0.692507	
0.999785	0	0	0	0.810719	0	0	0	0.68315	
0.999778	0	0	0	0.804668	0	0	0	0.673921	
0.99977	0	0	0	0.798663	0	0	0	0.664816	
0.999762	0	0	0	0.792702	0	0	0	0.655834	
0.999755	0	0	0	0.786785	0	0	0	0.646973	
0.999747	0	0	0	0.780913	0	0	0	0.638232	
0.999739	0	0	0	0.775085	0	0	0	0.629609	
0.999732	0	0	0	0.7693	0	0	0	0.621102	
0.999724	0	0	0	0.763558	0	0	0	0.612711	
0.999716	0	0	0	0.757859	0	0	0	0.604433	
0.999709	0	0	0	0.752202	0	0	0	0.596267	
0.999701	0	0	0	0.746588	0	0	0	0.588211	
0.999693	0	0	0	0.741016	0	0	0	0.580264	
0.999686	0	0	0	0.735485	0	0	0	0.572424	
0.999678	0	0	0	0.729996	0	0	0	0.56469	
0.99967	0	0	0	0.724547	0	0	0	0.557061	
0.999663	0	0	0	0.71914	0	0	0	0.549535	
0.999655	0	0	0	0.713772	0	0	0	0.54211	
0.999647	0	0	0	0.708445	0	0	0	0.534786	
0.99964	0	0	0	0.703157	0	0	0	0.52756	
0.999632	0	0	0	0.697909	0	0	0	0.520433	
0.999624	0	0	0	0.6927	0	0	0	0.513401	
0.999617	0	0	0	0.68753	0	0	0	0.506465	
0.999609	0	0	0	0.682399	0	0	0	0.499622	
0.999601	0	0	0	0.677305	0	0	0	0.492872	
0.999594	0	0	0	0.67225	0	0	0	0.486213	
0.999586	0	0	0	0.667233	0	0	0	0.479644	
0.999578	0	0	0	0.662253	0	0	0	0.473164	
0.999571	0	0	0	0.65731	0	0	0	0.466771	
0.999563	0	0	0	0.652404	0	0	0	0.460465	
0.999555	0	0	0	0.647535	0	0	0	0.454244	
0.999548	0	0	0	0.642702	0	0	0	0.448107	
0.99954	0	0	0	0.637905	0	0	0	0.442052	
0.999533	0	0	0	0.633144	0	0	0	0.43608	
0.999525	0	0	0	0.628418	0	0	0	0.430188	
0.999517	0	0	0	0.623728	0	0	0	0.424376	
0.99951	0	0	0	0.619072	0	0	0	0.418643	
0.999502	0	0	0	0.614452	0	0	0	0.412986	
0.999494	0	0	0	0.609866	0	0	0	0.407407	
0.999487	0	0	0	0.605314	0	0	0	0.401902	
0.999479	0	0	0	0.600796	0	0	0	0.396472	
0.999471	0	0	0	0.596312	0	0	0	0.391116	
0.999464	0	0	0	0.591861	0	0	0	0.385832	
0.999456	0	0	0	0.587444	0	0	0	0.380619	
0.999448	0	0	0	0.583059	0	0	0	0.375476	
0.999441	0	0	0	0.578708	0	0	0	0.370403	
0.999433	0	0	0	0.574388	0	0	0	0.365399	
0.999425	0	0	0	0.570101	0	0	0	0.360462	
0.999418	0	0	0	0.565846	0	0	0	0.355592	
0.99941	0	0	0	0.561623	0	0	0	0.350788	
0.999402	0	0	0	0.557431	0	0	0	0.346049	
0.999395	0	0	0	0.553271	0	0	0	0.341373	
0.999387	0	0	0	0.549141	0	0	0	0.336761	
0.999379	0	0	0	0.545043	0	0	0	0.332211	
0.999372	0	0	0	0.540975	0	0	0	0.327723	
0.999364	0	0	0	0.536937	0	0	0	0.323295	
0.999356	0	0	0	0.532929	0	0	0	0.318927	
0.999349	0	0	0	0.528952	0	0	0	0.314618	
0.999341	0	0	0	0.525004	0	0	0	0.310368	
0.999333	0	0	0	0.521085	0	0	0	0.306174	
0.999326	0	0	0	0.517196	0	0	0	0.302038	
0.999318	0	0	0	0.513336	0	0	0	0.297957	
0.99931	0	0	0	0.509505	0	0	0	0.293932	
0.999303	0	0	0	0.505702	0	0	0	0.28996	
0.999295	0	0	0	0.501928	0	0	0	0.286043	
0.999287	0	0	0	0.498181	0	0	0	0.282178	
0.99928	0	0	0	0.494463	0	0	0	0.278366	
0.999272	0	0	0	0.490773	0	0	0	0.274605	
0.999264	0	0	0	0.48711	0	0	0	0.270895	
0.999257	0	0	0	0.483474	0	0	0	0.267235	
0.999249	0	0	0	0.479865	0	0	0	0.263624	
0.999241	0	0	0	0.476284	0	0	0	0.260063	
0.999234	0	0	0	0.472729	0	0	0	0.256549	
0.999226	0	0	0	0.469201	0	0	0	0.253083	
0.999218	0	0	0	0.465699	0	0	0	0.249664	
0.999211	0	0	0	0.462223	0	0	0	0.24629	
0.999203	0	0	0	0.458773	0	0	0	0.242963	
0.999195	0	0	0	0.455349	0	0	0	0.23968	
0.999188	0	0	0	0.45195	0	0	0	0.236442	
0.99918	0	0	0	0.448577	0	0	0	0.233248	
0.999172	0	0	0	0.445229	0	0	0	0.230096	
0.999165	0	0	0	0.441906	0	0	0	0.226988	
0.999157	0	0	0	0.438608	0	0	0	0.223921	
0.99915	0	0	0	0.435334	0	0	0	0.220896	
0.999142	0	0	0	0.432085	0	0	0	0.217911	
0.999134	0	0	0	0.42886	0	0	0	0.214967	
0.999127	0	0	0	0.425659	0	0	0	0.212063	
0.999119	0	0	0	0.422482	0	0	0	0.209198	
0.999111	0	0	0	0.419329	0	0	0	0.206371	
0.999104	0	0	0	0.416199	0	0	0	0.203583	
0.999096	0	0	0	0.413093	0	0	0	0.200832	
0.999088	0	0	0	0.41001	0	0	0	0.198119	
0.999081	0	0	0	0.40695	0	0	0	0.195442	
0.999073	0	0	0	0.403912	0	0	0	0.192802	
0.999065	0	0	0	0.400898	0	0	0	0.190197	
0.999058	0	0	0	0.397905	0	0	0	0.187627	
0.99905	0	0	0	0.394936	0	0	0	0.185092	
0.999042	0	0	0	0.391988	0	0	0	0.182592	
0.999035	0	0	0	0.389062	0	0	0	0.180125	
0.999027	0	0	0	0.386158	0	0	0	0.177691	
0.999019	0	0	0	0.383276	0	0	0	0.17529	
0.999012	0	0	0	0.380416	0	0	0	0.172922	
0.999004	0	0	0	0.377576	0	0	0	0.170586	
0.998996	0	0	0	0.374758	0	0	0	0.168281	
0.998989	0	0	0	0.371961	0	0	0	0.166007	
0.998981	0	0	0	0.369185	0	0	0	0.163765	
0.998973	0	0	0	0.366429	0	0	0	0.161552	
0.998966	0	0	0	0.363695	0	0	0	0.159369	
0.998958	0	0	0	0.36098	0	0	0	0.157216	
0.99895	0	0	0	0.358286	0	0	0	0.155092	
0.998943	0	0	0	0.355612	0	0	0	0.152997	
0.998935	0	0	0	0.352958	0	0	0	0.15093	
0.998927	0	0	0	0.350323	0	0	0	0.14889	
0.99892	0	0	0	0.347708	0	0	0	0.146879	
0.998912	0	0	0	0.345113	0	0	0	0.144894	
0.998904	0	0	0	0.342538	0	0	0	0.142937	
0.998897	0	0	0	0.339981	0	0	0	0.141006	
0.998889	0	0	0	0.337443	0	0	0	0.139101	
0.998882	0	0	0	0.334925	0	0	0	0.137221	
0.998874	0	0	0	0.332425	0	0	0	0.135367	
0.998866	0	0	0	0.329944	0	0	0	0.133538	
0.998859	0	0	0	0.327481	0	0	0	0.131734	
0.998851	0	0	0	0.325037	0	0	0	0.129954	
0.998843	0	0	0	0.322611	0	0	0	0.128199	
0.998836	0	0	0	0.320203	0	0	0	0.126467	
0.998828	0	0	0	0.317813	0	0	0	0.124758	
0.99882	0	0	0	0.315441	0	0	0	0.123072	
0.998813	0	0	0	0.313087	0	0	0	0.12141	
0.998805	0	0	0	0.31075	0	0	0	0.119769	
0.998797	0	0	0	0.308431	0	0	0	0.118151	
0.99879	0	0	0	0.306129	0	0	0	0.116555	
0.998782	0	0	0	0.303844	0	0	0	0.11498	
0.998774	0	0	0	0.301576	0	0	0	0.113427	
0.998767	0	0	0	0.299325	0	0	0	0.111894	
0.998759	0	0	0	0.297091	0	0	0	0.110382	
0.998751	0	0	0	0.294874	0	0	0	0.108891	
0.998744	0	0	0	0.292673	0	0	0	0.10742	
0.998736	0	0	0	0.290489	0	0	0	0.105969	
0.998728	0	0	0	0.288321	0	0	0	0.104537	
0.998721	0	0	0	0.286169	0	0	0	0.103125	
0.998713	0	0	0	0.284033	0	0	0	0.101731	
0.998705	0	0	0	0.281913	0	0	0	0.100357	
0.998698	0	0	0	0.279809	0	0	0	0.099001	
0.99869	0	0	0	0.27772	0	0	0	0.0976634	
0.998682	0	0	0	0.275648	0	0	0	0.0963439	
0.998675	0	0	0	0.27359	0	0	0	0.0950422	
0.998667	0	0	0	0.271548	0	0	0	0.0937582	
0.99866	0	0	0	0.269521	0	0	0	0.0924914	
0.998652	0	0	0	0.26751	0	0	0	0.0912418	
0.998644	0	0	0	0.265513	0	0	0	0.0900091	
0.998637	0	0	0	0.263532	0	0	0	0.088793	
0.998629	0	0	0	0.261565	0	0	0	0.0875934	
0.998621	0	0	0	0.259612	0	0	0	0.0864099	
0.998614	0	0	0	0.257675	0	0	0	0.0852425	
0.998606	0	0	0	0.255752	0	0	0	0.0840908	
0.998598	0	0	0	0.253843	0	0	0	0.0829547	
0.998591	0	0	0	0.251948	0	0	0	0.0818339	
0.998583	0	0	0	0.250068	0	0	0	0.0807283	
0.998575	0	0	0	0.248201	0	0	0	0.0796376	
0.998568	0	0	0	0.246349	0	0	0	0.0785616	
0.99856	0	0	0	0.24451	0	0	0	0.0775002	
0.998552	0	0	0	0.242685	0	0	0	0.0764531	
0.998545	0	0	0	0.240874	0	0	0	0.0754202	
0.998537	0	0	0	0.239076	0	0	0	0.0744012	
0.998529	0	0	0	0.237292	0	0	0	0.073396	
0.998522	0	0	0	0.235521	0	0	0	0.0724044	
0.998514	0	0	0	0.233763	0	0	0	0.0714262	
0.998506	0	0	0	0.232018	0	0	0	0.0704612	
0.998499	0	0	0	0.230286	0	0	0	0.0695092	
0.998491	0	0	0	0.228567	0	0	0	0.0685701	
0.998483	0	0	0	0.226862	0	0	0	0.0676437	
0.998476	0	0	0	0.225168	0	0	0	0.0667297	
0.998468	0	0	0	0.223488	0	0	0	0.0658282	
0.99846	0	0	0	0.22182	0	0	0	0.0649388	
0.998453	0	0	0	0.220164	0	0	0	0.0640614	
0.998445	0	0	0	0.218521	0	0	0	0.0631959	
0.998438	0	0	0	0.21689	0	0	0	0.0623421	
0.99843	0	0	0	0.215271	0	0	0	0.0614998	
0.998422	0	0	0	0.213664	0	0	0	0.0606689	
0.998415	0	0	0	0.21207	0	0	0	0.0598493	
0.998407	0	0	0	0.210487	0	0	0	0.0590407	
0.998399	0	0	0	0.208916	0	0	0	0.058243	
0.998392	0	0	0	0.207357	0	0	0	0.0574561	
0.998384	0	0	0	0.205809	0	0	0	0.0566798	
0.998376	0	0	0	0.204273	0	0	0	0.055914	
0.998369	0	0	0	0.202748	0	0	0	0.0551586	
0.998361	0	0	0	0.201235	0	0	0	0.0544134	
0.998353	0	0	0	0.199733	0	0	0	0.0536782	
0.998346	0	0	0	0.198242	0	0	0	0.052953	
0.998338	0	0	0	0.196763	0	0	0	0.0522376	
0.99833	0	0	0	0.195294	0	0	0	0.0515318	
0.998323	0	0	0	0.193836	0	0	0	0.0508356	
0.998315	0	0	0	0.19239	0	0	0	0.0501488	
0.998307	0	0	0	0.190954	0	0	0	0.0494712	
0.9983	0	0	0	0.189529	0	0	0	0.0488028	
0.998292	0	0	0	0.188114	0	0	0	0.0481435	
0.998284	0	0	0	0.18671	0	0	0	0.047493	
0.998277	0	0	0	0.185316	0	0	0	0.0468514	
0.998269	0	0	0	0.183933	0	0	0	0.0462184	
0.998262	0	0	0	0.182561	0	0	0	0.0455939	
0.998254	0	0	0	0.181198	0	0	0	0.0449779	
0.998246	0	0	0	0.179846	0	0	0	0.0443703	
0.998239	0	0	0	0.178503	0	0	0	0.0437708	
0.998231	0	0	0	0.177171	0	0	0	0.0431794	
0.998223	0	0	0	0.175849	0	0	0	0.042596	
0.998216	0	0	0	0.174536	0	0	0	0.0420205	
0.998208	0	0	0	0.173233	0	0	0	0.0414528	
0.9982	0	0	0	0.17194	0	0	0	0.0408928	
0.998193	0	0	0	0.170657	0	0	0	0.0403403	
0.998185	0	0	0	0.169383	0	0	0	0.0397953	
0.998177	0	0	0	0.168119	0	0	0	0.0392576	
0.99817	0	0	0	0.166864	0	0	0	0.0387272	
0.998162	0	0	0	0.165619	0	0	0	0.038204	
0.998154	0	0	0	0.164383	0	0	0	0.0376878	
0.998147	0	0	0	0.163156	0	0	0	0.0371786	
0.998139	0	0	0	0.161938	0	0	0	0.0366763	
0.998131	0	0	0	0.16073	0	0	0	0.0361808	
0.998124	0	0	0	0.15953	0	0	0	0.035692	
0.998116	0	0	0	0.158339	0	0	0	0.0352098	
0.998109	0	0	0	0.157158	0	0	0	0.0347341	
0.998101	0	0	0	0.155985	0	0	0	0.0342648	
0.998093	0	0	0	0.15482	0	0	0	0.0338018	
0.998086	0	0	0	0.153665	0	0	0	0.0333452	
0.998078	0	0	0	0.152518	0	0	0	0.0328946	
0.99807	0	0	0	0.15138	0	0	0	0.0324502	
0.998063	0	0	0	0.15025	0	0	0	0.0320118	
0.998055	0	0	0	0.149128	0	0	0	0.0315793	
0.998047	0	0	0	0.148015	0	0	0	0.0311526	
0.99804	0	0	0	0.146911	0	0	0	0.0307317	
0.998032	0	0	0	0.145814	0	0	0	0.0303165	
0.998024	0	0	0	0.144726	0	0	0	0.0299069	
0.998017	0	0	0	0.143646	0	0	0	0.0295029	
0.998009	0	0	0	0.142573	0	0	0	0.0291043	
0.998001	0	0	0	0.141509	0	0	0	0.0287111	
0.997994	0	0	0	0.140453	0	0	0	0.0283232	
0.997986	0	0	0	0.139405	0	0	0	0.0279405	
0.997978	0	0	0	0.138364	0	0	0	0.027563	
0.997971	0	0	0	0.137332	0	0	0	0.0271906	
0.997963	0	0	0	0.136307	0	0	0	0.0268232	
0.997956	0	0	0	0.135289	0	0	0	0.0264608	
0.997948	0	0	0	0.13428	0	0	0	0.0261033	
0.99794	0	0	0	0.133277	0	0	0	0.0257507	
0.997933	0	0	0	0.132283	0	0	0	0.0254028	
0.997925	0	0	0	0.131295	0	0	0	0.0250596	
0.997917	0	0	0	0.130315	0	0	0	0.024721	
0.99791	0	0	0	0.129343	0	0	0	0.024387	
0.997902	0	0	0	0.128377	0	0	0	0.0240575	
0.997894	0	0	0	0.127419	0	0	0	0.0237325	
0.997887	0	0	0	0.126468	0	0	0	0.0234118	
0.997879	0	0	0	0.125524	0	0	0	0.0230955	
0.997871	0	0	0	0.124587	0	0	0	0.0227835	
0.997864	0	0	0	0.123657	0	0	0	0.0224757	
0.997856	0	0	0	0.122735	0	0	0	0.022172	
0.997848	0	0	0	0.121818	0	0	0	0.0218725	
0.997841	0	0	0	0.120909	0	0	0	0.0215769	
0.997833	0	0	0	0.120007	0	0	0	0.0212854	
0.997825	0	0	0	0.119111	0	0	0	0.0209979	
0.997818	0	0	0	0.118222	0	0	0	0.0207142	
0.99781	0	0	0	0.11734	0	0	0	0.0204343	
0.997803	0	0	0	0.116464	0	0	0	0.0201582	
0.997795	0	0	0	0.115595	0	0	0	0.0198859	
0.997787	0	0	0	0.114732	0	0	0	0.0196172	
0.99778	0	0	0	0.113876	0	0	0	0.0193522	
0.997772	0	0	0	0.113026	0	0	0	0.0190907	
0.997764	0	0	0	0.112182	0	0	0	0.0188328	
0.997757	0	0	0	0.111345	0	0	0	0.0185783	
0.997749	0	0	0	0.110514	0	0	0	0.0183273	
0.997741	0	0	0	0.109689	0	0	0	0.0180797	
0.997734	0	0	0	0.10887	0	0	0	0.0178354	
0.997726	0	0	0	0.108058	0	0	0	0.0175945	
0.997718	0	0	0	0.107251	0	0	0	0.0173568	
0.997711	0	0	0	0.106451	0	0	0	0.0171223	
0.997703	0	0	0	0.105656	0	0	0	0.0168909	
0.997695	0	0	0	0.104868	0	0	0	0.0166627	
0.997688	0	0	0	0.104085	0	0	0	0.0164376	
0.99768	0	0	0	0.103308	0	0	0	0.0162155	
0.997673	0	0	0	0.102537	0	0	0	0.0159964	
0.997665	0	0	0	0.101772	0	0	0	0.0157803	
0.997657	0	0	0	0.101012	0	0	0	0.0155671	
0.99765	0	0	0	0.100258	0	0	0	0.0153568	
0.997642	0	0	0	0.0995099	0	0	0	0.0151493	
0.997634	0	0	0	0.0987672	0	0	0	0.0149446	
0.997627	0	0	0	0.09803	0	0	0	0.0147427	
0.997619	0	0	0	0.0972984	0	0	0	0.0145435	
0.997611	0	0	0	0.0965722	0	0	0	0.014347	
0.997604	0	0	0	0.0958514	0	0	0	0.0141532	
0.997596	0	0	0	0.095136	0	0	0	0.013962	
0.997588	0	0	0	0.0944259	0	0	0	0.0137734	
0.997581	0	0	0	0.0937212	0	0	0	0.0135873	
0.997573	0	0	0	0.0930217	0	0	0	0.0134037	
0.997565	0	0	0	0.0923274	0	0	0	0.0132226	
0.997558	0	0	0	0.0916383	0	0	0	0.013044	
0.99755	0	0	0	0.0909543	0	0	0	0.0128677	
0.997543	0	0	0	0.0902755	0	0	0	0.0126939	
0.997535	0	0	0	0.0896017	0	0	0	0.0125224	
0.997527	0	0	0	0.0889329	0	0	0	0.0123532	
0.99752	0	0	0	0.0882692	0	0	0	0.0121863	
0.997512	0	0	0	0.0876103	0	0	0	0.0120216	
0.997504	0	0	0	0.0869564	0	0	0	0.0118592	
0.997497	0	0	0	0.0863074	0	0	0	0.011699	
0.997489	0	0	0	0.0856633	0	0	0	0.0115409	
0.997481	0	0	0	0.0850239	0	0	0	0.011385	
0.997474	0	0	0	0.0843893	0	0	0	0.0112312	
0.997466	0	0	0	0.0837595	0	0	0	0.0110795	
0.997458	0	0	0	0.0831343	0	0	0	0.0109298	
0.997451	0	0	0	0.0825138	0	0	0	0.0107821	
0.997443	0	0	0	0.081898	0	0	0	0.0106364	
0.997436	0	0	0	0.0812867	0	0	0	0.0104927	
0.997428	0	0	0	0.08068	0	0	0	0.010351	
0.99742	0	0	0	0.0800778	0	0	0	0.0102111	
0.997413	0	0	0	0.0794802	0	0	0	0.0100731	
0.997405	0	0	0	0.078887	0	0	0	0.00993706	
0.997397	0	0	0	0.0782982	0	0	0	0.0098028	
0.99739	0	0	0	0.0777138	0	0	0	0.00967036	
0.997382	0	0	0	0.0771337	0	0	0	0.00953971	
0.997374	0	0	0	0.076558	0	0	0	0.00941082	
0.997367	0	0	0	0.0759866	0	0	0	0.00928367	
0.997359	0	0	0	0.0754195	0	0	0	0.00915824	
0.997351	0	0	0	0.0748566	0	0	0	0.00903451	
0.997344	0	0	0	0.0742979	0	0	0	0.00891245	
0.997336	0	0	0	0.0737434	0	0	0	0.00879204	
0.997328	0	0	0	0.073193	0	0	0	0.00867325	
0.997321	0	0	0	0.0726467	0	0	0	0.00855607	
0.997313	0	0	0	0.0721045	0	0	0	0.00844047	
0.997306	0	0	0	0.0715663	0	0	0	0.00832644	
0.997298	0	0	0	0.0710321	0	0	0	0.00821394	
0.99729	0	0	0	0.070502	0	0	0	0.00810296	
0.997283	0	0	0	0.0699758	0	0	0	0.00799349	
0.997275	0	0	0	0.0694535	0	0	0	0.00788549	
0.997267	0	0	0	0.0689351	0	0	0	0.00777895	
0.99726	0	0	0	0.0684206	0	0	0	0.00767386	
0.997252	0	0	0	0.06791	0	0	0	0.00757018	
0.997244	0	0	0	0.0674031	0	0	0	0.0074679	
0.997237	0	0	0	0.0669	0	0	0	0.007367	
0.997229	0	0	0	0.0664007	0	0	0	0.00726747	
0.997221	0	0	0	0.0659051	0	0	0	0.00716928	
0.997214	0	0	0	0.0654132	0	0	0	0.00707242	
0.997206	0	0	0	0.064925	0	0	0	0.00697687	
0.997199	0	0	0	0.0644404	0	0	0	0.00688261	
0.997191	0	0	0	0.0639595	0	0	0	0.00678962	
0.997183	0	0	0	0.0634821	0	0	0	0.00669789	
0.997176	0	0	0	0.0630083	0	0	0	0.00660739	
0.997168	0	0	0	0.062538	0	0	0	0.00651812	
0.99716	0	0	0	0.0620712	0	0	0	0.00643006	
0.997153	0	0	0	0.061608	0	0	0	0.00634319	
0.997145	0	0	0	0.0611481	0	0	0	0.00625749	
0.997137	0	0	0	0.0606917	0	0	0	0.00617294	
0.99713	0	0	0	0.0602388	0	0	0	0.00608954	
0.997122	0	0	0	0.0597892	0	0	0	0.00600727	
0.997114	0	0	0	0.0593429	0	0	0	0.00592611	
0.997107	0	0	0	0.0589	0	0	0	0.00584604	
0.997099	0	0	0	0.0584604	0	0	0	0.00576706	
0.997092	0	0	0	0.0580241	0	0	0	0.00568914	
0.997084	0	0	0	0.057591	0	0	0	0.00561228	
0.997076	0	0	0	0.0571611	0	0	0	0.00553645	
0.997069	0	0	0	0.0567345	0	0	0	0.00546165	
0.997061	0	0	0	0.0563111	0	0	0	0.00538786	
0.997053	0	0	0	0.0558908	0	0	0	0.00531507	
0.997046	0	0	0	0.0554736	0	0	0	0.00524326	
0.997038	0	0	0	0.0550596	0	0	0	0.00517242	
0.99703	0	0	0	0.0546486	0	0	0	0.00510254	
0.997023	0	0	0	0.0542408	0	0	0	0.0050336	
0.997015	0	0	0	0.0538359	0	0	0	0.00496559	
0.997007	0	0	0	0.0534341	0	0	0	0.0048985	
0.997	0	0	0	0.0530353	0	0	0	0.00483232	
0.996992	0	0	0	0.0526395	0	0	0	0.00476703	
0.996985	0	0	0	0.0522466	0	0	0	0.00470263	
0.996977	0	0	0	0.0518566	0	0	0	0.00463909	
0.996969	0	0	0	0.0514696	0	0	0	0.00457642	
0.996962	0	0	0	0.0510854	0	0	0	0.00451459	
0.996954	0	0	0	0.0507042	0	0	0	0.00445359	
0.996946	0	0	0	0.0503257	0	0	0	0.00439342	
0.996939	0	0	0	0.0499501	0	0	0	0.00433406	
0.996931	0	0	0	0.0495773	0	0	0	0.00427551	
0.996923	0	0	0	0.0492073	0	0	0	0.00421774	
0.996916	0	0	0	0.04884	0	0	0	0.00416076	
0.996908	0	0	0	0.0484755	0	0	0	0.00410454	
0.9969	0	0	0	0.0481137	0	0	0	0.00404909	
0.996893	0	0	0	0.0477546	0	0	0	0.00399438	
0.996885	0	0	0	0.0473981	0	0	0	0.00394042	
0.996878	0	0	0	0.0470444	0	0	0	0.00388718	
0.99687	0	0	0	0.0466933	0	0	0	0.00383466	
0.996862	0	0	0	0.0463447	0	0	0	0.00378285	
0.996855	0	0	0	0.0459988	0	0	0	0.00373174	
0.996847	0	0	0	0.0456555	0	0	0	0.00368132	
0.996839	0	0	0	0.0453148	0	0	0	0.00363159	
0.996832	0	0	0	0.0449766	0	0	0	0.00358252	
0.996824	0	0	0	0.0446409	0	0	0	0.00353412	
0.996816	0	0	0	0.0443077	0	0	0	0.00348637	
0.996809	0	0	0	0.043977	0	0	0	0.00343927	
0.996801	0	0	0	0.0436488	0	0	0	0.0033928	
0.996794	0	0	0	0.043323	0	0	0	0.00334696	
0.996786	0	0	0	0.0429996	0	0	0	0.00330174	
0.996778	0	0	0	0.0426787	0	0	0	0.00325714	
0.996771	0	0	0	0.0423601	0	0	0	0.00321313	
0.996763	0	0	0	0.042044	0	0	0	0.00316972	
0.996755	0	0	0	0.0417302	0	0	0	0.00312689	
0.996748	0	0	0	0.0414187	0	0	0	0.00308465	
0.99674	0	0	0	0.0411096	0	0	0	0.00304297	
0.996732	0	0	0	0.0408028	0	0	0	0.00300186	
0.996725	0	0	0	0.0404982	0	0	0	0.0029613	
0.996717	0	0	0	0.040196	0	0	0	0.00292129	
0.996709	0	0	0	0.0398959	0	0	0	0.00288182	
0.996702	0	0	0	0.0395982	0	0	0	0.00284289	
0.996694	0	0	0	0.0393026	0	0	0	0.00280448	
0.996687	0	0	0	0.0390093	0	0	0	0.00276659	
0.996679	0	0	0	0.0387181	0	0	0	0.00272921	
0.996671	0	0	0	0.0384292	0	0	0	0.00269234	
0.996664	0	0	0	0.0381423	0	0	0	0.00265596	
0.996656	0	0	0	0.0378577	0	0	0	0.00262008	
0.996648	0	0	0	0.0375751	0	0	0	0.00258468	
0.996641	0	0	0	0.0372946	0	0	0	0.00254976	
0.996633	0	0	0	0.0370163	0	0	0	0.00251531	
0.996625	0	0	0	0.03674	0	0	0	0.00248133	
0.996618	0	0	0	0.0364658	0	0	0	0.0024478	
0.99661	0	0	0	0.0361936	0	0	0	0.00241473	
0.996603	0	0	0	0.0359235	0	0	0	0.00238211	
0.996595	0	0	0	0.0356554	0	0	0	0.00234992	
0.996587	0	0	0	0.0353893	0	0	0	0.00231817	
0.99658	0	0	0	0.0351251	0	0	0	0.00228686	
0.996572	0	0	0	0.034863	0	0	0	0.00225596	
0.996564	0	0	0	0.0346028	0	0	0	0.00222548	
0.996557	0	0	0	0.0343445	0	0	0	0.00219541	
0.996549	0	0	0	0.0340882	0	0	0	0.00216575	
0.996541	0	0	0	0.0338337	0	0	0	0.00213649	
0.996534	0	0	0	0.0335812	0	0	0	0.00210762	
0.996526	0	0	0	0.0333306	0	0	0	0.00207915	
0.996519	0	0	0	0.0330818	0	0	0	0.00205106	
0.996511	0	0	0	0.0328349	0	0	0	0.00202335	
0.996503	0	0	0	0.0325898	0	0	0	0.00199601	
0.996496	0	0	0	0.0323466	0	0	0	0.00196904	
0.996488	0	0	0	0.0321052	0	0	0	0.00194244	
0.99648	0	0	0	0.0318655	0	0	0	0.0019162	
0.996473	0	0	0	0.0316277	0	0	0	0.00189031	
0.996465	0	0	0	0.0313916	0	0	0	0.00186477	
0.996457	0	0	0	0.0311573	0	0	0	0.00183957	
0.99645	0	0	0	0.0309248	0	0	0	0.00181472	
0.996442	0	0	0	0.030694	0	0	0	0.0017902	
0.996434	0	0	0	0.0304649	0	0	0	0.00176602	
0.996427	0	0	0	0.0302375	0	0	0	0.00174216	
0.996419	0	0	0	0.0300118	0	0	0	0.00171862	
0.996412	0	0	0	0.0297878	0	0	0	0.0016954	
0.996404	0	0	0	0.0295655	0	0	0	0.00167249	
0.996396	0	0	0	0.0293448	0	0	0	0.0016499	
0.996389	0	0	0	0.0291258	0	0	0	0.00162761	
0.996381	0	0	0	0.0289084	0	0	0	0.00160562	
0.996373	0	0	0	0.0286927	0	0	0	0.00158392	
0.996366	0	0	0	0.0284785	0	0	0	0.00156252	
0.996358	0	0	0	0.028266	0	0	0	0.00154141	
0.99635	0	0	0	0.028055	0	0	0	0.00152059	
0.996343	0	0	0	0.0278456	0	0	0	0.00150004	
0.996335	0	0	0	0.0276378	0	0	0	0.00147978	
0.996328	0	0	0	0.0274315	0	0	0	0.00145978	
0.99632	0	0	0	0.0272268	0	0	0	0.00144006	
0.996312	0	0	0	0.0270235	0	0	0	0.0014206	
0.996305	0	0	0	0.0268218	0	0	0	0.00140141	
0.996297	0	0	0	0.0266217	0	0	0	0.00138248	
0.996289	0	0	0	0.026423	0	0	0	0.0013638	
0.996282	0	0	0	0.0262258	0	0	0	0.00134537	
0.996274	0	0	0	0.02603	0	0	0	0.0013272	
0.996266	0	0	0	0.0258357	0	0	0	0.00130927	
0.996259	0	0	0	0.0256429	0	0	0	0.00129158	
0.996251	0	0	0	0.0254515	0	0	0	0.00127413	
0.996244	0	0	0	0.0252616	0	0	0	0.00125691	
0.996236	0	0	0	0.025073	0	0	0	0.00123993	
0.996228	0	0	0	0.0248859	0	0	0	0.00122318	
0.996221	0	0	0	0.0247001	0	0	0	0.00120665	
0.996213	0	0	0	0.0245158	0	0	0	0.00119035	
0.996205	0	0	0	0.0243328	0	0	0	0.00117427	
0.996198	0	0	0	0.0241512	0	0	0	0.0011584	
0.99619	0	0	0	0.0239709	0	0	0	0.00114275	
0.996182	0	0	0	0.023792	0	0	0	0.00112731	
0.996175	0	0	0	0.0236144	0	0	0	0.00111208	
0.996167	0	0	0	0.0234382	0	0	0	0.00109706	
0.99616	0	0	0	0.0232633	0	0	0	0.00108223	
0.996152	0	0	0	0.0230896	0	0	0	0.00106761	
0.996144	0	0	0	0.0229173	0	0	0	0.00105319	
0.996137	0	0	0	0.0227462	0	0	0	0.00103896	
0.996129	0	0	0	0.0225765	0	0	0	0.00102492	
0.996121	0	0	0	0.022408	0	0	0	0.00101108	
0.996114	0	0	0	0.0222407	0	0	0	0.000997415	
0.996106	0	0	0	0.0220747	0	0	0	0.00098394	
0.996098	0	0	0	0.02191	0	0	0	0.000970646	
0.996091	0	0	0	0.0217464	0	0	0	0.000957532	
0.996083	0	0	0	0.0215841	0	0	0	0.000944595	
0.996076	0	0	0	0.021423	0	0	0	0.000931833	
0.996068	0	0	0	0.0212631	0	0	0	0.000919243	
0.99606	0	0	0	0.0211044	0	0	0	0.000906824	
0.996053	0	0	0	0.0209469	0	0	0	0.000894572	
0.996045	0	0	0	0.0207906	0	0	0	0.000882486	
0.996037	0	0	0	0.0206354	0	0	0	0.000870563	
0.99603	0	0	0	0.0204814	0	0	0	0.000858801	
0.996022	0	0	0	0.0203285	0	0	0	0.000847198	
0.996015	0	0	0	0.0201768	0	0	0	0.000835752	
0.996007	0	0	0	0.0200262	0	0	0	0.00082446	
0.995999	0	0	0	0.0198767	0	0	0	0.000813321	
0.995992	0	0	0	0.0197284	0	0	0	0.000802333	
0.995984	0	0	0	0.0195811	0	0	0	0.000791493	
0.995976	0	0	0	0.019435	0	0	0	0.000780799	
0.995969	0	0	0	0.0192899	0	0	0	0.00077025	
0.995961	0	0	0	0.019146	0	0	0	0.000759844	
0.995953	0	0	0	0.0190031	0	0	0	0.000749578	
0.995946	0	0	0	0.0188612	0	0	0	0.000739451	
0.995938	0	0	0	0.0187205	0	0	0	0.00072946	
0.995931	0	0	0	0.0185807	0	0	0	0.000719605	
0.995923	0	0	0	0.0184421	0	0	0	0.000709882	
0.995915	0	0	0	0.0183044	0	0	0	0.000700291	
0.995908	0	0	0	0.0181678	0	0	0	0.00069083	
0.9959	0	0	0	0.0180322	0	0	0	0.000681497	
0.995892	0	0	0	0.0178976	0	0	0	0.000672289	
0.995885	0	0	0	0.017764	0	0	0	0.000663206	
0.995877	0	0	0	0.0176314	0	0	0	0.000654246	
0.995869	0	0	0	0.0174998	0	0	0	0.000645406	
0.995862	0	0	0	0.0173692	0	0	0	0.000636687	
0.995854	0	0	0	0.0172396	0	0	0	0.000628085	
0.995847	0	0	0	0.0171109	0	0	0	0.000619599	
0.995839	0	0	0	0.0169832	0	0	0	0.000611228	
0.995831	0	0	0	0.0168565	0	0	0	0.00060297	
0.995824	0	0	0	0.0167306	0	0	0	0.000594823	
0.995816	0	0	0	0.0166058	0	0	0	0.000586787	
0.995808	0	0	0	0.0164818	0	0	0	0.000578859	
0.995801	0	0	0	0.0163588	0	0	0	0.000571038	
0.995793	0	0	0	0.0162367	0	0	0	0.000563323	
0.995786	0	0	0	0.0161155	0	0	0	0.000555712	
0.995778	0	0	0	0.0159953	0	0	0	0.000548204	
0.99577	0	0	0	0.0158759	0	0	0	0.000540798	
0.995763	0	0	0	0.0157574	0	0	0	0.000533491	
0.995755	0	0	0	0.0156398	0	0	0	0.000526283	
0.995747	0	0	0	0.015523	0	0	0	0.000519173	
0.99574	0	0	0	0.0154072	0	0	0	0.000512158	
0.995732	0	0	0	0.0152922	0	0	0	0.000505239	
0.995724	0	0	0	0.0151781	0	0	0	0.000498413	
0.995717	0	0	0	0.0150648	0	0	0	0.000491679	
0.995709	0	0	0	0.0149523	0	0	0	0.000485036	
0.995702	0	0	0	0.0148407	0	0	0	0.000478483	
0.995694	0	0	0	0.01473	0	0	0	0.000472018	
0.995686	0	0	0	0.01462	0	0	0	0.000465641	
0.995679	0	0	0	0.0145109	0	0	0	0.00045935	
0.995671	0	0	0	0.0144026	0	0	0	0.000453144	
0.995663	0	0	0	0.0142951	0	0	0	0.000447022	
0.995656	0	0	0	0.0141884	0	0	0	0.000440982	
0.995648	0	0	0	0.0140825	0	0	0	0.000435024	
0.99564	0	0	0	0.0139774	0	0	0	0.000429147	
0.995633	0	0	0	0.0138731	0	0	0	0.000423349	
0.995625	0	0	0	0.0137695	0	0	0	0.000417629	
0.995618	0	0	0	0.0136668	0	0	0	0.000411987	
0.99561	0	0	0	0.0135648	0	0	0	0.00040642	
0.995602	0	0	0	0.0134635	0	0	0	0.000400929	
0.995595	0	0	0	0.013363	0	0	0	0.000395513	
0.995587	0	0	0	0.0132633	0	0	0	0.000390169	
0.995579	0	0	0	0.0131643	0	0	0	0.000384898	
0.995572	0	0	0	0.0130661	0	0	0	0.000379697	
0.995564	0	0	0	0.0129685	0	0	0	0.000374567	
0.995557	0	0	0	0.0128717	0	0	0	0.000369507	
0.995549	0	0	0	0.0127757	0	0	0	0.000364514	
0.995541	0	0	0	0.0126803	0	0	0	0.00035959	
0.995534	0	0	0	0.0125857	0	0	0	0.000354731	
0.995526	0	0	0	0.0124917	0	0	0	0.000349939	
0.995518	0	0	0	0.0123985	0	0	0	0.000345211	
0.995511	0	0	0	0.012306	0	0	0	0.000340547	
0.995503	0	0	0	0.0122141	0	0	0	0.000335946	
0.995496	0	0	0	0.012123	0	0	0	0.000331407	
0.995488	0	0	0	0.0120325	0	0	0	0.000326929	
0.99548	0	0	0	0.0119427	0	0	0	0.000322512	
0.995473	0	0	0	0.0118535	0	0	0	0.000318155	
0.995465	0	0	0	0.0117651	0	0	0	0.000313857	
0.995457	0	0	0	0.0116773	0	0	0	0.000309616	
0.99545	0	0	0	0.0115901	0	0	0	0.000305433	
0.995442	0	0	0	0.0115036	0	0	0	0.000301307	
0.995434	0	0	0	0.0114177	0	0	0	0.000297236	
0.995427	0	0	0	0.0113325	0	0	0	0.00029322	
0.995419	0	0	0	0.0112479	0	0	0	0.000289258	
0.995412	0	0	0	0.011164	0	0	0	0.00028535	
0.995404	0	0	0	0.0110807	0	0	0	0.000281495	
0.995396	0	0	0	0.010998	0	0	0	0.000277692	
0.995389	0	0	0	0.0109159	0	0	0	0.00027394	
0.995381	0	0	0	0.0108344	0	0	0	0.000270239	
0.995373	0	0	0	0.0107535	0	0	0	0.000266588	
0.995366	0	0	0	0.0106733	0	0	0	0.000262986	
0.995358	0	0	0	0.0105936	0	0	0	0.000259433	
0.995351	0	0	0	0.0105145	0	0	0	0.000255928	
0.995343	0	0	0	0.0104361	0	0	0	0.00025247	
0.995335	0	0	0	0.0103582	0	0	0	0.000249059	
0.995328	0	0	0	0.0102809	0	0	0	0.000245694	
0.99532	0	0	0	0.0102041	0	0	0	0.000242375	
0.995312	0	0	0	0.010128	0	0	0	0.0002391	
0.995305	0	0	0	0.0100524	0	0	0	0.00023587	
0.995297	0	0	0	0.00997735	0	0	0	0.000232683	
0.99529	0	0	0	0.00990288	0	0	0	0.000229539	
0.995282	0	0	0	0.00982897	0	0	0	0.000226438	
0.995274	0	0	0	0.00975561	0	0	0	0.000223379	
0.995267	0	0	0	0.0096828	0	0	0	0.000220361	
0.995259	0	0	0	0.00961053	0	0	0	0.000217384	
0.995251	0	0	0	0.0095388	0	0	0	0.000214447	
0.995244	0	0	0	0.00946761	0	0	0	0.000211549	
0.995236	0	0	0	0.00939694	0	0	0	0.000208691	
0.995228	0	0	0	0.00932681	0	0	0	0.000205872	
0.995221	0	0	0	0.0092572	0	0	0	0.00020309	
0.995213	0	0	0	0.0091881	0	0	0	0.000200346	
0.995206	0	0	0	0.00911953	0	0	0	0.000197639	
0.995198	0	0	0	0.00905146	0	0	0	0.000194969	
0.99519	0	0	0	0.0089839	0	0	0	0.000192335	
0.995183	0	0	0	0.00891685	0	0	0	0.000189736	
0.995175	0	0	0	0.0088503	0	0	0	0.000187173	
0.995167	0	0	0	0.00878424	0	0	0	0.000184644	
0.99516	0	0	0	0.00871868	0	0	0	0.00018215	
0.995152	0	0	0	0.00865361	0	0	0	0.000179689	
0.995145	0	0	0	0.00858902	0	0	0	0.000177261	
0.995137	0	0	0	0.00852491	0	0	0	0.000174866	
0.995129	0	0	0	0.00846129	0	0	0	0.000172503	
0.995122	0	0	0	0.00839813	0	0	0	0.000170173	
0.995114	0	0	0	0.00833545	0	0	0	0.000167874	
0.995106	0	0	0	0.00827324	0	0	0	0.000165606	
0.995099	0	0	0	0.00821149	0	0	0	0.000163368	
0.995091	0	0	0	0.0081502	0	0	0	0.000161161	
0.995084	0	0	0	0.00808937	0	0	0	0.000158984	
0.995076	0	0	0	0.008029	0	0	0	0.000156836	
0.995068	0	0	0	0.00796907	0	0	0	0.000154717	
0.995061	0	0	0	0.00790959	0	0	0	0.000152626	
0.995053	0	0	0	0.00785056	0	0	0	0.000150564	
0.995045	0	0	0	0.00779196	0	0	0	0.00014853	
0.995038	0	0	0	0.00773381	0	0	0	0.000146523	
0.99503	0	0	0	0.00767608	0	0	0	0.000144544	
0.995023	0	0	0	0.00761879	0	0	0	0.000142591	
0.995015	0	0	0	0.00756193	0	0	0	0.000140664	
0.995007	0	0	0	0.00750549	0	0	0	0.000138764	
0.995	0	0	0	0.00744947	0	0	0	0.000136889	
0.994992	0	0	0	0.00739387	0	0	0	0.00013504	
0.994984	0	0	0	0.00733868	0	0	0	0.000133215	
0.994977	0	0	0	0.00728391	0	0	0	0.000131415	
0.994969	0	0	0	0.00722955	0	0	0	0.00012964	
0.994962	0	0	0	0.00717559	0	0	0	0.000127888	
0.994954	0	0	0	0.00712203	0	0	0	0.00012616	
0.994946	0	0	0	0.00706887	0	0	0	0.000124456	
0.994939	0	0	0	0.00701612	0	0	0	0.000122774	
0.994931	0	0	0	0.00696375	0	0	0	0.000121116	
0.994923	0	0	0	0.00691177	0	0	0	0.000119479	
0.994916	0	0	0	0.00686019	0	0	0	0.000117865	
0.994908	0	0	0	0.00680898	0	0	0	0.000116273	
0.994901	0	0	0	0.00675816	0	0	0	0.000114702	
0.994893	0	0	0	0.00670772	0	0	0	0.000113152	
0.994885	0	0	0	0.00665766	0	0	0	0.000111623	
0.994878	0	0	0	0.00660797	0	0	0	0.000110115	
0.99487	0	0	0	0.00655865	0	0	0	0.000108628	
0.994862	0	0	0	0.0065097	0	0	0	0.00010716	
0.994855	0	0	0	0.00646111	0	0	0	0.000105712	
0.994847	0	0	0	0.00641289	0	0	0	0.000104284	
0.99484	0	0	0	0.00636502	0	0	0	0.000102875	
0.994832	0	0	0	0.00631752	0	0	0	0.000101485	
0.994824	0	0	0	0.00627037	0	0	0	0.000100114	
0.994817	0	0	0	0.00622357	0	0	0	9.87613e-05	
0.994809	0	0	0	0.00617712	0	0	0	9.7427e-05	
0.994801	0	0	0	0.00613101	0	0	0	9.61107e-05	
0.994794	0	0	0	0.00608525	0	0	0	9.48121e-05	
0.994786	0	0	0	0.00603983	0	0	0	9.35312e-05	
0.994779	0	0	0	0.00599475	0	0	0	9.22675e-05	
0.994771	0	0	0	0.00595001	0	0	0	9.10209e-05	
0.994763	0	0	0	0.0059056	0	0	0	8.97912e-05	
0.994756	0	0	0	0.00586153	0	0	0	8.8578e-05	
0.994748	0	0	0	0.00581778	0	0	0	8.73813e-05	
0.99474	0	0	0	0.00577435	0	0	0	8.62007e-05	
0.994733	0	0	0	0.00573126	0	0	0	8.50361e-05	
0.994725	0	0	0	0.00568848	0	0	0	8.38872e-05	
0.994718	0	0	0	0.00564602	0	0	0	8.27538e-05	
0.99471	0	0	0	0.00560388	0	0	0	8.16358e-05	
0.994702	0	0	0	0.00556206	0	0	0	8.05328e-05	
0.994695	0	0	0	0.00552054	0	0	0	7.94448e-05	
0.994687	0	0	0	0.00547934	0	0	0	7.83714e-05	
0.994679	0	0	0	0.00543845	0	0	0	7.73126e-05	
0.994672	0	0	0	0.00539785	0	0	0	7.6268e-05	
0.994664	0	0	0	0.00535757	0	0	0	7.52376e-05	
0.994657	0	0	0	0.00531758	0	0	0	7.42211e-05	
0.994649	0	0	0	0.00527789	0	0	0	7.32183e-05	
