1	0	0	0	1	0	0	0	1	
0.997056	1.03131e-06	0	1.35923e-07	0.993751	0	0	0	0.989751	
0.994133	4.083e-06	0	5.38348e-07	0.98758	0	0	0	0.979688	
0.991218	9.11792e-06	0	1.20216e-06	0.981449	0	0	0	0.969731	
0.988312	1.6094e-05	0	2.12181e-06	0.97536	0	0	0	0.959877	
0.985415	2.497e-05	0	3.29187e-06	0.969312	0	0	0	0.950128	
0.982526	3.57055e-05	0	4.707e-06	0.963304	0	0	0	0.94048	
0.979646	4.82607e-05	0	6.36197e-06	0.957337	0	0	0	0.930934	
0.976775	6.25967e-05	0	8.25164e-06	0.951409	0	0	0	0.921488	
0.973912	7.86752e-05	0	1.0371e-05	0.945521	0	0	0	0.91214	
0.971058	9.64587e-05	0	1.2715e-05	0.939672	0	0	0	0.902891	
0.968212	0.00011591	0	1.52789e-05	0.933862	0	0	0	0.893739	
0.965375	0.000136994	0	1.80579e-05	0.928091	0	0	0	0.884682	
0.962546	0.000159673	0	2.10472e-05	0.922359	0	0	0	0.87572	
0.959726	0.000183914	0	2.42423e-05	0.916664	0	0	0	0.866853	
0.956914	0.000209682	0	2.76387e-05	0.911008	0	0	0	0.858078	
0.954111	0.000236943	0	3.12319e-05	0.905389	0	0	0	0.849394	
0.951316	0.000265665	0	3.50175e-05	0.899807	0	0	0	0.840802	
0.948529	0.000295813	0	3.89913e-05	0.894263	0	0	0	0.8323	
0.94575	0.000327358	0	4.3149e-05	0.888755	0	0	0	0.823886	
0.94298	0.000360266	0	4.74864e-05	0.883284	0	0	0	0.81556	
0.940218	0.000394507	0	5.19995e-05	0.877849	0	0	0	0.807322	
0.937464	0.00043005	0	5.66843e-05	0.87245	0	0	0	0.799169	
0.934719	0.000466867	0	6.15368e-05	0.867086	0	0	0	0.791102	
0.931981	0.000504926	0	6.65531e-05	0.861758	0	0	0	0.783119	
0.929252	0.000544199	0	7.17295e-05	0.856465	0	0	0	0.77522	
0.926531	0.000584659	0	7.70621e-05	0.851207	0	0	0	0.767403	
0.923818	0.000626275	0	8.25474e-05	0.845984	0	0	0	0.759667	
0.921113	0.000669022	0	8.81816e-05	0.840795	0	0	0	0.752012	
0.918416	0.000712873	0	9.39611e-05	0.835641	0	0	0	0.744437	
0.915727	0.000757799	0	9.98825e-05	0.83052	0	0	0	0.736942	
0.913047	0.000803776	0	0.000105942	0.825433	0	0	0	0.729524	
0.910374	0.000850777	0	0.000112137	0.820379	0	0	0	0.722184	
0.907709	0.000898777	0	0.000118464	0.815358	0	0	0	0.71492	
0.905052	0.000947752	0	0.000124919	0.810371	0	0	0	0.707732	
0.902403	0.000997676	0	0.000131499	0.805416	0	0	0	0.700619	
0.899761	0.00104853	0	0.000138201	0.800494	0	0	0	0.69358	
0.897128	0.00110028	0	0.000145022	0.795603	0	0	0	0.686614	
0.894502	0.00115291	0	0.000151958	0.790745	0	0	0	0.679721	
0.891885	0.00120639	0	0.000159008	0.785919	0	0	0	0.6729	
0.889275	0.00126071	0	0.000166167	0.781124	0	0	0	0.666149	
0.886672	0.00131584	0	0.000173433	0.77636	0	0	0	0.659469	
0.884078	0.00137175	0	0.000180803	0.771628	0	0	0	0.652859	
0.881491	0.00142844	0	0.000188274	0.766926	0	0	0	0.646317	
0.878912	0.00148586	0	0.000195843	0.762255	0	0	0	0.639843	
0.87634	0.00154402	0	0.000203508	0.757614	0	0	0	0.633437	
0.873777	0.00160288	0	0.000211265	0.753004	0	0	0	0.627097	
0.87122	0.00166242	0	0.000219113	0.748423	0	0	0	0.620823	
0.868672	0.00172263	0	0.000227048	0.743873	0	0	0	0.614615	
0.866131	0.00178348	0	0.000235069	0.739352	0	0	0	0.60847	
0.863597	0.00184496	0	0.000243172	0.73486	0	0	0	0.60239	
0.861071	0.00190704	0	0.000251354	0.730397	0	0	0	0.596373	
0.858552	0.00196971	0	0.000259615	0.725964	0	0	0	0.590418	
0.856041	0.00203296	0	0.00026795	0.721559	0	0	0	0.584525	
0.853538	0.00209675	0	0.000276358	0.717182	0	0	0	0.578694	
0.851041	0.00216108	0	0.000284837	0.712834	0	0	0	0.572922	
0.848553	0.00222592	0	0.000293383	0.708514	0	0	0	0.567211	
0.846071	0.00229127	0	0.000301996	0.704222	0	0	0	0.561559	
0.843597	0.00235709	0	0.000310672	0.699958	0	0	0	0.555965	
0.84113	0.00242339	0	0.000319409	0.695721	0	0	0	0.55043	
0.838671	0.00249013	0	0.000328206	0.691511	0	0	0	0.544952	
0.836218	0.00255731	0	0.00033706	0.687329	0	0	0	0.53953	
0.833774	0.0026249	0	0.000345969	0.683174	0	0	0	0.534165	
0.831336	0.0026929	0	0.000354932	0.679045	0	0	0	0.528856	
0.828905	0.00276129	0	0.000363945	0.674943	0	0	0	0.523601	
0.826482	0.00283005	0	0.000373007	0.670867	0	0	0	0.518401	
0.824066	0.00289916	0	0.000382116	0.666818	0	0	0	0.513254	
0.821657	0.00296862	0	0.000391271	0.662794	0	0	0	0.508161	
0.819255	0.00303841	0	0.000400469	0.658797	0	0	0	0.503121	
0.81686	0.00310851	0	0.000409709	0.654825	0	0	0	0.498132	
0.814473	0.00317891	0	0.000418988	0.650878	0	0	0	0.493196	
0.812092	0.0032496	0	0.000428305	0.646957	0	0	0	0.48831	
0.809719	0.00332057	0	0.000437658	0.643061	0	0	0	0.483475	
0.807352	0.00339179	0	0.000447045	0.63919	0	0	0	0.478689	
0.804993	0.00346326	0	0.000456465	0.635343	0	0	0	0.473954	
0.80264	0.00353497	0	0.000465917	0.631521	0	0	0	0.469267	
0.800295	0.0036069	0	0.000475397	0.627724	0	0	0	0.464628	
0.797956	0.00367905	0	0.000484906	0.623951	0	0	0	0.460038	
0.795624	0.00375139	0	0.00049444	0.620202	0	0	0	0.455494	
0.793299	0.00382392	0	0.000503999	0.616477	0	0	0	0.450998	
0.790981	0.00389662	0	0.000513582	0.612775	0	0	0	0.446548	
0.78867	0.00396949	0	0.000523186	0.609098	0	0	0	0.442144	
0.786366	0.00404251	0	0.00053281	0.605443	0	0	0	0.437785	
0.784068	0.00411567	0	0.000542452	0.601812	0	0	0	0.433472	
0.781778	0.00418896	0	0.000552112	0.598204	0	0	0	0.429202	
0.779494	0.00426237	0	0.000561788	0.594619	0	0	0	0.424977	
0.777217	0.00433589	0	0.000571478	0.591057	0	0	0	0.420796	
0.774946	0.00440951	0	0.000581181	0.587518	0	0	0	0.416657	
0.772682	0.00448322	0	0.000590896	0.584	0	0	0	0.412561	
0.770425	0.00455701	0	0.000600622	0.580506	0	0	0	0.408507	
0.768175	0.00463087	0	0.000610356	0.577033	0	0	0	0.404495	
0.765931	0.00470479	0	0.000620099	0.573582	0	0	0	0.400524	
0.763694	0.00477876	0	0.000629848	0.570154	0	0	0	0.396594	
0.761463	0.00485277	0	0.000639602	0.566747	0	0	0	0.392704	
0.759239	0.00492681	0	0.000649361	0.563361	0	0	0	0.388855	
0.757022	0.00500088	0	0.000659123	0.559997	0	0	0	0.385045	
0.754811	0.00507496	0	0.000668887	0.556654	0	0	0	0.381274	
0.752607	0.00514905	0	0.000678652	0.553332	0	0	0	0.377542	
0.750409	0.00522313	0	0.000688416	0.550032	0	0	0	0.373848	
0.748218	0.00529721	0	0.000698179	0.546752	0	0	0	0.370192	
0.746033	0.00537126	0	0.000707939	0.543493	0	0	0	0.366573	
0.743854	0.00544529	0	0.000717696	0.540254	0	0	0	0.362992	
0.741682	0.00551928	0	0.000727449	0.537036	0	0	0	0.359448	
0.739517	0.00559323	0	0.000737195	0.533838	0	0	0	0.35594	
0.737357	0.00566714	0	0.000746936	0.53066	0	0	0	0.352467	
0.735205	0.00574098	0	0.000756668	0.527502	0	0	0	0.349031	
0.733058	0.00581476	0	0.000766393	0.524364	0	0	0	0.34563	
0.730918	0.00588847	0	0.000776107	0.521246	0	0	0	0.342263	
0.728784	0.0059621	0	0.000785812	0.518148	0	0	0	0.338931	
0.726656	0.00603564	0	0.000795505	0.515068	0	0	0	0.335633	
0.724535	0.00610909	0	0.000805186	0.512009	0	0	0	0.332369	
0.72242	0.00618245	0	0.000814854	0.508968	0	0	0	0.329138	
0.720311	0.0062557	0	0.000824508	0.505946	0	0	0	0.325941	
0.718208	0.00632883	0	0.000834147	0.502944	0	0	0	0.322776	
0.716112	0.00640185	0	0.000843771	0.49996	0	0	0	0.319643	
0.714022	0.00647475	0	0.000853379	0.496995	0	0	0	0.316543	
0.711938	0.00654751	0	0.000862969	0.494048	0	0	0	0.313474	
0.70986	0.00662014	0	0.000872542	0.49112	0	0	0	0.310436	
0.707788	0.00669263	0	0.000882096	0.48821	0	0	0	0.30743	
0.705722	0.00676497	0	0.00089163	0.485319	0	0	0	0.304454	
0.703662	0.00683716	0	0.000901145	0.482445	0	0	0	0.301509	
0.701609	0.00690919	0	0.000910639	0.479589	0	0	0	0.298594	
0.699561	0.00698106	0	0.000920111	0.476752	0	0	0	0.295708	
0.69752	0.00705276	0	0.000929561	0.473931	0	0	0	0.292852	
0.695484	0.00712429	0	0.000938988	0.471129	0	0	0	0.290025	
0.693455	0.00719564	0	0.000948392	0.468344	0	0	0	0.287227	
0.691431	0.00726681	0	0.000957772	0.465576	0	0	0	0.284458	
0.689413	0.00733778	0	0.000967127	0.462826	0	0	0	0.281716	
0.687402	0.00740857	0	0.000976456	0.460092	0	0	0	0.279003	
0.685396	0.00747916	0	0.00098576	0.457376	0	0	0	0.276317	
0.683396	0.00754954	0	0.000995037	0.454677	0	0	0	0.273659	
0.681402	0.00761973	0	0.00100429	0.451994	0	0	0	0.271027	
0.679414	0.0076897	0	0.00101351	0.449328	0	0	0	0.268423	
0.677432	0.00775946	0	0.0010227	0.446679	0	0	0	0.265844	
0.675455	0.00782899	0	0.00103187	0.444046	0	0	0	0.263293	
0.673485	0.00789831	0	0.001041	0.441429	0	0	0	0.260767	
0.67152	0.0079674	0	0.00105011	0.438828	0	0	0	0.258266	
0.669561	0.00803626	0	0.00105919	0.436244	0	0	0	0.255792	
0.667608	0.00810489	0	0.00106823	0.433676	0	0	0	0.253342	
0.66566	0.00817328	0	0.00107724	0.431123	0	0	0	0.250917	
0.663718	0.00824143	0	0.00108623	0.428587	0	0	0	0.248517	
0.661782	0.00830934	0	0.00109518	0.426066	0	0	0	0.246141	
0.659852	0.008377	0	0.00110409	0.423561	0	0	0	0.243789	
0.657927	0.0084444	0	0.00111298	0.421071	0	0	0	0.241461	
0.656008	0.00851156	0	0.00112183	0.418596	0	0	0	0.239157	
0.654095	0.00857845	0	0.00113065	0.416137	0	0	0	0.236876	
0.652187	0.00864509	0	0.00113943	0.413693	0	0	0	0.234618	
0.650285	0.00871146	0	0.00114818	0.411264	0	0	0	0.232384	
0.648388	0.00877757	0	0.00115689	0.408851	0	0	0	0.230171	
0.646497	0.00884341	0	0.00116557	0.406452	0	0	0	0.227981	
0.644612	0.00890898	0	0.00117421	0.404067	0	0	0	0.225814	
0.642732	0.00897427	0	0.00118281	0.401698	0	0	0	0.223668	
0.640857	0.00903929	0	0.00119138	0.399343	0	0	0	0.221544	
0.638988	0.00910402	0	0.00119992	0.397003	0	0	0	0.219441	
0.637125	0.00916848	0	0.00120841	0.394677	0	0	0	0.21736	
0.635267	0.00923265	0	0.00121687	0.392365	0	0	0	0.2153	
0.633415	0.00929654	0	0.00122529	0.390067	0	0	0	0.21326	
0.631568	0.00936013	0	0.00123367	0.387784	0	0	0	0.211242	
0.629726	0.00942344	0	0.00124201	0.385515	0	0	0	0.209243	
0.62789	0.00948645	0	0.00125032	0.383259	0	0	0	0.207265	
0.626059	0.00954917	0	0.00125859	0.381018	0	0	0	0.205306	
0.624234	0.00961159	0	0.00126681	0.37879	0	0	0	0.203368	
0.622413	0.00967371	0	0.001275	0.376576	0	0	0	0.201449	
0.620599	0.00973554	0	0.00128315	0.374375	0	0	0	0.199549	
0.618789	0.00979705	0	0.00129126	0.372188	0	0	0	0.197669	
0.616985	0.00985827	0	0.00129933	0.370014	0	0	0	0.195807	
0.615186	0.00991918	0	0.00130735	0.367854	0	0	0	0.193964	
0.613393	0.00997978	0	0.00131534	0.365707	0	0	0	0.19214	
0.611605	0.0100401	0	0.00132329	0.363573	0	0	0	0.190334	
0.609822	0.0101001	0	0.00133119	0.361452	0	0	0	0.188547	
0.608044	0.0101597	0	0.00133906	0.359344	0	0	0	0.186777	
0.606271	0.0102191	0	0.00134688	0.357249	0	0	0	0.185025	
0.604504	0.0102781	0	0.00135466	0.355167	0	0	0	0.183291	
0.602742	0.0103368	0	0.0013624	0.353097	0	0	0	0.181574	
0.600985	0.0103953	0	0.0013701	0.35104	0	0	0	0.179874	
0.599233	0.0104533	0	0.00137776	0.348996	0	0	0	0.178192	
0.597486	0.0105111	0	0.00138537	0.346964	0	0	0	0.176526	
0.595745	0.0105686	0	0.00139294	0.344945	0	0	0	0.174877	
0.594008	0.0106257	0	0.00140047	0.342937	0	0	0	0.173245	
0.592277	0.0106825	0	0.00140796	0.340942	0	0	0	0.171629	
0.590551	0.010739	0	0.0014154	0.33896	0	0	0	0.170029	
0.588829	0.0107951	0	0.0014228	0.336989	0	0	0	0.168445	
0.587113	0.010851	0	0.00143016	0.33503	0	0	0	0.166877	
0.585402	0.0109065	0	0.00143748	0.333084	0	0	0	0.165325	
0.583696	0.0109617	0	0.00144475	0.331149	0	0	0	0.163788	
0.581995	0.0110165	0	0.00145198	0.329225	0	0	0	0.162267	
0.580299	0.011071	0	0.00145917	0.327314	0	0	0	0.160761	
0.578608	0.0111252	0	0.00146631	0.325414	0	0	0	0.15927	
0.576921	0.0111791	0	0.00147341	0.323526	0	0	0	0.157794	
0.57524	0.0112326	0	0.00148047	0.321649	0	0	0	0.156333	
0.573564	0.0112858	0	0.00148748	0.319784	0	0	0	0.154886	
0.571893	0.0113387	0	0.00149445	0.317929	0	0	0	0.153454	
0.570226	0.0113913	0	0.00150137	0.316087	0	0	0	0.152036	
0.568564	0.0114435	0	0.00150825	0.314255	0	0	0	0.150633	
0.566908	0.0114954	0	0.00151509	0.312434	0	0	0	0.149243	
0.565256	0.0115469	0	0.00152189	0.310625	0	0	0	0.147867	
0.563609	0.0115981	0	0.00152864	0.308826	0	0	0	0.146505	
0.561967	0.011649	0	0.00153534	0.307038	0	0	0	0.145156	
0.560329	0.0116996	0	0.00154201	0.305262	0	0	0	0.143821	
0.558697	0.0117498	0	0.00154863	0.303495	0	0	0	0.1425	
0.557069	0.0117997	0	0.0015552	0.30174	0	0	0	0.141191	
