1	0	0	0	1	0	0	0	1	
0.996901	1.11194e-06	0	3.51518e-07	0.995179	0	0	0	0.985307	
0.993825	4.39903e-06	0	1.39097e-06	0.990407	0	0	0	0.970976	
0.990759	9.81007e-06	0	3.10187e-06	0.985662	0	0	0	0.956857	
0.987703	1.729e-05	0	5.4668e-06	0.980942	0	0	0	0.942948	
0.984657	2.6785e-05	0	8.4688e-06	0.976249	0	0	0	0.929244	
0.98162	3.82429e-05	0	1.20913e-05	0.971581	0	0	0	0.915743	
0.978593	5.16127e-05	0	1.63182e-05	0.966938	0	0	0	0.902441	
0.975576	6.68445e-05	0	2.11338e-05	0.962321	0	0	0	0.889337	
0.972569	8.38899e-05	0	2.65227e-05	0.957728	0	0	0	0.876426	
0.969571	0.000102702	0	3.24699e-05	0.95316	0	0	0	0.863706	
0.966583	0.000123233	0	3.89609e-05	0.948617	0	0	0	0.851175	
0.963605	0.000145439	0	4.59813e-05	0.944099	0	0	0	0.838829	
0.960636	0.000169276	0	5.35173e-05	0.939604	0	0	0	0.826665	
0.957677	0.000194701	0	6.15551e-05	0.935134	0	0	0	0.814681	
0.954727	0.000221671	0	7.00815e-05	0.930688	0	0	0	0.802875	
0.951786	0.000250146	0	7.90835e-05	0.926265	0	0	0	0.791243	
0.948855	0.000280084	0	8.85484e-05	0.921866	0	0	0	0.779782	
0.945933	0.000311448	0	9.84636e-05	0.917491	0	0	0	0.768492	
0.943021	0.000344197	0	0.000108817	0.913138	0	0	0	0.757368	
0.940118	0.000378296	0	0.000119597	0.908809	0	0	0	0.746408	
0.937224	0.000413706	0	0.000130792	0.904503	0	0	0	0.73561	
0.93434	0.000450392	0	0.00014239	0.900219	0	0	0	0.724972	
0.931465	0.000488319	0	0.00015438	0.895958	0	0	0	0.714491	
0.928598	0.000527452	0	0.000166751	0.89172	0	0	0	0.704165	
0.925741	0.000567757	0	0.000179493	0.887504	0	0	0	0.693991	
0.922893	0.000609201	0	0.000192595	0.88331	0	0	0	0.683967	
0.920054	0.000651753	0	0.000206048	0.879138	0	0	0	0.674092	
0.917225	0.000695379	0	0.00021984	0.874987	0	0	0	0.664362	
0.914404	0.00074005	0	0.000233962	0.870859	0	0	0	0.654775	
0.911592	0.000785735	0	0.000248405	0.866752	0	0	0	0.64533	
0.908789	0.000832404	0	0.000263159	0.862667	0	0	0	0.636025	
0.905995	0.000880028	0	0.000278214	0.858603	0	0	0	0.626857	
0.90321	0.000928579	0	0.000293563	0.85456	0	0	0	0.617824	
0.900433	0.000978028	0	0.000309196	0.850538	0	0	0	0.608924	
0.897666	0.00102835	0	0.000325104	0.846536	0	0	0	0.600156	
0.894907	0.00107951	0	0.000341279	0.842556	0	0	0	0.591516	
0.892157	0.0011315	0	0.000357712	0.838596	0	0	0	0.583005	
0.889415	0.00118427	0	0.000374397	0.834657	0	0	0	0.574618	
0.886683	0.00123781	0	0.000391323	0.830738	0	0	0	0.566356	
0.883959	0.0012921	0	0.000408485	0.826839	0	0	0	0.558215	
0.881243	0.0013471	0	0.000425873	0.82296	0	0	0	0.550194	
0.878536	0.0014028	0	0.000443481	0.819101	0	0	0	0.542291	
0.875838	0.00145916	0	0.000461301	0.815262	0	0	0	0.534505	
0.873148	0.00151618	0	0.000479326	0.811443	0	0	0	0.526833	
0.870467	0.00157382	0	0.000497549	0.807643	0	0	0	0.519275	
0.867794	0.00163207	0	0.000515963	0.803862	0	0	0	0.511827	
0.86513	0.0016909	0	0.000534561	0.800101	0	0	0	0.50449	
0.862474	0.00175029	0	0.000553337	0.796359	0	0	0	0.49726	
0.859826	0.00181023	0	0.000572284	0.792636	0	0	0	0.490137	
0.857187	0.00187068	0	0.000591396	0.788932	0	0	0	0.483119	
0.854556	0.00193164	0	0.000610666	0.785247	0	0	0	0.476204	
0.851933	0.00199307	0	0.000630089	0.781581	0	0	0	0.46939	
0.849318	0.00205497	0	0.000649658	0.777933	0	0	0	0.462677	
0.846712	0.00211732	0	0.000669368	0.774304	0	0	0	0.456063	
0.844114	0.00218009	0	0.000689212	0.770693	0	0	0	0.449546	
0.841524	0.00224327	0	0.000709186	0.7671	0	0	0	0.443125	
0.838943	0.00230684	0	0.000729283	0.763525	0	0	0	0.436799	
0.836369	0.00237079	0	0.000749498	0.759969	0	0	0	0.430565	
0.833803	0.00243509	0	0.000769826	0.75643	0	0	0	0.424423	
0.831246	0.00249973	0	0.000790262	0.752909	0	0	0	0.418371	
0.828696	0.0025647	0	0.0008108	0.749406	0	0	0	0.412409	
0.826155	0.00262997	0	0.000831436	0.74592	0	0	0	0.406534	
0.823621	0.00269554	0	0.000852165	0.742452	0	0	0	0.400745	
0.821096	0.00276139	0	0.000872981	0.739001	0	0	0	0.395041	
0.818578	0.0028275	0	0.000893881	0.735568	0	0	0	0.389421	
0.816068	0.00289386	0	0.000914859	0.732152	0	0	0	0.383884	
0.813566	0.00296045	0	0.000935912	0.728752	0	0	0	0.378428	
0.811072	0.00302726	0	0.000957034	0.72537	0	0	0	0.373052	
0.808586	0.00309429	0	0.000978222	0.722005	0	0	0	0.367755	
0.806108	0.0031615	0	0.000999471	0.718656	0	0	0	0.362536	
0.803637	0.00322889	0	0.00102078	0.715324	0	0	0	0.357393	
0.801174	0.00329646	0	0.00104214	0.712009	0	0	0	0.352326	
0.798719	0.00336417	0	0.00106354	0.70871	0	0	0	0.347333	
0.796271	0.00343203	0	0.001085	0.705427	0	0	0	0.342414	
0.793831	0.00350003	0	0.00110649	0.702161	0	0	0	0.337566	
0.791399	0.00356814	0	0.00112802	0.698911	0	0	0	0.33279	
0.788974	0.00363635	0	0.00114959	0.695676	0	0	0	0.328084	
0.786557	0.00370467	0	0.00117118	0.692458	0	0	0	0.323447	
0.784147	0.00377306	0	0.00119281	0.689256	0	0	0	0.318878	
0.781745	0.00384154	0	0.00121445	0.68607	0	0	0	0.314375	
0.77935	0.00391007	0	0.00123612	0.682899	0	0	0	0.309939	
0.776963	0.00397866	0	0.0012578	0.679744	0	0	0	0.305568	
0.774584	0.00404729	0	0.0012795	0.676605	0	0	0	0.30126	
0.772211	0.00411596	0	0.00130121	0.67348	0	0	0	0.297016	
0.769846	0.00418465	0	0.00132292	0.670372	0	0	0	0.292834	
0.767489	0.00425335	0	0.00134464	0.667278	0	0	0	0.288714	
0.765139	0.00432205	0	0.00136636	0.6642	0	0	0	0.284653	
0.762796	0.00439076	0	0.00138808	0.661137	0	0	0	0.280652	
0.76046	0.00445944	0	0.0014098	0.658089	0	0	0	0.27671	
0.758132	0.00452811	0	0.0014315	0.655055	0	0	0	0.272825	
0.755811	0.00459675	0	0.0014532	0.652037	0	0	0	0.268997	
0.753497	0.00466534	0	0.00147489	0.649033	0	0	0	0.265225	
0.75119	0.00473389	0	0.00149656	0.646044	0	0	0	0.261509	
0.748891	0.00480239	0	0.00151821	0.64307	0	0	0	0.257846	
0.746599	0.00487082	0	0.00153985	0.64011	0	0	0	0.254238	
0.744314	0.00493918	0	0.00156146	0.637164	0	0	0	0.250681	
0.742036	0.00500746	0	0.00158304	0.634233	0	0	0	0.247177	
0.739765	0.00507565	0	0.0016046	0.631316	0	0	0	0.243725	
0.737501	0.00514376	0	0.00162613	0.628413	0	0	0	0.240322	
0.735244	0.00521176	0	0.00164763	0.625525	0	0	0	0.236969	
0.732994	0.00527966	0	0.0016691	0.62265	0	0	0	0.233666	
0.730751	0.00534745	0	0.00169053	0.619789	0	0	0	0.23041	
0.728515	0.00541511	0	0.00171192	0.616943	0	0	0	0.227202	
0.726286	0.00548265	0	0.00173327	0.61411	0	0	0	0.224041	
0.724064	0.00555006	0	0.00175458	0.61129	0	0	0	0.220926	
0.721849	0.00561733	0	0.00177585	0.608485	0	0	0	0.217857	
0.719641	0.00568446	0	0.00179707	0.605693	0	0	0	0.214832	
0.717439	0.00575144	0	0.00181824	0.602914	0	0	0	0.211851	
0.715245	0.00581826	0	0.00183937	0.600149	0	0	0	0.208914	
0.713057	0.00588492	0	0.00186044	0.597397	0	0	0	0.20602	
0.710876	0.00595142	0	0.00188146	0.594658	0	0	0	0.203168	
0.708702	0.00601774	0	0.00190243	0.591933	0	0	0	0.200357	
0.706534	0.00608389	0	0.00192334	0.589221	0	0	0	0.197587	
0.704373	0.00614985	0	0.00194419	0.586521	0	0	0	0.194858	
0.702219	0.00621563	0	0.00196499	0.583835	0	0	0	0.192169	
0.700072	0.00628122	0	0.00198572	0.581162	0	0	0	0.189518	
0.697931	0.00634662	0	0.0020064	0.578501	0	0	0	0.186907	
0.695797	0.00641181	0	0.00202701	0.575854	0	0	0	0.184333	
0.693669	0.0064768	0	0.00204755	0.573219	0	0	0	0.181797	
0.691548	0.00654158	0	0.00206803	0.570596	0	0	0	0.179297	
0.689434	0.00660615	0	0.00208845	0.567986	0	0	0	0.176834	
0.687326	0.0066705	0	0.00210879	0.565389	0	0	0	0.174407	
0.685225	0.00673463	0	0.00212906	0.562804	0	0	0	0.172015	
0.68313	0.00679854	0	0.00214927	0.560232	0	0	0	0.169658	
0.681042	0.00686222	0	0.0021694	0.557671	0	0	0	0.167335	
0.67896	0.00692567	0	0.00218946	0.555123	0	0	0	0.165046	
0.676884	0.00698888	0	0.00220944	0.552588	0	0	0	0.16279	
0.674815	0.00705185	0	0.00222935	0.550064	0	0	0	0.160567	
0.672753	0.00711458	0	0.00224918	0.547552	0	0	0	0.158376	
0.670697	0.00717706	0	0.00226893	0.545053	0	0	0	0.156217	
0.668647	0.0072393	0	0.00228861	0.542565	0	0	0	0.15409	
0.666603	0.00730129	0	0.0023082	0.540089	0	0	0	0.151993	
0.664566	0.00736302	0	0.00232772	0.537625	0	0	0	0.149927	
0.662535	0.00742449	0	0.00234715	0.535172	0	0	0	0.14789	
0.66051	0.0074857	0	0.0023665	0.532732	0	0	0	0.145884	
0.658492	0.00754666	0	0.00238577	0.530302	0	0	0	0.143906	
0.65648	0.00760734	0	0.00240496	0.527885	0	0	0	0.141957	
0.654474	0.00766776	0	0.00242406	0.525479	0	0	0	0.140036	
0.652474	0.00772791	0	0.00244307	0.523084	0	0	0	0.138143	
0.650481	0.00778778	0	0.002462	0.520701	0	0	0	0.136278	
0.648493	0.00784738	0	0.00248084	0.518329	0	0	0	0.134439	
0.646512	0.0079067	0	0.00249959	0.515968	0	0	0	0.132627	
0.644537	0.00796574	0	0.00251826	0.513618	0	0	0	0.130841	
0.642568	0.00802451	0	0.00253684	0.51128	0	0	0	0.129082	
0.640605	0.00808298	0	0.00255532	0.508952	0	0	0	0.127347	
0.638648	0.00814118	0	0.00257372	0.506636	0	0	0	0.125638	
0.636697	0.00819908	0	0.00259203	0.50433	0	0	0	0.123953	
0.634752	0.0082567	0	0.00261024	0.502036	0	0	0	0.122293	
0.632813	0.00831402	0	0.00262836	0.499752	0	0	0	0.120657	
0.63088	0.00837106	0	0.00264639	0.497479	0	0	0	0.119044	
0.628953	0.0084278	0	0.00266433	0.495217	0	0	0	0.117455	
0.627032	0.00848424	0	0.00268217	0.492966	0	0	0	0.115888	
0.625117	0.00854039	0	0.00269992	0.490725	0	0	0	0.114345	
0.623208	0.00859623	0	0.00271758	0.488494	0	0	0	0.112823	
0.621305	0.00865178	0	0.00273514	0.486274	0	0	0	0.111324	
0.619407	0.00870703	0	0.00275261	0.484065	0	0	0	0.109846	
0.617516	0.00876197	0	0.00276998	0.481866	0	0	0	0.108389	
0.61563	0.00881662	0	0.00278725	0.479677	0	0	0	0.106954	
0.61375	0.00887095	0	0.00280443	0.477499	0	0	0	0.105539	
0.611876	0.00892498	0	0.00282151	0.475331	0	0	0	0.104144	
0.610008	0.00897871	0	0.00283849	0.473173	0	0	0	0.10277	
0.608145	0.00903213	0	0.00285538	0.471025	0	0	0	0.101416	
0.606288	0.00908524	0	0.00287217	0.468888	0	0	0	0.10008	
0.604437	0.00913804	0	0.00288886	0.46676	0	0	0	0.0987646	
0.602592	0.00919052	0	0.00290546	0.464643	0	0	0	0.0974676	
0.600752	0.0092427	0	0.00292195	0.462535	0	0	0	0.0961894	
0.598918	0.00929457	0	0.00293835	0.460437	0	0	0	0.0949295	
0.597089	0.00934612	0	0.00295465	0.458349	0	0	0	0.0936877	
0.595266	0.00939737	0	0.00297085	0.456271	0	0	0	0.0924638	
0.593449	0.0094483	0	0.00298695	0.454203	0	0	0	0.0912575	
0.591638	0.00949891	0	0.00300295	0.452144	0	0	0	0.0900685	
0.589832	0.00954921	0	0.00301885	0.450095	0	0	0	0.0888966	
0.588031	0.0095992	0	0.00303465	0.448055	0	0	0	0.0877415	
0.586236	0.00964887	0	0.00305035	0.446025	0	0	0	0.086603	
0.584447	0.00969822	0	0.00306596	0.444005	0	0	0	0.0854808	
0.582663	0.00974726	0	0.00308146	0.441994	0	0	0	0.0843748	
0.580884	0.00979598	0	0.00309686	0.439992	0	0	0	0.0832846	
0.579112	0.00984439	0	0.00311216	0.438	0	0	0	0.08221	
0.577344	0.00989248	0	0.00312737	0.436017	0	0	0	0.0811508	
0.575582	0.00994025	0	0.00314247	0.434043	0	0	0	0.0801069	
0.573825	0.00998771	0	0.00315747	0.432079	0	0	0	0.0790779	
0.572074	0.0100349	0	0.00317238	0.430123	0	0	0	0.0780636	
0.570328	0.0100817	0	0.00318718	0.428177	0	0	0	0.0770638	
0.568588	0.0101282	0	0.00320188	0.42624	0	0	0	0.0760784	
0.566853	0.0101744	0	0.00321648	0.424312	0	0	0	0.0751071	
0.565123	0.0102202	0	0.00323099	0.422393	0	0	0	0.0741497	
0.563398	0.0102658	0	0.00324539	0.420483	0	0	0	0.0732059	
0.561679	0.010311	0	0.00325969	0.418582	0	0	0	0.0722757	
0.559965	0.010356	0	0.00327389	0.416689	0	0	0	0.0713588	
0.558257	0.0104006	0	0.003288	0.414806	0	0	0	0.070455	
0.556553	0.0104449	0	0.003302	0.412931	0	0	0	0.0695641	
0.554855	0.0104889	0	0.0033159	0.411065	0	0	0	0.068686	
0.553162	0.0105325	0	0.00332971	0.409207	0	0	0	0.0678204	
0.551475	0.0105759	0	0.00334341	0.407359	0	0	0	0.0669672	
0.549792	0.0106189	0	0.00335702	0.405519	0	0	0	0.0661262	
0.548115	0.0106616	0	0.00337052	0.403687	0	0	0	0.0652971	
0.546443	0.010704	0	0.00338393	0.401864	0	0	0	0.06448	
0.544776	0.0107461	0	0.00339724	0.400049	0	0	0	0.0636745	
0.543114	0.0107879	0	0.00341045	0.398243	0	0	0	0.0628805	
0.541457	0.0108294	0	0.00342356	0.396445	0	0	0	0.0620978	
