1	0	0	0	1	0	0	0	1	
0.997012	1.08053e-06	0	2.11557e-07	0.994348	0	0	0	0.988367	
0.994045	4.27602e-06	0	8.37489e-07	0.988761	0	0	0	0.976968	
0.991086	9.54203e-06	0	1.86881e-06	0.983209	0	0	0	0.965704	
0.988137	1.68296e-05	0	3.29594e-06	0.977691	0	0	0	0.954573	
0.985197	2.6091e-05	0	5.10953e-06	0.972207	0	0	0	0.943574	
0.982266	3.72795e-05	0	7.30043e-06	0.966757	0	0	0	0.932705	
0.979344	5.03495e-05	0	9.85973e-06	0.961341	0	0	0	0.921965	
0.976431	6.52567e-05	0	1.27787e-05	0.955958	0	0	0	0.911352	
0.973527	8.19573e-05	0	1.60489e-05	0.950608	0	0	0	0.900864	
0.970632	0.000100409	0	1.96618e-05	0.945291	0	0	0	0.890501	
0.967745	0.00012057	0	2.36095e-05	0.940007	0	0	0	0.88026	
0.964868	0.0001424	0	2.78839e-05	0.934755	0	0	0	0.87014	
0.961999	0.000165858	0	3.24771e-05	0.929535	0	0	0	0.860139	
0.959139	0.000190906	0	3.73817e-05	0.924347	0	0	0	0.850257	
0.956287	0.000217506	0	4.259e-05	0.919191	0	0	0	0.840491	
0.953445	0.00024562	0	4.80948e-05	0.914066	0	0	0	0.830841	
0.950611	0.000275212	0	5.38889e-05	0.908973	0	0	0	0.821305	
0.947785	0.000306245	0	5.99652e-05	0.90391	0	0	0	0.811881	
0.944969	0.000338684	0	6.6317e-05	0.898878	0	0	0	0.802569	
0.942161	0.000372496	0	7.29373e-05	0.893877	0	0	0	0.793366	
0.939361	0.000407646	0	7.98196e-05	0.888906	0	0	0	0.784272	
0.93657	0.000444101	0	8.69575e-05	0.883965	0	0	0	0.775286	
0.933787	0.000481828	0	9.43445e-05	0.879055	0	0	0	0.766405	
0.931013	0.000520796	0	0.000101974	0.874173	0	0	0	0.757629	
0.928247	0.000560973	0	0.000109841	0.869322	0	0	0	0.748957	
0.92549	0.00060233	0	0.000117939	0.8645	0	0	0	0.740386	
0.922741	0.000644834	0	0.000126261	0.859706	0	0	0	0.731917	
0.920001	0.000688458	0	0.000134803	0.854942	0	0	0	0.723548	
0.917268	0.000733173	0	0.000143558	0.850206	0	0	0	0.715277	
0.914545	0.000778949	0	0.00015252	0.845499	0	0	0	0.707103	
0.911829	0.000825758	0	0.000161686	0.84082	0	0	0	0.699026	
0.909122	0.000873575	0	0.000171048	0.836169	0	0	0	0.691044	
0.906422	0.000922371	0	0.000180602	0.831546	0	0	0	0.683156	
0.903731	0.00097212	0	0.000190343	0.826951	0	0	0	0.675361	
0.901049	0.0010228	0	0.000200265	0.822383	0	0	0	0.667658	
0.898374	0.00107437	0	0.000210364	0.817842	0	0	0	0.660045	
0.895707	0.00112683	0	0.000220635	0.813329	0	0	0	0.652521	
0.893049	0.00118014	0	0.000231073	0.808843	0	0	0	0.645087	
0.890398	0.00123427	0	0.000241672	0.804383	0	0	0	0.637739	
0.887756	0.00128922	0	0.00025243	0.79995	0	0	0	0.630478	
0.885122	0.00134494	0	0.00026334	0.795543	0	0	0	0.623303	
0.882495	0.00140142	0	0.000274399	0.791163	0	0	0	0.616211	
0.879877	0.00145864	0	0.000285602	0.786808	0	0	0	0.609204	
0.877266	0.00151657	0	0.000296945	0.78248	0	0	0	0.602278	
0.874663	0.00157519	0	0.000308424	0.778177	0	0	0	0.595434	
0.872069	0.00163449	0	0.000320034	0.773899	0	0	0	0.58867	
0.869482	0.00169444	0	0.000331771	0.769647	0	0	0	0.581985	
0.866903	0.00175502	0	0.000343632	0.76542	0	0	0	0.57538	
0.864331	0.00181621	0	0.000355613	0.761218	0	0	0	0.568851	
0.861768	0.00187798	0	0.000367709	0.757041	0	0	0	0.562399	
0.859212	0.00194034	0	0.000379917	0.752888	0	0	0	0.556023	
0.856664	0.00200324	0	0.000392233	0.74876	0	0	0	0.549722	
0.854123	0.00206667	0	0.000404654	0.744657	0	0	0	0.543495	
0.851591	0.00213063	0	0.000417175	0.740577	0	0	0	0.53734	
0.849066	0.00219507	0	0.000429794	0.736522	0	0	0	0.531258	
0.846548	0.00226	0	0.000442507	0.73249	0	0	0	0.525247	
0.844038	0.00232539	0	0.00045531	0.728482	0	0	0	0.519307	
0.841536	0.00239123	0	0.000468201	0.724498	0	0	0	0.513436	
0.839041	0.00245749	0	0.000481175	0.720537	0	0	0	0.507634	
0.836554	0.00252417	0	0.00049423	0.716599	0	0	0	0.5019	
0.834075	0.00259124	0	0.000507362	0.712684	0	0	0	0.496233	
0.831602	0.00265869	0	0.000520569	0.708792	0	0	0	0.490633	
0.829138	0.00272651	0	0.000533847	0.704923	0	0	0	0.485098	
0.82668	0.00279467	0	0.000547193	0.701076	0	0	0	0.479628	
0.82423	0.00286317	0	0.000560605	0.697252	0	0	0	0.474221	
0.821788	0.00293199	0	0.00057408	0.69345	0	0	0	0.468878	
0.819353	0.00300111	0	0.000587614	0.689671	0	0	0	0.463598	
0.816925	0.00307053	0	0.000601204	0.685913	0	0	0	0.458379	
0.814504	0.00314022	0	0.000614849	0.682177	0	0	0	0.453222	
0.812091	0.00321017	0	0.000628546	0.678464	0	0	0	0.448125	
0.809685	0.00328037	0	0.000642291	0.674771	0	0	0	0.443087	
0.807286	0.00335081	0	0.000656083	0.6711	0	0	0	0.438108	
0.804895	0.00342147	0	0.000669918	0.667451	0	0	0	0.433187	
0.80251	0.00349234	0	0.000683794	0.663822	0	0	0	0.428324	
0.800133	0.00356341	0	0.000697709	0.660215	0	0	0	0.423518	
0.797763	0.00363467	0	0.000711661	0.656628	0	0	0	0.418767	
0.7954	0.0037061	0	0.000725646	0.653062	0	0	0	0.414073	
0.793045	0.00377769	0	0.000739664	0.649517	0	0	0	0.409433	
0.790696	0.00384943	0	0.00075371	0.645993	0	0	0	0.404847	
0.788354	0.00392131	0	0.000767784	0.642488	0	0	0	0.400314	
0.78602	0.00399331	0	0.000781883	0.639004	0	0	0	0.395835	
0.783692	0.00406544	0	0.000796004	0.635541	0	0	0	0.391408	
0.781372	0.00413767	0	0.000810147	0.632097	0	0	0	0.387032	
0.779058	0.00420999	0	0.000824308	0.628672	0	0	0	0.382708	
0.776751	0.0042824	0	0.000838485	0.625268	0	0	0	0.378434	
0.774452	0.00435489	0	0.000852677	0.621883	0	0	0	0.374209	
0.772159	0.00442744	0	0.000866882	0.618518	0	0	0	0.370034	
0.769873	0.00450004	0	0.000881098	0.615172	0	0	0	0.365908	
0.767594	0.00457269	0	0.000895323	0.611845	0	0	0	0.361829	
0.765321	0.00464538	0	0.000909554	0.608538	0	0	0	0.357798	
0.763056	0.00471809	0	0.000923791	0.605249	0	0	0	0.353814	
0.760797	0.00479082	0	0.000938032	0.601979	0	0	0	0.349876	
0.758545	0.00486356	0	0.000952274	0.598728	0	0	0	0.345985	
0.7563	0.0049363	0	0.000966516	0.595495	0	0	0	0.342138	
0.754062	0.00500903	0	0.000980756	0.592282	0	0	0	0.338336	
0.75183	0.00508175	0	0.000994994	0.589086	0	0	0	0.334579	
0.749605	0.00515444	0	0.00100923	0.585909	0	0	0	0.330865	
0.747387	0.0052271	0	0.00102345	0.582749	0	0	0	0.327194	
0.745175	0.00529971	0	0.00103767	0.579608	0	0	0	0.323566	
0.74297	0.00537228	0	0.00105188	0.576485	0	0	0	0.31998	
0.740772	0.00544479	0	0.00106608	0.57338	0	0	0	0.316436	
0.73858	0.00551724	0	0.00108026	0.570292	0	0	0	0.312933	
0.736395	0.00558962	0	0.00109443	0.567222	0	0	0	0.30947	
0.734216	0.00566191	0	0.00110859	0.564169	0	0	0	0.306048	
0.732044	0.00573413	0	0.00112273	0.561134	0	0	0	0.302665	
0.729878	0.00580625	0	0.00113685	0.558116	0	0	0	0.299322	
0.727719	0.00587827	0	0.00115095	0.555115	0	0	0	0.296018	
0.725566	0.00595019	0	0.00116503	0.552131	0	0	0	0.292752	
0.72342	0.006022	0	0.00117909	0.549164	0	0	0	0.289523	
0.72128	0.00609369	0	0.00119313	0.546214	0	0	0	0.286332	
0.719147	0.00616525	0	0.00120714	0.543281	0	0	0	0.283178	
0.71702	0.00623669	0	0.00122113	0.540364	0	0	0	0.280061	
0.714899	0.00630799	0	0.00123509	0.537464	0	0	0	0.27698	
0.712785	0.00637915	0	0.00124902	0.53458	0	0	0	0.273934	
0.710677	0.00645016	0	0.00126292	0.531713	0	0	0	0.270924	
0.708575	0.00652102	0	0.0012768	0.528862	0	0	0	0.267949	
0.70648	0.00659172	0	0.00129064	0.526026	0	0	0	0.265008	
0.70439	0.00666225	0	0.00130445	0.523207	0	0	0	0.262101	
0.702307	0.00673262	0	0.00131823	0.520404	0	0	0	0.259227	
0.700231	0.00680281	0	0.00133197	0.517617	0	0	0	0.256387	
0.69816	0.00687283	0	0.00134568	0.514845	0	0	0	0.25358	
0.696096	0.00694266	0	0.00135935	0.512089	0	0	0	0.250805	
0.694038	0.00701231	0	0.00137299	0.509349	0	0	0	0.248063	
0.691986	0.00708176	0	0.00138659	0.506624	0	0	0	0.245352	
0.68994	0.00715101	0	0.00140015	0.503914	0	0	0	0.242672	
0.6879	0.00722006	0	0.00141367	0.501219	0	0	0	0.240023	
0.685867	0.00728891	0	0.00142715	0.49854	0	0	0	0.237405	
0.683839	0.00735755	0	0.00144058	0.495876	0	0	0	0.234817	
0.681818	0.00742597	0	0.00145398	0.493227	0	0	0	0.232259	
0.679802	0.00749417	0	0.00146733	0.490592	0	0	0	0.22973	
0.677793	0.00756215	0	0.00148065	0.487973	0	0	0	0.227231	
0.675789	0.00762991	0	0.00149391	0.485368	0	0	0	0.22476	
0.673792	0.00769744	0	0.00150713	0.482777	0	0	0	0.222318	
0.6718	0.00776473	0	0.00152031	0.480201	0	0	0	0.219904	
0.669815	0.00783178	0	0.00153344	0.47764	0	0	0	0.217518	
0.667835	0.0078986	0	0.00154652	0.475093	0	0	0	0.215159	
0.665861	0.00796517	0	0.00155955	0.47256	0	0	0	0.212828	
0.663893	0.00803149	0	0.00157254	0.470042	0	0	0	0.210523	
0.661931	0.00809757	0	0.00158548	0.467537	0	0	0	0.208245	
0.659975	0.00816339	0	0.00159836	0.465047	0	0	0	0.205993	
0.658025	0.00822896	0	0.0016112	0.46257	0	0	0	0.203767	
0.656081	0.00829426	0	0.00162399	0.460107	0	0	0	0.201567	
0.654142	0.00835931	0	0.00163672	0.457658	0	0	0	0.199391	
0.652209	0.00842408	0	0.00164941	0.455223	0	0	0	0.197241	
0.650282	0.0084886	0	0.00166204	0.452801	0	0	0	0.195116	
0.648361	0.00855284	0	0.00167462	0.450393	0	0	0	0.193015	
0.646445	0.00861681	0	0.00168714	0.447998	0	0	0	0.190938	
0.644535	0.0086805	0	0.00169961	0.445616	0	0	0	0.188885	
0.642631	0.00874392	0	0.00171203	0.443248	0	0	0	0.186856	
0.640732	0.00880705	0	0.00172439	0.440893	0	0	0	0.18485	
0.63884	0.00886991	0	0.0017367	0.438551	0	0	0	0.182867	
0.636952	0.00893248	0	0.00174895	0.436222	0	0	0	0.180906	
0.635071	0.00899476	0	0.00176114	0.433906	0	0	0	0.178968	
0.633195	0.00905675	0	0.00177328	0.431602	0	0	0	0.177053	
0.631324	0.00911846	0	0.00178536	0.429312	0	0	0	0.175159	
0.62946	0.00917987	0	0.00179739	0.427034	0	0	0	0.173287	
0.6276	0.00924099	0	0.00180935	0.424769	0	0	0	0.171436	
0.625747	0.00930181	0	0.00182126	0.422517	0	0	0	0.169607	
0.623898	0.00936234	0	0.00183311	0.420277	0	0	0	0.167799	
0.622056	0.00942256	0	0.0018449	0.418049	0	0	0	0.166011	
0.620218	0.00948248	0	0.00185664	0.415834	0	0	0	0.164244	
0.618387	0.00954211	0	0.00186831	0.413631	0	0	0	0.162497	
0.61656	0.00960142	0	0.00187992	0.41144	0	0	0	0.16077	
0.61474	0.00966044	0	0.00189148	0.409262	0	0	0	0.159062	
0.612924	0.00971914	0	0.00190297	0.407095	0	0	0	0.157375	
0.611114	0.00977754	0	0.00191441	0.40494	0	0	0	0.155706	
0.609309	0.00983563	0	0.00192578	0.402798	0	0	0	0.154057	
0.60751	0.0098934	0	0.00193709	0.400667	0	0	0	0.152426	
0.605716	0.00995087	0	0.00194834	0.398547	0	0	0	0.150814	
0.603928	0.010008	0	0.00195953	0.39644	0	0	0	0.149221	
0.602145	0.0100649	0	0.00197066	0.394344	0	0	0	0.147645	
0.600367	0.0101214	0	0.00198173	0.39226	0	0	0	0.146088	
0.598594	0.0101776	0	0.00199273	0.390187	0	0	0	0.144548	
0.596827	0.0102335	0	0.00200368	0.388126	0	0	0	0.143026	
0.595065	0.0102891	0	0.00201456	0.386076	0	0	0	0.141521	
0.593308	0.0103443	0	0.00202538	0.384037	0	0	0	0.140034	
0.591556	0.0103993	0	0.00203614	0.38201	0	0	0	0.138563	
0.58981	0.0104539	0	0.00204683	0.379994	0	0	0	0.137109	
0.588068	0.0105082	0	0.00205746	0.377988	0	0	0	0.135672	
0.586332	0.0105622	0	0.00206803	0.375994	0	0	0	0.134251	
0.584602	0.0106158	0	0.00207854	0.374011	0	0	0	0.132846	
0.582876	0.0106691	0	0.00208898	0.372039	0	0	0	0.131458	
0.581155	0.0107222	0	0.00209936	0.370077	0	0	0	0.130085	
0.57944	0.0107749	0	0.00210967	0.368127	0	0	0	0.128727	
0.577729	0.0108272	0	0.00211993	0.366187	0	0	0	0.127385	
0.576024	0.0108793	0	0.00213012	0.364257	0	0	0	0.126059	
0.574324	0.010931	0	0.00214025	0.362339	0	0	0	0.124747	
0.572629	0.0109824	0	0.00215031	0.360431	0	0	0	0.12345	
0.570939	0.0110335	0	0.00216031	0.358533	0	0	0	0.122168	
0.569254	0.0110842	0	0.00217025	0.356646	0	0	0	0.120901	
0.567574	0.0111346	0	0.00218012	0.354769	0	0	0	0.119648	
0.565898	0.0111847	0	0.00218993	0.352902	0	0	0	0.118409	
0.564228	0.0112345	0	0.00219968	0.351045	0	0	0	0.117185	
0.562563	0.011284	0	0.00220936	0.349199	0	0	0	0.115974	
0.560903	0.0113331	0	0.00221898	0.347363	0	0	0	0.114777	
0.559248	0.0113819	0	0.00222854	0.345537	0	0	0	0.113593	
0.557598	0.0114304	0	0.00223803	0.343721	0	0	0	0.112423	
0.555952	0.0114786	0	0.00224746	0.341915	0	0	0	0.111267	
0.554312	0.0115264	0	0.00225683	0.340118	0	0	0	0.110123	
0.552676	0.011574	0	0.00226614	0.338332	0	0	0	0.108992	
