1	0	0	0	1	0	0	0	1	
0.997035	1.14197e-06	0	1.87304e-07	0.994067	0	0	0	0.989074	
0.994091	4.5157e-06	0	7.40939e-07	0.988206	0	0	0	0.978358	
0.991156	1.00687e-05	0	1.65202e-06	0.982382	0	0	0	0.967761	
0.98823	1.77441e-05	0	2.91121e-06	0.976596	0	0	0	0.957282	
0.985313	2.74866e-05	0	4.50946e-06	0.970847	0	0	0	0.946921	
0.982404	3.92426e-05	0	6.43796e-06	0.965135	0	0	0	0.936675	
0.979504	5.296e-05	0	8.68818e-06	0.95946	0	0	0	0.926544	
0.976614	6.85883e-05	0	1.12518e-05	0.953822	0	0	0	0.916525	
0.973731	8.60782e-05	0	1.41208e-05	0.94822	0	0	0	0.906619	
0.970858	0.000105382	0	1.72873e-05	0.942653	0	0	0	0.896822	
0.967993	0.000126453	0	2.07436e-05	0.937123	0	0	0	0.887135	
0.965137	0.000149245	0	2.44823e-05	0.931628	0	0	0	0.877556	
0.96229	0.000173715	0	2.84962e-05	0.926168	0	0	0	0.868084	
0.959451	0.000199819	0	3.27781e-05	0.920743	0	0	0	0.858717	
0.95662	0.000227516	0	3.73212e-05	0.915352	0	0	0	0.849455	
0.953799	0.000256764	0	4.21188e-05	0.909996	0	0	0	0.840296	
0.950985	0.000287524	0	4.71643e-05	0.904674	0	0	0	0.831238	
0.948181	0.000319756	0	5.24512e-05	0.899386	0	0	0	0.822282	
0.945384	0.000353422	0	5.79734e-05	0.894131	0	0	0	0.813424	
0.942596	0.000388485	0	6.37248e-05	0.88891	0	0	0	0.804666	
0.939817	0.000424908	0	6.96993e-05	0.883721	0	0	0	0.796005	
0.937046	0.000462657	0	7.58911e-05	0.878566	0	0	0	0.78744	
0.934283	0.000501696	0	8.22945e-05	0.873443	0	0	0	0.77897	
0.931528	0.000541991	0	8.8904e-05	0.868353	0	0	0	0.770594	
0.928782	0.000583509	0	9.57141e-05	0.863294	0	0	0	0.762312	
0.926044	0.000626217	0	0.000102719	0.858268	0	0	0	0.754121	
0.923315	0.000670084	0	0.000109915	0.853273	0	0	0	0.746021	
0.920593	0.000715079	0	0.000117295	0.84831	0	0	0	0.738011	
0.91788	0.00076117	0	0.000124855	0.843377	0	0	0	0.73009	
0.915175	0.000808329	0	0.000132591	0.838476	0	0	0	0.722257	
0.912478	0.000856526	0	0.000140496	0.833606	0	0	0	0.71451	
0.909789	0.000905732	0	0.000148567	0.828766	0	0	0	0.70685	
0.907108	0.000955919	0	0.000156799	0.823956	0	0	0	0.699274	
0.904435	0.00100706	0	0.000165188	0.819177	0	0	0	0.691782	
0.90177	0.00105913	0	0.000173728	0.814427	0	0	0	0.684374	
0.899114	0.0011121	0	0.000182416	0.809707	0	0	0	0.677047	
0.896465	0.00116594	0	0.000191248	0.805016	0	0	0	0.669802	
0.893824	0.00122063	0	0.000200219	0.800355	0	0	0	0.662636	
0.891191	0.00127615	0	0.000209325	0.795723	0	0	0	0.65555	
0.888566	0.00133247	0	0.000218563	0.791119	0	0	0	0.648543	
0.885949	0.00138956	0	0.000227928	0.786545	0	0	0	0.641612	
0.88334	0.00144741	0	0.000237416	0.781998	0	0	0	0.634759	
0.880738	0.00150599	0	0.000247024	0.77748	0	0	0	0.627981	
0.878144	0.00156527	0	0.000256748	0.77299	0	0	0	0.621279	
0.875559	0.00162524	0	0.000266585	0.768528	0	0	0	0.61465	
0.87298	0.00168587	0	0.00027653	0.764093	0	0	0	0.608094	
0.87041	0.00174715	0	0.000286581	0.759686	0	0	0	0.601611	
0.867847	0.00180905	0	0.000296734	0.755306	0	0	0	0.5952	
0.865292	0.00187155	0	0.000306986	0.750953	0	0	0	0.588859	
0.862745	0.00193463	0	0.000317333	0.746627	0	0	0	0.582589	
0.860205	0.00199828	0	0.000327772	0.742328	0	0	0	0.576387	
0.857672	0.00206246	0	0.0003383	0.738055	0	0	0	0.570254	
0.855148	0.00212717	0	0.000348914	0.733808	0	0	0	0.564189	
0.852631	0.00219239	0	0.000359611	0.729588	0	0	0	0.55819	
0.850121	0.00225809	0	0.000370388	0.725394	0	0	0	0.552258	
0.847619	0.00232426	0	0.000381242	0.721225	0	0	0	0.546391	
0.845124	0.00239089	0	0.00039217	0.717082	0	0	0	0.540589	
0.842637	0.00245795	0	0.000403169	0.712964	0	0	0	0.53485	
0.840158	0.00252542	0	0.000414237	0.708872	0	0	0	0.529175	
0.837685	0.0025933	0	0.00042537	0.704805	0	0	0	0.523563	
0.83522	0.00266156	0	0.000436567	0.700762	0	0	0	0.518012	
0.832763	0.00273019	0	0.000447824	0.696745	0	0	0	0.512522	
0.830312	0.00279918	0	0.000459139	0.692752	0	0	0	0.507093	
0.82787	0.0028685	0	0.00047051	0.688783	0	0	0	0.501723	
0.825434	0.00293815	0	0.000481934	0.684839	0	0	0	0.496413	
0.823006	0.0030081	0	0.000493408	0.680919	0	0	0	0.491161	
0.820584	0.00307835	0	0.00050493	0.677022	0	0	0	0.485967	
0.818171	0.00314888	0	0.000516499	0.67315	0	0	0	0.480829	
0.815764	0.00321967	0	0.000528111	0.669301	0	0	0	0.475749	
0.813364	0.00329072	0	0.000539764	0.665475	0	0	0	0.470724	
0.810972	0.003362	0	0.000551457	0.661673	0	0	0	0.465754	
0.808587	0.00343352	0	0.000563186	0.657893	0	0	0	0.460839	
0.806209	0.00350524	0	0.00057495	0.654137	0	0	0	0.455978	
0.803838	0.00357716	0	0.000586748	0.650404	0	0	0	0.45117	
0.801474	0.00364927	0	0.000598576	0.646693	0	0	0	0.446415	
0.799117	0.00372156	0	0.000610432	0.643005	0	0	0	0.441712	
0.796767	0.00379401	0	0.000622316	0.639339	0	0	0	0.437061	
0.794424	0.00386661	0	0.000634224	0.635695	0	0	0	0.432461	
0.792088	0.00393936	0	0.000646156	0.632073	0	0	0	0.427911	
0.789759	0.00401223	0	0.000658109	0.628473	0	0	0	0.423412	
0.787437	0.00408522	0	0.000670081	0.624895	0	0	0	0.418961	
0.785122	0.00415832	0	0.00068207	0.621339	0	0	0	0.414559	
0.782814	0.00423151	0	0.000694076	0.617804	0	0	0	0.410206	
0.780513	0.00430479	0	0.000706096	0.614291	0	0	0	0.4059	
0.778218	0.00437815	0	0.000718128	0.610798	0	0	0	0.401641	
0.77593	0.00445157	0	0.000730171	0.607327	0	0	0	0.397429	
0.77365	0.00452505	0	0.000742223	0.603876	0	0	0	0.393264	
0.771376	0.00459857	0	0.000754283	0.600447	0	0	0	0.389143	
0.769108	0.00467213	0	0.000766348	0.597038	0	0	0	0.385068	
0.766848	0.00474572	0	0.000778419	0.593649	0	0	0	0.381037	
0.764594	0.00481933	0	0.000790492	0.590281	0	0	0	0.377051	
0.762347	0.00489295	0	0.000802567	0.586933	0	0	0	0.373108	
0.760106	0.00496657	0	0.000814643	0.583605	0	0	0	0.369208	
0.757873	0.00504018	0	0.000826717	0.580297	0	0	0	0.365351	
0.755645	0.00511377	0	0.000838788	0.577009	0	0	0	0.361536	
0.753425	0.00518735	0	0.000850856	0.573741	0	0	0	0.357762	
0.751211	0.00526089	0	0.000862918	0.570492	0	0	0	0.35403	
0.749004	0.00533439	0	0.000874974	0.567263	0	0	0	0.350339	
0.746803	0.00540784	0	0.000887022	0.564053	0	0	0	0.346688	
0.744609	0.00548124	0	0.000899061	0.560862	0	0	0	0.343076	
0.742421	0.00555457	0	0.000911089	0.55769	0	0	0	0.339504	
0.74024	0.00562784	0	0.000923106	0.554537	0	0	0	0.335972	
0.738065	0.00570102	0	0.000935111	0.551404	0	0	0	0.332477	
0.735897	0.00577413	0	0.000947102	0.548288	0	0	0	0.329021	
0.733735	0.00584714	0	0.000959078	0.545192	0	0	0	0.325602	
0.731579	0.00592006	0	0.000971038	0.542113	0	0	0	0.322221	
0.72943	0.00599287	0	0.00098298	0.539054	0	0	0	0.318877	
0.727288	0.00606557	0	0.000994905	0.536012	0	0	0	0.315569	
0.725151	0.00613816	0	0.00100681	0.532988	0	0	0	0.312297	
0.723022	0.00621062	0	0.0010187	0.529983	0	0	0	0.30906	
0.720898	0.00628295	0	0.00103056	0.526995	0	0	0	0.305859	
0.718781	0.00635515	0	0.0010424	0.524025	0	0	0	0.302693	
0.71667	0.00642721	0	0.00105422	0.521073	0	0	0	0.299561	
0.714565	0.00649913	0	0.00106602	0.518138	0	0	0	0.296463	
0.712466	0.00657089	0	0.00107779	0.515221	0	0	0	0.293399	
0.710374	0.0066425	0	0.00108953	0.512321	0	0	0	0.290368	
0.708288	0.00671394	0	0.00110125	0.509438	0	0	0	0.28737	
0.706208	0.00678522	0	0.00111294	0.506572	0	0	0	0.284405	
0.704134	0.00685632	0	0.00112461	0.503723	0	0	0	0.281472	
0.702067	0.00692725	0	0.00113624	0.500891	0	0	0	0.278571	
0.700005	0.006998	0	0.00114784	0.498076	0	0	0	0.275701	
0.69795	0.00706856	0	0.00115942	0.495278	0	0	0	0.272863	
0.695901	0.00713893	0	0.00117096	0.492496	0	0	0	0.270055	
0.693857	0.0072091	0	0.00118247	0.48973	0	0	0	0.267278	
0.69182	0.00727908	0	0.00119395	0.486981	0	0	0	0.264531	
0.689789	0.00734885	0	0.00120539	0.484248	0	0	0	0.261814	
0.687764	0.00741841	0	0.0012168	0.481531	0	0	0	0.259126	
0.685745	0.00748776	0	0.00122818	0.47883	0	0	0	0.256467	
0.683732	0.0075569	0	0.00123952	0.476145	0	0	0	0.253838	
0.681725	0.00762581	0	0.00125082	0.473476	0	0	0	0.251236	
0.679724	0.00769451	0	0.00126209	0.470823	0	0	0	0.248663	
0.677728	0.00776297	0	0.00127332	0.468185	0	0	0	0.246118	
0.675739	0.0078312	0	0.00128451	0.465563	0	0	0	0.2436	
0.673756	0.0078992	0	0.00129566	0.462956	0	0	0	0.24111	
0.671778	0.00796697	0	0.00130678	0.460365	0	0	0	0.238646	
0.669806	0.00803449	0	0.00131785	0.457789	0	0	0	0.236209	
0.667841	0.00810176	0	0.00132889	0.455228	0	0	0	0.233799	
0.665881	0.00816879	0	0.00133988	0.452682	0	0	0	0.231415	
0.663926	0.00823557	0	0.00135084	0.45015	0	0	0	0.229056	
0.661978	0.0083021	0	0.00136175	0.447634	0	0	0	0.226723	
0.660035	0.00836837	0	0.00137262	0.445133	0	0	0	0.224415	
0.658098	0.00843438	0	0.00138344	0.442646	0	0	0	0.222132	
0.656167	0.00850013	0	0.00139423	0.440174	0	0	0	0.219874	
0.654242	0.00856562	0	0.00140497	0.437716	0	0	0	0.21764	
0.652322	0.00863084	0	0.00141567	0.435273	0	0	0	0.21543	
0.650408	0.00869579	0	0.00142632	0.432843	0	0	0	0.213244	
0.648499	0.00876047	0	0.00143693	0.430429	0	0	0	0.211082	
0.646596	0.00882488	0	0.00144749	0.428028	0	0	0	0.208943	
0.644699	0.00888901	0	0.00145801	0.425641	0	0	0	0.206827	
0.642808	0.00895286	0	0.00146849	0.423268	0	0	0	0.204734	
0.640922	0.00901643	0	0.00147891	0.42091	0	0	0	0.202664	
0.639041	0.00907972	0	0.00148929	0.418564	0	0	0	0.200615	
0.637167	0.00914272	0	0.00149963	0.416233	0	0	0	0.198589	
0.635297	0.00920544	0	0.00150992	0.413915	0	0	0	0.196585	
0.633434	0.00926787	0	0.00152016	0.411611	0	0	0	0.194602	
0.631575	0.00933002	0	0.00153035	0.40932	0	0	0	0.192641	
0.629723	0.00939187	0	0.00154049	0.407043	0	0	0	0.190701	
0.627875	0.00945343	0	0.00155059	0.404778	0	0	0	0.188782	
0.626034	0.00951469	0	0.00156064	0.402527	0	0	0	0.186883	
0.624197	0.00957566	0	0.00157064	0.400289	0	0	0	0.185005	
0.622366	0.00963633	0	0.00158059	0.398065	0	0	0	0.183147	
0.620541	0.0096967	0	0.00159049	0.395853	0	0	0	0.181309	
0.618721	0.00975677	0	0.00160035	0.393654	0	0	0	0.179491	
0.616906	0.00981654	0	0.00161015	0.391467	0	0	0	0.177692	
0.615097	0.00987601	0	0.0016199	0.389294	0	0	0	0.175913	
0.613293	0.00993517	0	0.00162961	0.387133	0	0	0	0.174152	
0.611494	0.00999404	0	0.00163926	0.384984	0	0	0	0.172411	
0.609701	0.0100526	0	0.00164887	0.382848	0	0	0	0.170688	
0.607913	0.0101108	0	0.00165842	0.380725	0	0	0	0.168984	
0.60613	0.0101688	0	0.00166793	0.378614	0	0	0	0.167298	
0.604352	0.0102264	0	0.00167738	0.376515	0	0	0	0.165631	
0.60258	0.0102837	0	0.00168678	0.374428	0	0	0	0.163981	
0.600813	0.0103408	0	0.00169613	0.372353	0	0	0	0.162349	
0.599051	0.0103975	0	0.00170543	0.370291	0	0	0	0.160734	
0.597295	0.0104539	0	0.00171468	0.36824	0	0	0	0.159137	
0.595543	0.0105099	0	0.00172388	0.366201	0	0	0	0.157557	
0.593797	0.0105657	0	0.00173303	0.364174	0	0	0	0.155994	
0.592056	0.0106212	0	0.00174213	0.362159	0	0	0	0.154447	
0.59032	0.0106763	0	0.00175117	0.360155	0	0	0	0.152917	
0.588589	0.0107312	0	0.00176017	0.358163	0	0	0	0.151404	
0.586864	0.0107857	0	0.00176911	0.356183	0	0	0	0.149907	
0.585143	0.0108399	0	0.001778	0.354214	0	0	0	0.148426	
0.583427	0.0108938	0	0.00178684	0.352256	0	0	0	0.14696	
0.581717	0.0109474	0	0.00179563	0.35031	0	0	0	0.145511	
0.580012	0.0110006	0	0.00180437	0.348374	0	0	0	0.144077	
0.578311	0.0110536	0	0.00181306	0.346451	0	0	0	0.142658	
0.576616	0.0111062	0	0.00182169	0.344538	0	0	0	0.141255	
0.574926	0.0111586	0	0.00183028	0.342636	0	0	0	0.139866	
0.57324	0.0112106	0	0.00183881	0.340745	0	0	0	0.138493	
0.57156	0.0112623	0	0.00184729	0.338865	0	0	0	0.137134	
0.569885	0.0113137	0	0.00185572	0.336996	0	0	0	0.135789	
0.568214	0.0113648	0	0.0018641	0.335138	0	0	0	0.134459	
0.566549	0.0114156	0	0.00187243	0.333291	0	0	0	0.133144	
0.564888	0.011466	0	0.0018807	0.331454	0	0	0	0.131842	
0.563232	0.0115162	0	0.00188893	0.329627	0	0	0	0.130554	
0.561581	0.011566	0	0.00189711	0.327812	0	0	0	0.129281	
0.559936	0.0116156	0	0.00190523	0.326007	0	0	0	0.12802	
0.558294	0.0116648	0	0.00191331	0.324212	0	0	0	0.126774	
0.556658	0.0117137	0	0.00192133	0.322427	0	0	0	0.12554	
0.555027	0.0117624	0	0.00192931	0.320653	0	0	0	0.12432	
