1	0	0	0	1	0	0	0	1	
0.997035	1.10892e-06	0	1.81883e-07	0.994067	0	0	0	0.989074	
0.994091	4.38666e-06	0	7.19765e-07	0.988205	0	0	0	0.978357	
0.991156	9.78537e-06	0	1.60553e-06	0.982381	0	0	0	0.96776	
0.988229	1.72526e-05	0	2.83059e-06	0.976594	0	0	0	0.957281	
0.985312	2.67375e-05	0	4.38657e-06	0.970845	0	0	0	0.946919	
0.982403	3.81903e-05	0	6.26533e-06	0.965133	0	0	0	0.936673	
0.979503	5.15627e-05	0	8.45895e-06	0.959457	0	0	0	0.926541	
0.976612	6.68076e-05	0	1.09597e-05	0.953818	0	0	0	0.916521	
0.97373	8.38791e-05	0	1.376e-05	0.948215	0	0	0	0.906614	
0.970857	0.000102732	0	1.68526e-05	0.942648	0	0	0	0.896817	
0.967992	0.000123324	0	2.02303e-05	0.937117	0	0	0	0.887129	
0.965135	0.00014561	0	2.3886e-05	0.931621	0	0	0	0.877549	
0.962288	0.00016955	0	2.7813e-05	0.92616	0	0	0	0.868076	
0.959449	0.000195104	0	3.20045e-05	0.920734	0	0	0	0.858709	
0.956618	0.00022223	0	3.64541e-05	0.915343	0	0	0	0.849445	
0.953796	0.000250891	0	4.11554e-05	0.909985	0	0	0	0.840285	
0.950983	0.000281049	0	4.61021e-05	0.904662	0	0	0	0.831226	
0.948178	0.000312665	0	5.12881e-05	0.899373	0	0	0	0.822269	
0.945381	0.000345705	0	5.67075e-05	0.894117	0	0	0	0.813411	
0.942593	0.000380131	0	6.23545e-05	0.888895	0	0	0	0.804651	
0.939814	0.00041591	0	6.82232e-05	0.883706	0	0	0	0.795989	
0.937042	0.000453008	0	7.43082e-05	0.878549	0	0	0	0.787423	
0.934279	0.00049139	0	8.0604e-05	0.873425	0	0	0	0.778952	
0.931525	0.000531024	0	8.71051e-05	0.868334	0	0	0	0.770575	
0.928778	0.000571879	0	9.38064e-05	0.863274	0	0	0	0.762292	
0.92604	0.000613922	0	0.000100703	0.858247	0	0	0	0.7541	
0.92331	0.000657124	0	0.000107789	0.853251	0	0	0	0.745999	
0.920589	0.000701453	0	0.00011506	0.848286	0	0	0	0.737988	
0.917875	0.000746881	0	0.000122511	0.843353	0	0	0	0.730066	
0.91517	0.000793378	0	0.000130138	0.838451	0	0	0	0.722232	
0.912473	0.000840917	0	0.000137936	0.833579	0	0	0	0.714485	
0.909784	0.000889468	0	0.000145899	0.828738	0	0	0	0.706823	
0.907103	0.000939005	0	0.000154025	0.823928	0	0	0	0.699247	
0.90443	0.000989502	0	0.000162308	0.819147	0	0	0	0.691754	
0.901765	0.00104093	0	0.000170743	0.814397	0	0	0	0.684345	
0.899108	0.00109327	0	0.000179328	0.809676	0	0	0	0.677017	
0.896459	0.00114649	0	0.000188057	0.804984	0	0	0	0.669771	
0.893818	0.00120056	0	0.000196927	0.800322	0	0	0	0.662605	
0.891185	0.00125547	0	0.000205933	0.795689	0	0	0	0.655518	
0.88856	0.00131119	0	0.000215072	0.791084	0	0	0	0.64851	
0.885942	0.00136769	0	0.00022434	0.786509	0	0	0	0.641579	
0.883333	0.00142495	0	0.000233732	0.781961	0	0	0	0.634725	
0.880731	0.00148296	0	0.000243247	0.777442	0	0	0	0.627946	
0.878137	0.00154168	0	0.000252878	0.772951	0	0	0	0.621243	
0.875551	0.0016011	0	0.000262624	0.768488	0	0	0	0.614614	
0.872973	0.00166119	0	0.000272481	0.764053	0	0	0	0.608058	
0.870402	0.00172193	0	0.000282445	0.759645	0	0	0	0.601574	
0.867839	0.00178331	0	0.000292512	0.755264	0	0	0	0.595162	
0.865284	0.0018453	0	0.000302681	0.75091	0	0	0	0.588821	
0.862736	0.00190789	0	0.000312946	0.746584	0	0	0	0.58255	
0.860196	0.00197105	0	0.000323306	0.742284	0	0	0	0.576348	
0.857664	0.00203476	0	0.000333756	0.73801	0	0	0	0.570215	
0.855139	0.00209901	0	0.000344295	0.733763	0	0	0	0.564149	
0.852622	0.00216378	0	0.000354918	0.729542	0	0	0	0.55815	
0.850112	0.00222904	0	0.000365623	0.725347	0	0	0	0.552218	
0.84761	0.00229479	0	0.000376407	0.721178	0	0	0	0.54635	
0.845115	0.002361	0	0.000387267	0.717034	0	0	0	0.540548	
0.842628	0.00242766	0	0.000398201	0.712916	0	0	0	0.534809	
0.840148	0.00249474	0	0.000409205	0.708823	0	0	0	0.529134	
0.837676	0.00256225	0	0.000420277	0.704755	0	0	0	0.523521	
0.835211	0.00263015	0	0.000431414	0.700713	0	0	0	0.51797	
0.832753	0.00269843	0	0.000442613	0.696695	0	0	0	0.512481	
0.830303	0.00276707	0	0.000453873	0.692701	0	0	0	0.507051	
0.82786	0.00283607	0	0.000465191	0.688732	0	0	0	0.501682	
0.825424	0.0029054	0	0.000476563	0.684787	0	0	0	0.496371	
0.822995	0.00297506	0	0.000487988	0.680867	0	0	0	0.491119	
0.820574	0.00304502	0	0.000499463	0.67697	0	0	0	0.485925	
0.81816	0.00311527	0	0.000510986	0.673097	0	0	0	0.480788	
0.815753	0.0031858	0	0.000522555	0.669247	0	0	0	0.475707	
0.813354	0.0032566	0	0.000534167	0.665422	0	0	0	0.470682	
0.810961	0.00332765	0	0.00054582	0.661619	0	0	0	0.465713	
0.808576	0.00339893	0	0.000557513	0.657839	0	0	0	0.460798	
0.806198	0.00347044	0	0.000569242	0.654083	0	0	0	0.455937	
0.803827	0.00354216	0	0.000581006	0.650349	0	0	0	0.451129	
0.801462	0.00361408	0	0.000592803	0.646638	0	0	0	0.446375	
0.799105	0.00368619	0	0.00060463	0.64295	0	0	0	0.441672	
0.796756	0.00375847	0	0.000616487	0.639284	0	0	0	0.437021	
0.794413	0.00383092	0	0.00062837	0.63564	0	0	0	0.432421	
0.792077	0.00390352	0	0.000640278	0.632018	0	0	0	0.427872	
0.789747	0.00397626	0	0.000652209	0.628418	0	0	0	0.423373	
0.787425	0.00404913	0	0.000664161	0.62484	0	0	0	0.418922	
0.78511	0.00412212	0	0.000676132	0.621283	0	0	0	0.414521	
0.782802	0.00419521	0	0.000688122	0.617748	0	0	0	0.410168	
0.7805	0.0042684	0	0.000700127	0.614235	0	0	0	0.405863	
0.778206	0.00434168	0	0.000712147	0.610742	0	0	0	0.401604	
0.775918	0.00441504	0	0.000724179	0.607271	0	0	0	0.397393	
0.773637	0.00448846	0	0.000736222	0.603821	0	0	0	0.393227	
0.771363	0.00456194	0	0.000748274	0.600391	0	0	0	0.389108	
0.769096	0.00463547	0	0.000760334	0.596982	0	0	0	0.385033	
0.766835	0.00470903	0	0.0007724	0.593593	0	0	0	0.381003	
0.764581	0.00478262	0	0.000784471	0.590225	0	0	0	0.377017	
0.762334	0.00485624	0	0.000796546	0.586877	0	0	0	0.373074	
0.760093	0.00492986	0	0.000808622	0.58355	0	0	0	0.369175	
0.75786	0.00500349	0	0.000820698	0.580242	0	0	0	0.365319	
0.755632	0.00507711	0	0.000832773	0.576954	0	0	0	0.361504	
0.753412	0.00515071	0	0.000844846	0.573686	0	0	0	0.357731	
0.751198	0.00522429	0	0.000856915	0.570437	0	0	0	0.354	
0.74899	0.00529784	0	0.000868979	0.567208	0	0	0	0.350309	
0.74679	0.00537136	0	0.000881037	0.563998	0	0	0	0.346659	
0.744595	0.00544482	0	0.000893087	0.560808	0	0	0	0.343048	
0.742408	0.00551823	0	0.000905128	0.557636	0	0	0	0.339477	
0.740226	0.00559158	0	0.000917159	0.554484	0	0	0	0.335945	
0.738051	0.00566486	0	0.000929179	0.55135	0	0	0	0.332451	
0.735883	0.00573807	0	0.000941186	0.548235	0	0	0	0.328995	
0.733721	0.00581119	0	0.00095318	0.545138	0	0	0	0.325578	
0.731566	0.00588422	0	0.000965159	0.542061	0	0	0	0.322197	
0.729417	0.00595716	0	0.000977122	0.539001	0	0	0	0.318853	
0.727274	0.00602999	0	0.000989069	0.53596	0	0	0	0.315546	
0.725138	0.00610272	0	0.001001	0.532936	0	0	0	0.312275	
0.723008	0.00617532	0	0.00101291	0.529931	0	0	0	0.309039	
0.720884	0.00624781	0	0.0010248	0.526944	0	0	0	0.305839	
0.718767	0.00632017	0	0.00103666	0.523974	0	0	0	0.302673	
0.716655	0.00639239	0	0.00104851	0.521022	0	0	0	0.299542	
0.714551	0.00646448	0	0.00106033	0.518088	0	0	0	0.296445	
0.712452	0.00653642	0	0.00107213	0.515171	0	0	0	0.293382	
0.71036	0.00660821	0	0.00108391	0.512271	0	0	0	0.290352	
0.708274	0.00667985	0	0.00109566	0.509389	0	0	0	0.287355	
0.706194	0.00675132	0	0.00110738	0.506523	0	0	0	0.284391	
0.70412	0.00682263	0	0.00111908	0.503675	0	0	0	0.281458	
0.702052	0.00689376	0	0.00113075	0.500843	0	0	0	0.278558	
0.699991	0.00696472	0	0.00114239	0.498029	0	0	0	0.275689	
0.697935	0.0070355	0	0.00115399	0.49523	0	0	0	0.272852	
0.695886	0.00710609	0	0.00116557	0.492449	0	0	0	0.270045	
0.693843	0.00717649	0	0.00117712	0.489684	0	0	0	0.267268	
0.691806	0.0072467	0	0.00118864	0.486935	0	0	0	0.264522	
0.689775	0.0073167	0	0.00120012	0.484202	0	0	0	0.261806	
0.68775	0.00738651	0	0.00121157	0.481486	0	0	0	0.259119	
0.68573	0.0074561	0	0.00122298	0.478786	0	0	0	0.256461	
0.683717	0.00752548	0	0.00123436	0.476101	0	0	0	0.253832	
0.68171	0.00759465	0	0.00124571	0.473433	0	0	0	0.251232	
0.679709	0.0076636	0	0.00125702	0.47078	0	0	0	0.248659	
0.677714	0.00773232	0	0.00126829	0.468142	0	0	0	0.246115	
0.675724	0.00780082	0	0.00127953	0.465521	0	0	0	0.243598	
0.673741	0.00786908	0	0.00129072	0.462914	0	0	0	0.241108	
0.671763	0.00793712	0	0.00130188	0.460323	0	0	0	0.238646	
0.669792	0.00800491	0	0.001313	0.457748	0	0	0	0.23621	
0.667826	0.00807246	0	0.00132408	0.455187	0	0	0	0.2338	
0.665866	0.00813977	0	0.00133512	0.452641	0	0	0	0.231417	
0.663911	0.00820683	0	0.00134612	0.450111	0	0	0	0.229059	
0.661963	0.00827363	0	0.00135708	0.447595	0	0	0	0.226727	
0.66002	0.00834019	0	0.00136799	0.445094	0	0	0	0.22442	
0.658083	0.00840649	0	0.00137887	0.442608	0	0	0	0.222137	
0.656152	0.00847252	0	0.0013897	0.440136	0	0	0	0.21988	
0.654227	0.0085383	0	0.00140049	0.437679	0	0	0	0.217647	
0.652307	0.00860381	0	0.00141123	0.435236	0	0	0	0.215438	
0.650393	0.00866905	0	0.00142194	0.432807	0	0	0	0.213253	
0.648484	0.00873403	0	0.00143259	0.430393	0	0	0	0.211091	
0.646581	0.00879873	0	0.00144321	0.427993	0	0	0	0.208953	
0.644684	0.00886315	0	0.00145377	0.425607	0	0	0	0.206838	
0.642793	0.0089273	0	0.00146429	0.423234	0	0	0	0.204746	
0.640907	0.00899117	0	0.00147477	0.420876	0	0	0	0.202676	
0.639026	0.00905476	0	0.0014852	0.418531	0	0	0	0.200629	
0.637151	0.00911806	0	0.00149558	0.4162	0	0	0	0.198603	
0.635282	0.00918108	0	0.00150592	0.413883	0	0	0	0.1966	
0.633418	0.0092438	0	0.00151621	0.411579	0	0	0	0.194618	
0.63156	0.00930624	0	0.00152645	0.409289	0	0	0	0.192657	
0.629707	0.00936839	0	0.00153664	0.407012	0	0	0	0.190718	
0.62786	0.00943025	0	0.00154679	0.404748	0	0	0	0.188799	
0.626018	0.00949181	0	0.00155689	0.402498	0	0	0	0.186901	
0.624182	0.00955307	0	0.00156693	0.40026	0	0	0	0.185023	
0.622351	0.00961403	0	0.00157693	0.398036	0	0	0	0.183166	
0.620526	0.0096747	0	0.00158688	0.395824	0	0	0	0.181329	
0.618705	0.00973506	0	0.00159679	0.393626	0	0	0	0.179511	
0.616891	0.00979513	0	0.00160664	0.39144	0	0	0	0.177713	
0.615081	0.00985488	0	0.00161644	0.389267	0	0	0	0.175934	
0.613277	0.00991434	0	0.00162619	0.387106	0	0	0	0.174175	
0.611479	0.00997348	0	0.00163589	0.384958	0	0	0	0.172434	
0.609685	0.0100323	0	0.00164554	0.382823	0	0	0	0.170712	
0.607897	0.0100909	0	0.00165514	0.3807	0	0	0	0.169008	
0.606114	0.0101491	0	0.00166469	0.378589	0	0	0	0.167323	
0.604337	0.010207	0	0.00167419	0.37649	0	0	0	0.165656	
0.602565	0.0102646	0	0.00168364	0.374404	0	0	0	0.164006	
0.600798	0.0103219	0	0.00169304	0.37233	0	0	0	0.162375	
0.599036	0.0103788	0	0.00170238	0.370268	0	0	0	0.160761	
0.597279	0.0104355	0	0.00171167	0.368217	0	0	0	0.159164	
0.595528	0.0104919	0	0.00172092	0.366179	0	0	0	0.157584	
0.593782	0.0105479	0	0.00173011	0.364152	0	0	0	0.156021	
0.592041	0.0106036	0	0.00173925	0.362137	0	0	0	0.154475	
0.590305	0.010659	0	0.00174833	0.360134	0	0	0	0.152946	
0.588574	0.0107141	0	0.00175737	0.358143	0	0	0	0.151433	
0.586848	0.0107688	0	0.00176635	0.356163	0	0	0	0.149936	
0.585128	0.0108233	0	0.00177528	0.354194	0	0	0	0.148455	
0.583412	0.0108774	0	0.00178416	0.352237	0	0	0	0.14699	
0.581702	0.0109312	0	0.00179299	0.350291	0	0	0	0.145541	
0.579996	0.0109847	0	0.00180176	0.348356	0	0	0	0.144107	
0.578296	0.0110379	0	0.00181048	0.346432	0	0	0	0.142688	
0.5766	0.0110908	0	0.00181915	0.34452	0	0	0	0.141285	
0.57491	0.0111433	0	0.00182777	0.342618	0	0	0	0.139897	
0.573225	0.0111955	0	0.00183634	0.340728	0	0	0	0.138523	
0.571544	0.0112474	0	0.00184485	0.338848	0	0	0	0.137165	
0.569869	0.011299	0	0.00185331	0.33698	0	0	0	0.13582	
0.568199	0.0113503	0	0.00186172	0.335122	0	0	0	0.13449	
0.566533	0.0114013	0	0.00187008	0.333274	0	0	0	0.133175	
0.564872	0.0114519	0	0.00187838	0.331438	0	0	0	0.131873	
0.563217	0.0115022	0	0.00188664	0.329612	0	0	0	0.130586	
0.561566	0.0115522	0	0.00189484	0.327796	0	0	0	0.129312	
0.55992	0.0116019	0	0.00190299	0.325991	0	0	0	0.128051	
0.558279	0.0116513	0	0.00191109	0.324197	0	0	0	0.126804	
0.556643	0.0117003	0	0.00191913	0.322412	0	0	0	0.125571	
0.555011	0.0117491	0	0.00192713	0.320638	0	0	0	0.124351	
