0.000000000000000000e+00 -0.000000000000000000e+00 4.000000000000000000e+00 4.000000000000000000e+00
1.010101010101010187e-02 -5.101463323571580618e-05 4.000042512094209357e+00 4.000042512094209357e+00
2.020202020202020374e-02 -2.040517020488297033e-04 4.000170041482686401e+00 4.000170041482686401e+00
3.030303030303030387e-02 -4.590907185681544116e-04 4.000382567487792862e+00 4.000382567487792862e+00
4.040404040404040747e-02 -8.160975523701450695e-04 4.000680055662827250e+00 4.000680055662827250e+00
5.050505050505051108e-02 -1.275024454493775116e-03 4.001062457816044748e+00 4.001062457816044748e+00
6.060606060606060774e-02 -1.835810091005892061e-03 4.001529712044227693e+00 4.001529712044227693e+00
7.070707070707071829e-02 -2.498379586061786999e-03 4.002081742775756013e+00 4.002081742775756013e+00
8.080808080808081495e-02 -3.262644574390187197e-03 4.002718460823095903e+00 4.002718460823095903e+00
9.090909090909091161e-02 -4.128503263116615682e-03 4.003439763444636590e+00 4.003439763444636590e+00
1.010101010101010222e-01 -5.095840502823949930e-03 4.004245534415762364e+00 4.004245534415762364e+00
1.111111111111111188e-01 -6.164527867734329210e-03 4.005135644109043547e+00 4.005135644109043547e+00
1.212121212121212155e-01 -7.334423744882142583e-03 4.006109949583431806e+00 4.006109949583431806e+00
1.313131313131313260e-01 -8.605373432133703315e-03 4.007168294682289300e+00 4.007168294682289300e+00
1.414141414141414366e-01 -9.977209244895765897e-03 4.008310510140117522e+00 4.008310510140117522e+00
1.515151515151515194e-01 -1.144975063134173743e-02 4.009536413697803781e+00 4.009536413697803781e+00
1.616161616161616299e-01 -1.302280429597186401e-02 4.010845810226201458e+00 4.010845810226201458e+00
1.717171717171717404e-01 -1.469616433131141695e-02 4.012238491857850420e+00 4.012238491857850420e+00
1.818181818181818232e-01 -1.646961235753949260e-02 4.013714238126629752e+00 4.013714238126629752e+00
1.919191919191919338e-01 -1.834291766982986197e-02 4.015272816115126986e+00 4.015272816115126986e+00
2.020202020202020443e-01 -2.031583739317487439e-02 4.016913980609484902e+00 4.016913980609484902e+00
2.121212121212121271e-01 -2.238811664445389954e-02 4.018637474261502085e+00 4.018637474261502085e+00
2.222222222222222376e-01 -2.455948870149832902e-02 4.020443027757727883e+00 4.020443027757727883e+00
2.323232323232323482e-01 -2.682967517889696396e-02 4.022330359995297755e+00 4.022330359995297755e+00
2.424242424242424310e-01 -2.919838621027759373e-02 4.024299178264251431e+00 4.024299178264251431e+00
2.525252525252525415e-01 -3.166532063679380199e-02 4.026349178436054110e+00 4.026349178436054110e+00
2.626262626262626521e-01 -3.423016620153924300e-02 4.028480045158046252e+00 4.028480045158046252e+00
2.727272727272727626e-01 -3.689259974960631266e-02 4.030691452053541290e+00 4.030691452053541290e+00
2.828282828282828731e-01 -3.965228743350098645e-02 4.032983061927281732e+00 4.032983061927281732e+00
2.929292929292929282e-01 -4.250888492362133592e-02 4.035354526975957867e+00 4.035354526975957867e+00
3.030303030303030387e-01 -4.546203762350383565e-02 4.037805489003499559e+00 4.037805489003499559e+00
3.131313131313131493e-01 -4.851138088953844268e-02 4.040335579640832897e+00 4.040335579640832897e+00
3.232323232323232598e-01 -5.165654025485168221e-02 4.042944420569813957e+00 4.042944420569813957e+00
3.333333333333333703e-01 -5.489713165705532860e-02 4.045631623751022587e+00 4.045631623751022587e+00
3.434343434343434809e-01 -5.823276166955729249e-02 4.048396791655125782e+00 4.048396791655125782e+00
3.535353535353535914e-01 -6.166302773613156762e-02 4.051239517497496223e+00 4.051239517497496223e+00
3.636363636363636465e-01 -6.518751840844480561e-02 4.054159385475795574e+00 4.054159385475795574e+00
3.737373737373737570e-01 -6.880581358623742705e-02 4.057155971010208972e+00 4.057155971010208972e+00
3.838383838383838675e-01 -7.251748475985986264e-02 4.060228840986035870e+00 4.060228840986035870e+00
3.939393939393939781e-01 -7.632209525486680080e-02 4.063377553998348546e+00 4.063377553998348546e+00
4.040404040404040886e-01 -8.021920047837455270e-02 4.066601660598403001e+00 4.066601660598403001e+00
4.141414141414141992e-01 -8.420834816689128088e-02 4.069900703541535769e+00 4.069900703541535769e+00
4.242424242424242542e-01 -8.828907863533269618e-02 4.073274218036239347e+00 4.073274218036239347e+00
4.343434343434343647e-01 -9.246092502694154558e-02 4.076721731994151554e+00 4.076721731994151554e+00
4.444444444444444753e-01 -9.672341356383308553e-02 4.080242766280663069e+00 4.080242766280663069e+00
4.545454545454545858e-01 -1.010760637978952575e-01 4.083836834965891782e+00 4.083836834965891782e+00
4.646464646464646964e-01 -1.055183888617771820e-01 4.087503445575737082e+00 4.087503445575737082e+00
4.747474747474748069e-01 -1.100498957197066918e-01 4.091242099342772498e+00 4.091242099342772498e+00
4.848484848484848619e-01 -1.146700854178833717e-01 4.095052291456712901e+00 4.095052291456712901e+00
4.949494949494949725e-01 -1.193784533342017312e-01 4.098933511314210243e+00 4.098933511314210243e+00
5.050505050505050830e-01 -1.241744894270646049e-01 4.102885242767750462e+00 4.102885242767750462e+00
5.151515151515152491e-01 -1.290576784830563539e-01 4.106906964373403746e+00 4.106906964373403746e+00
5.252525252525253041e-01 -1.340275003632517836e-01 4.110998149637210552e+00 4.110998149637210552e+00
5.353535353535353591e-01 -1.390834302479452833e-01 4.115158267260002667e+00 4.115158267260002667e+00
5.454545454545455252e-01 -1.442249388795926179e-01 4.119386781380423024e+00 4.119386781380423024e+00
5.555555555555555802e-01 -1.494514928037658508e-01 4.123683151815970227e+00 4.123683151815970227e+00
5.656565656565657463e-01 -1.547625546079318404e-01 4.128046834301867030e+00 4.128046834301867030e+00
5.757575757575758013e-01 -1.601575831578701259e-01 4.132477280727568036e+00 4.132477280727568036e+00
5.858585858585858563e-01 -1.656360338315589209e-01 4.136973939370735209e+00 4.136973939370735209e+00
5.959595959595960224e-01 -1.711973587503622662e-01 4.141536255128528410e+00 4.141536255128528410e+00
6.060606060606060774e-01 -1.768410070073629659e-01 4.146163669746024460e+00 4.146163669746024460e+00
6.161616161616162435e-01 -1.825664248926945621e-01 4.150855622041655479e+00 4.150855622041655479e+00
6.262626262626262985e-01 -1.883730561157314631e-01 4.155611548129495958e+00 4.155611548129495958e+00
6.363636363636364646e-01 -1.942603420240095746e-01 4.160430881638285783e+00 4.160430881638285783e+00
6.464646464646465196e-01 -2.002277218187530350e-01 4.165313053927063081e+00 4.165313053927063081e+00
6.565656565656565746e-01 -2.062746327668971702e-01 4.170257494297294976e+00 4.170257494297294976e+00
6.666666666666667407e-01 -2.124005104094995600e-01 4.175263630201390797e+00 4.175263630201390797e+00
6.767676767676767957e-01 -2.186047887664450962e-01 4.180330887447524901e+00 4.180330887447524901e+00
6.868686868686869618e-01 -2.248869005373566043e-01 4.185458690400658099e+00 4.185458690400658099e+00
6.969696969696970168e-01 -2.312462772986297876e-01 4.190646462179683951e+00 4.190646462179683951e+00
7.070707070707071829e-01 -2.376823496965212446e-01 4.195893624850637771e+00 4.195893624850637771e+00
7.171717171717172379e-01 -2.441945476362237522e-01 4.201199599615888403e+00 4.201199599615888403e+00
7.272727272727272929e-01 -2.507823004668738309e-01 4.206563806999266575e+00 4.206563806999266575e+00
7.373737373737374590e-01 -2.574450371624391609e-01 4.211985667027077440e+00 4.211985667027077440e+00
7.474747474747475140e-01 -2.641821864984445489e-01 4.217464599404950221e+00 4.217464599404950221e+00
7.575757575757576801e-01 -2.709931772245023907e-01 4.223000023690496540e+00 4.223000023690496540e+00
7.676767676767677351e-01 -2.778774382326147374e-01 4.228591359461742805e+00 4.228591359461742805e+00
7.777777777777777901e-01 -2.848343987212287320e-01 4.234238026481317085e+00 4.234238026481317085e+00
7.878787878787879562e-01 -2.918634883550261794e-01 4.239939444856371864e+00 4.239939444856371864e+00
7.979797979797980112e-01 -2.989641374204383140e-01 4.245695035194235523e+00 4.245695035194235523e+00
8.080808080808081773e-01 -3.061357769768819348e-01 4.251504218753789033e+00 4.251504218753789033e+00
8.181818181818182323e-01 -3.133778390037165740e-01 4.257366417592559849e+00 4.257366417592559849e+00
8.282828282828283983e-01 -3.206897565429310260e-01 4.263281054709556095e+00 4.263281054709556095e+00
8.383838383838384534e-01 -3.280709638375698400e-01 4.269247554183836613e+00 4.269247554183836613e+00
8.484848484848485084e-01 -3.355208964659164850e-01 4.275265341308839950e+00 4.275265341308839950e+00
8.585858585858586745e-01 -3.430389914714547239e-01 4.281333842722498950e+00 4.281333842722498950e+00
8.686868686868687295e-01 -3.506246874886330134e-01 4.287452486533156026e+00 4.287452486533156026e+00
8.787878787878788955e-01 -3.582774248644633452e-01 4.293620702441316439e+00 4.293620702441316439e+00
8.888888888888889506e-01 -3.659966457759860070e-01 4.299837921857272427e+00 4.299837921857272427e+00
8.989898989898991166e-01 -3.737817943436390067e-01 4.306103578014629285e+00 4.306103578014629285e+00
9.090909090909091717e-01 -3.816323167405729078e-01 4.312417106079786677e+00 4.312417106079786677e+00
9.191919191919192267e-01 -3.895476612979556497e-01 4.318777943257400942e+00 4.318777943257400942e+00
9.292929292929293927e-01 -3.975272786063120400e-01 4.325185528891901221e+00 4.325185528891901221e+00
9.393939393939394478e-01 -4.055706216129515429e-01 4.331639304565078064e+00 4.331639304565078064e+00
9.494949494949496138e-01 -4.136771457155353771e-01 4.338138714189827994e+00 4.338138714189827994e+00
9.595959595959596689e-01 -4.218463088518356607e-01 4.344683204100085128e+00 4.344683204100085128e+00
9.696969696969697239e-01 -4.300775715857481640e-01 4.351272223137010897e+00 4.351272223137010897e+00
9.797979797979798899e-01 -4.383703971896152907e-01 4.357905222731499606e+00 4.357905222731499606e+00
9.898989898989899450e-01 -4.467242517229195187e-01 4.364581656983050451e+00 4.364581656983050451e+00
1.000000000000000000e+00 -4.551386041074136357e-01 4.371300982735085938e+00 4.371300982735085938e+00
