0.000000000000000000e+00 0.000000000000000000e+00 1.485914026140034219e-02 -5.046835613889100221e-16 0.000000000000000000e+00 -8.361137851426060600e-17 -3.141592653589791340e+00 0.000000000000000000e+00 3.162606651272665381e+00 8.361137851426060600e-17
1.010101010101010187e-02 9.596791691592005400e-18 1.459782860593924689e-02 -2.618028885165846436e-16 -4.658628270339446930e-18 1.371510467392997565e-16 -3.141632720296767101e+00 8.391706732459418134e-18 3.162435258642737779e+00 -1.890552029838919981e-16
2.020202020202020374e-02 -9.361036921865532293e-18 1.433924651546289106e-02 5.491875087149328755e-16 1.256679256370164037e-18 -1.682410872161667368e-16 -3.141752913944954706e+00 1.110422548834864353e-17 3.162345596393915326e+00 -1.449041617049270126e-17
3.030303030303030387e-02 -2.590580018772476786e-18 1.408343749847494782e-02 -2.571594130926975980e-17 -1.247806586247672082e-17 -1.165425850489343184e-16 -3.141953215116445097e+00 1.901411565299864171e-18 3.162337640347455903e+00 -3.210257842193783099e-17
4.040404040404040747e-02 2.195111548184008106e-17 1.383044349842745685e-02 -4.588725723194796638e-16 -2.757071067489065630e-17 2.124491691697462392e-16 -3.142233591449123509e+00 1.263651250177304789e-17 3.162411353221359356e+00 -7.541253348219687280e-17
5.050505050505051108e-02 9.196752337609061018e-18 1.358030476617569891e-02 -1.021007849633031365e-15 1.126680874790308212e-17 -4.025112554819478921e-16 -3.142593997638196690e+00 -3.422812583030010351e-17 3.162566684637746039e+00 -8.934289948379436763e-17
6.060606060606060774e-02 -8.381777737746499565e-18 1.333305973861385364e-02 1.049069938973308296e-15 -4.267415515738208564e-17 -1.322107872319647133e-17 -3.143034375438467531e+00 1.460666530812823257e-17 3.162803571130893943e+00 1.759064144650133557e-16
7.070707070707071829e-02 3.507409520319847568e-17 1.308874492422473605e-02 -4.044953543135305915e-16 -7.021479616264513416e-18 -9.392430764145112392e-17 -3.143554653667252285e+00 1.601242093044501865e-17 3.163121936155861569e+00 -1.973876113264554374e-16
8.080808080808081495e-02 8.356542030924152997e-17 1.284739479628183891e-02 7.510043989863773113e-16 -3.973939775338274238e-17 2.458884095231288775e-16 -3.144154748208043415e+00 -6.137839178298429798e-17 3.163521690097764960e+00 3.449787454819716942e-16
9.090909090909091161e-02 7.140321636183030179e-17 1.260904169430130534e-02 -1.499426165931022309e-16 2.030168567979108285e-17 3.018650292731850954e-16 -3.144834562014943824e+00 7.717439642555633721e-17 3.164002730281774145e+00 1.870562638791932874e-16
1.010101010101010222e-01 -2.320483653647342139e-17 1.237371573431145753e-02 4.071319275559059009e-16 1.375496803046259553e-17 7.503544202799460748e-17 -3.145593985117942637e+00 -5.746719816938188065e-17 3.164564940983851660e+00 -5.024532922219654894e-16
1.111111111111111188e-01 -7.704263710919898816e-18 1.214144472842203053e-02 -2.997158378046464232e-16 2.575403676126712892e-18 2.961518109231491504e-16 -3.146432894629101362e+00 1.377941434536066514e-18 3.165208193442302864e+00 5.898677375790999423e-17
1.212121212121212155e-01 -1.263281370329452111e-17 1.191225411406002070e-02 -1.045798335260338158e-15 4.939430280266090945e-17 5.800786756289550457e-17 -3.147351154749708613e+00 -1.940084944101759940e-17 3.165932345870240194e+00 -3.401250157715043157e-16
1.313131313131313260e-01 -7.039436271066808983e-17 1.168616689318951844e-02 -6.716427345085327579e-16 1.529783854388630668e-17 -4.246693042756368386e-20 -3.148348616778469555e+00 -6.488884987698516877e-17 3.166737243468965790e+00 -4.625514489799867050e-16
1.414141414141414366e-01 -1.095804067638369738e-16 1.146320358171551944e-02 1.439861299016846158e-16 -7.964100231616469560e-17 3.853534157475501988e-16 -3.149425119120881522e+00 -6.870588261508288742e-17 3.167622718442463459e+00 -8.565170806605438739e-17
1.515151515151515194e-01 -5.418811416504789284e-17 1.124338216921343114e-02 9.472411775780035232e-16 -2.234981134625195334e-17 7.444648255978573579e-16 -3.150580487299819321e+00 -3.166518168795644195e-17 3.168588590012999973e+00 -1.882436136616611058e-16
1.616161616161616299e-01 -2.622105355481328223e-18 1.102671808898444440e-02 -7.565997229449410769e-16 -6.914075838552676145e-17 3.536465653638719680e-19 -3.151814533967463028e+00 -2.253233402405194708e-17 3.169634664437969818e+00 1.852343186722254548e-16
1.717171717171717404e-01 2.175196154461899366e-16 1.081322419843787179e-02 -1.323743775736144240e-16 1.763226134651916150e-17 3.279293391955898145e-16 -3.153127058918720582e+00 6.573047383180057279e-17 3.170760735028127719e+00 7.444991343250427716e-17
1.818181818181818232e-01 -1.012994218633966769e-16 1.060291076961862589e-02 -6.044540443759497414e-16 1.978626613138684726e-17 1.256625676255067947e-16 -3.154517849106158955e+00 7.295944782839674987e-17 3.171966582167280890e+00 -4.492022184622369299e-16
1.919191919191919338e-01 8.685094963198240785e-17 1.039578548970904355e-02 -2.780327952904326449e-16 -2.078195336088424033e-17 2.033438384112243409e-16 -3.155986678656719668e+00 6.527152248456286288e-18 3.173251973333559128e+00 -6.063976584555663251e-16
2.020202020202020443e-01 -2.074510775857887423e-17 1.019185347121222100e-02 -9.599606420297793471e-16 1.146035577635070362e-17 1.117880961388300587e-16 -3.157533308890160928e+00 1.383786038177889350e-16 3.174616663122437288e+00 1.809329828851925157e-16
2.121212121212121271e-01 1.781193091946520243e-16 9.991117271465696156e-03 -7.647557705890134460e-16 -1.712260162215622803e-16 1.986988829077980047e-16 -3.159157488339559450e+00 -7.155438089925822884e-17 3.176060393271594950e+00 -2.384030346292453185e-16
2.222222222222222376e-01 2.107835924017942025e-17 9.793576921099006113e-03 1.618680438915619400e-15 -2.344078978231550758e-16 1.264555483414750442e-16 -3.160858952773860420e+00 2.574798731419041238e-16 3.177582892687805582e+00 -1.451051164229241006e-16
2.323232323232323482e-01 1.518774638305060685e-16 9.599229960955888569e-03 3.397356149179864952e-16 3.508325764232588423e-17 3.774737559890471914e-16 -3.162637425222691867e+00 1.821713220149635165e-16 3.179183877475934672e+00 -4.853154938258098542e-17
2.424242424242424310e-01 -9.388207757752926674e-17 9.408071487008097533e-03 2.216845070871919320e-18 -1.194316455628343200e-19 -2.906880660275216011e-16 -3.164492616003595771e+00 -9.381258442889962936e-17 3.180863050970265782e+00 -2.207629756658181960e-16
2.525252525252525415e-01 1.610823215257161038e-16 9.220094202684141899e-03 8.628903796841778958e-16 1.500451103425212953e-16 8.464697350798238738e-17 -3.166424222751807349e+00 1.989865223288387442e-16 3.182620103768247777e+00 3.336382501709200553e-17
2.626262626262626521e-01 -1.296466604081908061e-16 9.035288478084472011e-03 -5.944604234432684198e-16 1.489846250925591023e-17 -2.996255878062990900e-17 -3.168431930452753953e+00 -9.361867935046509156e-17 3.184454713766887490e+00 -1.792899002685110143e-16
2.727272727272727626e-01 -5.769692767980022628e-17 8.853642415460254850e-03 8.615755338664022496e-16 5.197478867647114776e-17 5.742602493046655971e-16 -3.170515411477447199e+00 -1.939569613486159998e-16 3.186366546201885086e+00 1.694246597493000033e-16
2.828282828282828731e-01 -1.482284929736029932e-16 8.675141920361598494e-03 -4.580001829135277042e-16 -2.264373177894921096e-16 1.687506072425895478e-17 -3.172674325620909119e+00 3.712915315954204078e-17 3.188355253689719948e+00 -6.565025616633010877e-18
2.929292929292929282e-01 9.198973452626533867e-17 8.499770777830852053e-03 -4.762213783830869128e-16 -1.136260817423753486e-16 1.553911592427554416e-16 -3.174908320143821516e+00 -2.580183238941001920e-16 3.190420476272838979e+00 1.182524677961485385e-16
3.030303030303030387e-01 2.142068948661796830e-16 8.327510733031355875e-03 -4.447993438113384413e-16 1.061832032348518609e-16 -1.814009393704643237e-16 -3.177217029817550387e+00 1.605485743578172299e-16 3.192561841468127604e+00 1.259713021668900633e-16
3.131313131313131493e-01 -7.019121038469788535e-17 8.158341575685009589e-03 4.168780570770352517e-16 2.548806841582917615e-17 5.998964011255028621e-16 -3.179600076972748379e+00 -1.260361440601150906e-17 3.194778964318795378e+00 -1.470825038254918524e-16
3.232323232323232598e-01 1.037723314745570293e-16 7.992241227717033353e-03 -4.261824721353540790e-16 -2.213873073579619464e-16 -6.596483547178301543e-16 -3.182057071551687155e+00 -3.441675733568587409e-17 3.197071447449943093e+00 -1.610034845671001703e-16
3.333333333333333703e-01 1.561039863890526444e-16 7.829185833510155651e-03 9.892457097852829429e-16 1.191834649093108625e-16 -9.447507606004821828e-17 -3.184587611164421794e+00 -3.333673692645118575e-16 3.199438881127846024e+00 -2.518775081344742923e-17
3.434343434343434809e-01 3.302774241946619202e-17 7.669149852204825042e-03 -3.187989255160394696e-17 -5.088889243809108542e-17 1.078533527610983461e-17 -3.187191281149160726e+00 -2.060790979438653114e-16 3.201880843323272163e+00 -1.981174080765730380e-16
3.535353535353535914e-01 2.378306606844963732e-16 7.512106151476274397e-03 -1.058474996861042248e-17 -1.528725063204558787e-17 1.496616251191359467e-16 -3.189867654636764804e+00 -1.408764005732541174e-16 3.204396899778865659e+00 -1.101601082559249717e-17
3.636363636363636465e-01 5.084685282424292434e-17 7.358026102273676657e-03 1.835401647437914778e-16 9.562070238259073563e-17 -1.342954033556724418e-16 -3.192616292619705476e+00 -1.812355752115820553e-16 3.206986604080924952e+00 4.167948050210111740e-17
3.737373737373737570e-01 1.658576929811559899e-16 7.206879674023588048e-03 -3.267700748090185439e-17 -1.102354088545163844e-16 5.027827613213695803e-16 -3.195436744025631715e+00 -1.073200165135298222e-17 3.209649497735546309e+00 -5.920787232884206292e-17
3.838383838383838675e-01 4.336457869993149633e-17 7.058635529819380812e-03 -5.249576625140570887e-16 -1.527962733552032135e-16 5.626043189229568635e-17 -3.198328545795634970e+00 -2.493661989445057394e-17 3.212385110249521780e+00 -3.786489968638242893e-16
3.939393939393939781e-01 -5.306254933299929181e-17 6.913261121172272275e-03 3.982658362661960009e-17 1.171048460567488094e-16 2.149992528845007196e-16 -3.201291222967487915e+00 2.262573304239472512e-16 3.215192959215968482e+00 -2.131662020994950365e-16
4.040404040404040886e-01 1.523435174272371801e-16 6.770722781912944833e-03 3.247326519320634556e-16 -1.716851080789741111e-16 6.240584594167349909e-16 -3.204324288763891193e+00 -5.590598857490353390e-16 3.218072550404952104e+00 -5.070522587071481025e-16
4.141414141414141992e-01 5.806779257083815915e-17 6.630985820879998355e-03 -9.844668040000219544e-16 -9.529798282968679790e-17 2.912303555658561261e-16 -3.207427244686005263e+00 -8.595729163535692773e-17 3.221023377859223213e+00 2.019308510753469022e-17
4.242424242424242542e-01 1.319980949811644402e-16 6.494014613059789776e-03 1.184190531276208644e-15 -2.900147637774525895e-16 6.617700197296928414e-17 -3.210599580612322423e+00 5.096467389593591521e-16 3.224044923995228906e+00 -2.491310747305014697e-16
4.343434343434343647e-01 -8.041697274261159379e-17 6.359772688877045332e-03 5.791747826965649375e-16 -9.975252909929716338e-17 -2.037844482918261032e-16 -3.213840774903078401e+00 1.537417797475145995e-16 3.227136659709556099e+00 -7.731828453985425909e-17
4.444444444444444753e-01 -9.564339094114270922e-18 6.228222821361397571e-03 -7.931033267203406167e-17 -1.115567802522330929e-16 3.955723065675743136e-16 -3.217150294510321640e+00 1.456359629424473048e-16 3.230298044490908183e+00 -3.447075737182293443e-16
4.545454545454545858e-01 -7.484016287857944604e-17 6.099327110975305208e-03 -1.083188607261803262e-15 -1.933352702107937751e-17 3.585343202506108952e-16 -3.220527595093757522e+00 -4.576689452770436654e-17 3.233528526537804204e+00 -3.162402617447080247e-16
4.646464646464646964e-01 -2.952989595271178984e-16 5.973047067880018872e-03 -1.094059299084586380e-16 1.759389075400852567e-16 2.770216955086164943e-16 -3.223972121142561154e+00 1.275976585682067531e-16 3.236827542882064090e+00 -4.288569226961710141e-16
4.747474747474748069e-01 -2.374763717465316131e-16 5.849343691474553734e-03 1.044048671112158308e-15 -6.432029388270252590e-17 -2.441031218495362528e-16 -3.227483306103132943e+00 -9.917475596970000679e-17 3.240194519518245109e+00 -2.211476917651589590e-16
4.848484848484848619e-01 1.763381107346432022e-16 5.728177547075310495e-03 7.405472150316135829e-16 1.637424801325705861e-16 -1.686952921761456977e-16 -3.231060572513109186e+00 4.573227886169134410e-16 3.243628871539128156e+00 -3.459531580861531405e-16
4.949494949494949725e-01 2.327939787951008105e-16 5.609508839602950561e-03 -7.079732883797117913e-16 -3.327306353074869556e-16 2.289500073550409491e-18 -3.234703332141521059e+00 -5.581096438105130280e-17 3.247130003277346688e+00 -4.288713152206734501e-16
5.050505050505050830e-01 -3.802185638691033345e-17 5.493297484203974075e-03 9.922853980501569577e-16 -6.818445818807664404e-17 4.570415772117827060e-16 -3.238410986135348058e+00 -3.806843981990572285e-16 3.250697308453274204e+00 -1.392375492660558615e-16
5.151515151515152491e-01 -8.789726339201741286e-18 5.379503173728224404e-03 3.778271192345980866e-16 -1.529741502741266166e-16 -5.398213344962277262e-17 -3.242182925172442776e+00 1.663464230721131224e-16 3.254330170329180483e+00 -4.812835677183584504e-17
5.252525252525253041e-01 1.115919973932132454e-16 5.268085443024869870e-03 -4.705742350937049404e-16 -2.222910915126822602e-16 -3.140900219711505953e-16 -3.246018529620979365e+00 5.636922579046214338e-16 3.258027961869854217e+00 -2.863189549068999445e-16
5.353535353535353591e-01 -2.646224102729527349e-16 5.159003730043862715e-03 -3.037380066739018970e-16 -3.677994933897094982e-16 3.328227891742752727e-16 -3.249917169705417663e+00 3.904118674449988196e-16 3.261790045909623181e+00 -3.007104870751821030e-16
5.454545454545455252e-01 4.399531621212152993e-17 5.052217433716054730e-03 -3.099157116470911307e-16 -7.078739043498910898e-17 -1.183943691477145439e-16 -3.253878205679057611e+00 -5.187269059705898208e-16 3.265615775325918957e+00 -2.610620128525848117e-16
5.555555555555555802e-01 -2.591295493090293948e-17 4.947685968654590843e-03 -2.730121221041151199e-16 2.173113848157743024e-16 2.865057484911636649e-16 -3.257900988003254117e+00 -4.552922371029675292e-16 3.269504493219360430e+00 -3.792673976557469020e-16
5.656565656565657463e-01 3.401599031016199940e-16 4.845368816672379966e-03 -4.013632807022056974e-16 -2.614104611486748670e-16 2.115691605899851344e-16 -3.261984857533238191e+00 -4.509022428703748107e-16 3.273455533100426251e+00 -1.662973537562164395e-16
5.757575757575758013e-01 -1.974260783951670135e-16 4.745225575199821418e-03 -1.379059316871670163e-16 -1.862862620237437403e-16 1.853985726331485543e-16 -3.266129145710657156e+00 7.095086996448366799e-16 3.277468219082691370e+00 -2.055611711061570984e-16
5.858585858585858563e-01 5.460917515345684890e-17 4.647216002609412706e-03 1.466374987151632458e-16 -1.479690325888009559e-16 2.468896746959268724e-16 -3.270333174762712680e+00 -2.210820398263549640e-16 3.281541866082671177e+00 -4.055387334518030935e-16
5.959595959595960224e-01 2.321296450310048980e-16 4.551300060553675232e-03 -1.744428058840461227e-15 -2.658675485171270447e-16 -2.828307855432060787e-16 -3.274596257908015673e+00 2.155512417633233482e-16 3.285675780026222181e+00 -4.073592199519680041e-16
6.060606060606060774e-01 1.239565867800051799e-17 4.457437953364606735e-03 6.620995355580507904e-16 9.427476702940387426e-18 4.214101729497787055e-16 -3.278917699569007027e+00 -4.512169151669871876e-16 3.289869258061512980e+00 -3.232918623664040227e-16
6.161616161616162435e-01 2.711781252570813867e-17 4.365590164603116649e-03 2.953317118770459069e-16 -3.076338961132893401e-16 -2.086185113052845532e-16 -3.283296795590996631e+00 5.740663990021867377e-16 3.294121588778473608e+00 -1.782191958271260203e-16
6.262626262626262985e-01 -2.126298735284659930e-17 4.275717490852082997e-03 2.700848688704616338e-17 1.814793500480756352e-16 -2.150646147592978995e-16 -3.287732833467703397e+00 -1.455736773582971822e-16 3.298432052434718820e+00 -6.012767296487750425e-16
6.363636363636364646e-01 -1.091651595247163121e-16 4.187781072833220153e-03 1.225820074635713554e-15 1.398222697021091445e-16 1.953415546432656366e-16 -3.292225092573273226e+00 5.446203593287977944e-16 3.302799921187865806e+00 -3.319168999968063890e-16
6.464646464646465196e-01 1.514745348461924820e-16 4.101742423955459516e-03 -2.861725497577267725e-16 -1.122852285868717912e-16 3.678773521000130159e-16 -3.296772844400653213e+00 3.735935366390997390e-17 3.307224459334167754e+00 -3.594471744742599215e-16
6.565656565656565746e-01 3.319898303346927554e-16 4.017563456395687772e-03 -1.238785077998328422e-15 1.582698002603605516e-16 -7.267254631809367522e-17 -3.301375352806237284e+00 -9.481509575437702033e-16 3.311704923553324242e+00 -2.993282360068892373e-16
6.666666666666667407e-01 -2.946213248137080947e-17 3.935206504799658792e-03 -9.045447966993760208e-16 -1.886452487818469668e-16 5.179386077856629473e-16 -3.306031874260710879e+00 -4.697247903192481566e-16 3.316240563159440047e+00 -5.134939613942886396e-16
6.767676767676767957e-01 -1.941376453252424851e-17 3.854634347727607137e-03 -5.398995639946909824e-16 6.007072958632775040e-17 -2.070990535352378206e-16 -3.310741658105869956e+00 4.275213899828388134e-16 3.320830620357948959e+00 -3.582536054496932112e-16
6.868686868686869618e-01 -2.475660109108657642e-16 3.775810226927904089e-03 -1.048694365236114638e-15 -2.414552119443108547e-16 3.225867154324224688e-16 -3.315503946817420999e+00 -2.042898244630468556e-16 3.325474330508364051e+00 -4.245787499384073348e-16
6.969696969696970168e-01 1.543374728952378969e-16 3.698697864561508244e-03 2.182105410352546830e-16 -7.232899039899193560e-17 3.453028557436583755e-16 -3.320317976273441829e+00 -4.724239744837433342e-17 3.330170922392769572e+00 -3.860975163983199569e-16
7.070707070707071829e-01 5.981076274755085346e-17 3.623261478466355094e-03 1.734319131636060053e-17 7.323277455371232337e-17 1.633248799318636118e-16 -3.325182976028481896e+00 4.069239836888642030e-16 3.334919618489765369e+00 -4.518441620413798387e-16
7.171717171717172379e-01 -3.336043788922658754e-16 3.549465795572788983e-03 6.511696772807379331e-16 -4.428245896598119458e-16 5.556791015914020916e-16 -3.330098169593012969e+00 2.431970997743592726e-16 3.339719635253838970e+00 -4.333573203735399314e-16
7.272727272727272929e-01 1.215033275290435853e-16 3.477276063566981171e-03 2.758823773596513149e-16 3.647594921420138636e-16 4.017883137165313187e-16 -3.335062774718102752e+00 6.949655427945839769e-16 3.344570183399815377e+00 -3.326428392701083200e-16
7.373737373737374590e-01 -5.145509527597562362e-18 3.406658060904445891e-03 -5.062578112646628201e-16 -8.397086533593924040e-16 5.624818853230809191e-16 -3.340076003685063633e+00 -3.456221440704785312e-16 3.349470468192331296e+00 -1.178523514264294097e-16
7.474747474747475140e-01 -5.205193096592721302e-17 3.337578105264638918e-03 5.261710829125659024e-16 -2.169395373519296153e-16 1.628086130743915951e-16 -3.345137063599883387e+00 9.231081517015243230e-17 3.354419689739974508e+00 -5.137750782565679347e-16
7.575757575757576801e-01 8.703597914107069602e-17 3.270003060551159631e-03 -1.073455619887636519e-15 -1.221302925328085240e-16 2.376123161476218848e-16 -3.350245156692156723e+00 9.199545780835748961e-16 3.359417043293937866e+00 -4.294326503410663047e-16
7.676767676767677351e-01 1.077827686221014564e-16 3.203900342513565664e-03 -6.544618293233464526e-17 -6.339194577251163708e-18 4.697096003034687429e-16 -3.355399480618344921e+00 -1.175145147191036376e-15 3.364461719550963181e+00 -2.052646139639777702e-16
7.777777777777777901e-01 -8.215801929873593167e-18 3.139237923092886001e-03 -7.468596014581827044e-16 -1.331637437037430403e-16 -1.399105691996101495e-16 -3.360599228769025615e+00 -5.797597578119186312e-17 3.369552904960207318e+00 -2.861191820440527956e-16
7.878787878787879562e-01 1.645897076818592665e-16 3.075984333572848086e-03 -1.819202078604459234e-16 -4.043904696781478830e-17 3.938988331577882778e-16 -3.365843590579906230e+00 -5.878234465451220601e-16 3.374689782033916341e+00 -3.891280666988963948e-16
7.979797979797980112e-01 2.167535385070868263e-17 3.014108666611837930e-03 4.158652912476443635e-16 3.134521654279791292e-16 -1.309581666485116954e-16 -3.371131751846339508e+00 -9.332165242401735304e-17 3.379871529661488072e+00 -3.571362192657729992e-16
8.080808080808081773e-01 -4.661889814511801268e-17 2.953580577245722063e-03 2.479550157323836416e-16 -3.599237810461390630e-16 -1.214362573781752150e-16 -3.376462895040974299e+00 -2.264150629644209932e-16 3.385097323426720095e+00 -4.658020956091120586e-16
8.181818181818182323e-01 5.189385059902810367e-16 2.894370282923339546e-03 -1.081072996769802623e-15 8.456776945386937050e-17 1.669722738640702131e-16 -3.381836199634341789e+00 -4.232641714887826121e-16 3.390366335927952779e+00 -3.521077540606148950e-16
8.282828282828283983e-01 -2.530571744649169101e-16 2.836448562662753723e-03 -1.784087361846285559e-17 -3.631636820693867618e-16 9.201312067415467039e-17 -3.387250842417969476e+00 -1.307088663729736431e-16 3.395677737100694316e+00 -5.588590601890165407e-16
8.383838383838384534e-01 -1.040907760126825386e-16 2.779786755382051850e-03 -6.925463424751256628e-17 -5.861383291705031684e-17 -2.255878488469586732e-16 -3.392705997829803533e+00 -5.586564491090610244e-17 3.401030694542551025e+00 -4.580861607422176463e-16
8.484848484848485084e-01 5.599531271460387885e-16 2.724356757480772377e-03 7.112217594222702482e-16 -5.864517313609872595e-17 6.396241284355331966e-16 -3.398200838281486114e+00 -8.466535693630257916e-16 3.406424373840072128e+00 -4.800005199120121456e-16
8.585858585858586745e-01 1.183414228371917223e-16 2.670131019731540253e-03 3.681484869646976293e-16 -8.674447472172344686e-16 2.690108036573440073e-16 -3.403734534487303343e+00 2.434284560830046301e-16 3.411857938897126186e+00 -4.453835577970794966e-16
8.686868686868687295e-01 1.064399669237461594e-16 2.617082543531304775e-03 -3.483135234758553445e-17 -5.665379867710386585e-17 3.866975347246095971e-16 -3.409306255794368301e+00 1.167623719178126794e-15 3.417330552264602250e+00 -3.393817408714464446e-16
8.787878787878788955e-01 -1.471162798839359960e-16 2.565184876590906934e-03 -7.351985836833371650e-16 -1.091139372323517031e-16 1.618601556681715005e-16 -3.414915170513677545e+00 -3.772925196871390007e-16 3.422841375470949021e+00 -5.247149391719927585e-16
8.888888888888889506e-01 3.025684759976723695e-16 2.514412108081109758e-03 -7.832597606532568743e-16 -3.718381464822180515e-16 -2.112394498171673423e-16 -3.420560446251803555e+00 -6.085929487224835026e-16 3.428389569353351707e+00 -3.725459228547203815e-16
8.989898989898991166e-01 -9.160801081008920096e-17 2.464738863330808057e-03 -2.793983481963897581e-16 -2.650484676571321363e-16 -2.452388926069412083e-16 -3.426241250242734626e+00 2.994370715764715402e-16 3.433974294389045667e+00 -3.240365830410653571e-16
9.090909090909091717e-01 2.456594004382417577e-16 2.416140298073944214e-03 -7.423861174116066600e-17 -2.098532597152001387e-16 -2.025829003958334918e-16 -3.431956749679632157e+00 -7.398174882245212304e-16 3.439594711026548790e+00 -4.083519822240467002e-16
9.191919191919192267e-01 5.913568344573199645e-17 2.368592092328848653e-03 -4.506894562933784082e-16 -4.024414468665159228e-16 4.844980607847770100e-16 -3.437706112046029716e+00 2.612306742070882778e-16 3.445249980016376057e+00 -4.166748029316522109e-16
9.292929292929293927e-01 6.072157341613407592e-17 2.322070443929959930e-03 -2.221592694324240235e-16 -4.249233953525395624e-16 4.653590964552305438e-16 -3.443488505446210102e+00 -3.857114726659805659e-16 3.450939262740873037e+00 -3.530708211373149532e-16
9.393939393939394478e-01 -3.282487004863626721e-16 2.276552061763360314e-03 7.971300863012393577e-16 5.630820923462413597e-17 7.337121177682254854e-16 -3.449303098934357603e+00 4.455256757598781343e-17 3.456661721542890309e+00 -5.429633336024161968e-16
9.494949494949496138e-01 2.345078401043719508e-16 2.232014158727170343e-03 3.698597585246487212e-16 5.727602908015688721e-16 7.997823089052221190e-16 -3.455149062842132412e+00 2.162316309796893338e-16 3.462416520052868485e+00 -3.815843800559482639e-16
9.595959595959596689e-01 1.830640124276831763e-17 2.188434444468688369e-03 -6.396577421953344607e-16 5.643018197902875522e-17 4.468647242939680748e-16 -3.461025569104314137e+00 -2.931877494734266666e-16 3.468202823513983013e+00 -4.169439569649692946e-16
9.696969696969697239e-01 -3.462403492293174750e-16 2.145791117914462674e-03 -2.117163096042569229e-16 1.525379283062907012e-16 -2.186804387204334740e-16 -3.466931791582137379e+00 4.372297419116929816e-16 3.474019799105047657e+00 -5.167151943990541640e-16
9.797979797979798899e-01 3.341540769082372954e-16 2.104062859635907889e-03 -3.073123257463753059e-16 -2.376291641215631800e-16 4.453742627862874822e-16 -3.472866906384007635e+00 -3.192842450239126502e-16 3.479866616260745893e+00 -3.736894088403798155e-16
9.898989898989899450e-01 1.237822486263152147e-16 2.063228824064618043e-03 -1.088926953236125635e-15 -4.586386947850497331e-16 3.920144349234344169e-16 -3.478830092183230249e+00 -4.289113038677360740e-16 3.485742446988961074e+00 -2.899795345428631079e-16
1.000000000000000000e+00 2.324782859360755104e-16 2.023268631593211700e-03 8.159998268690907202e-16 2.959372181446547068e-16 1.726110584001454296e-16 -3.484820530532378058e+00 -1.132466503021874756e-15 3.491646466184716413e+00 -5.657469386882346877e-16
