1	0	0	0	1	0	0	0	1	
0.998741	0	9.15082e-05	0	0.947313	0	9.15082e-05	0	0.946292	
0.997538	0	0.000331757	0	0.901014	0	0.000334386	0	0.899129	
0.996356	0	0.000693892	0	0.857935	0	0.000699414	0	0.855254	
0.995192	0	0.00115509	0	0.817753	0	0.00116371	0	0.814341	
0.994045	0	0.00169795	0	0.780197	0	0.00170981	0	0.776114	
0.992913	0	0.00230867	0	0.745039	0	0.00232388	0	0.74034	
0.991795	0	0.00297603	0	0.712076	0	0.00299468	0	0.706814	
0.99069	0	0.0036907	0	0.681132	0	0.00371285	0	0.675356	
0.989597	0	0.00444485	0	0.65205	0	0.00447055	0	0.645805	
0.988516	0	0.00523182	0	0.624689	0	0.00526111	0	0.618015	
0.987446	0	0.00604593	0	0.598919	0	0.00607881	0	0.591856	
0.986387	0	0.00688226	0	0.574628	0	0.00691874	0	0.567211	
0.985337	0	0.00773659	0	0.551709	0	0.00777667	0	0.543971	
0.984298	0	0.00860523	0	0.530067	0	0.0086489	0	0.522038	
0.983267	0	0.009485	0	0.509614	0	0.00953223	0	0.501323	
0.982246	0	0.0103731	0	0.490271	0	0.0104239	0	0.481743	
0.981233	0	0.0112671	0	0.471963	0	0.0113214	0	0.463224	
0.980229	0	0.0121649	0	0.454624	0	0.0122227	0	0.445694	
0.979233	0	0.0130646	0	0.438191	0	0.0131259	0	0.429091	
0.978245	0	0.0139647	0	0.422607	0	0.0140293	0	0.413355	
0.977264	0	0.0148636	0	0.407817	0	0.0149317	0	0.398431	
0.976291	0	0.0157602	0	0.393773	0	0.0158316	0	0.38427	
0.975325	0	0.0166534	0	0.38043	0	0.0167281	0	0.370823	
0.974367	0	0.0175423	0	0.367745	0	0.0176202	0	0.358048	
0.973416	0	0.018426	0	0.355679	0	0.0185071	0	0.345904	
0.972471	0	0.0193038	0	0.344195	0	0.0193881	0	0.334354	
0.971533	0	0.0201751	0	0.333259	0	0.0202626	0	0.323362	
0.970602	0	0.0210395	0	0.32284	0	0.02113	0	0.312896	
0.969677	0	0.0218964	0	0.312907	0	0.02199	0	0.302926	
0.968759	0	0.0227455	0	0.303434	0	0.0228421	0	0.293423	
0.967847	0	0.0235864	0	0.294395	0	0.023686	0	0.284361	
0.966941	0	0.024419	0	0.285766	0	0.0245214	0	0.275716	
0.966041	0	0.0252429	0	0.277523	0	0.0253482	0	0.267464	
0.965147	0	0.026058	0	0.269647	0	0.0261661	0	0.259583	
0.964259	0	0.0268642	0	0.262117	0	0.0269751	0	0.252054	
0.963376	0	0.0276613	0	0.254915	0	0.0277749	0	0.244857	
0.9625	0	0.0284493	0	0.248023	0	0.0285656	0	0.237974	
0.961629	0	0.0292281	0	0.241426	0	0.0293471	0	0.23139	
0.960763	0	0.0299978	0	0.235107	0	0.0301193	0	0.225087	
0.959903	0	0.0307582	0	0.229053	0	0.0308823	0	0.219053	
0.959048	0	0.0315094	0	0.223251	0	0.0316361	0	0.213272	
0.958199	0	0.0322514	0	0.217686	0	0.0323806	0	0.207732	
0.957354	0	0.0329844	0	0.212348	0	0.033116	0	0.20242	
0.956515	0	0.0337082	0	0.207226	0	0.0338422	0	0.197326	
0.955681	0	0.034423	0	0.202307	0	0.0345594	0	0.192437	
0.954853	0	0.0351289	0	0.197584	0	0.0352677	0	0.187745	
0.954029	0	0.035826	0	0.193045	0	0.035967	0	0.183239	
0.95321	0	0.0365142	0	0.188683	0	0.0366575	0	0.17891	
0.952395	0	0.0371938	0	0.184489	0	0.0373394	0	0.17475	
0.951586	0	0.0378649	0	0.180454	0	0.0380126	0	0.170751	
0.950782	0	0.0385275	0	0.176572	0	0.0386774	0	0.166905	
0.949982	0	0.0391817	0	0.172836	0	0.0393337	0	0.163204	
0.949186	0	0.0398277	0	0.169238	0	0.0399818	0	0.159643	
0.948396	0	0.0404655	0	0.165772	0	0.0406218	0	0.156214	
0.94761	0	0.0410954	0	0.162433	0	0.0412537	0	0.152912	
0.946828	0	0.0417174	0	0.159214	0	0.0418777	0	0.149731	
0.946051	0	0.0423316	0	0.156111	0	0.0424939	0	0.146665	
0.945278	0	0.0429382	0	0.153118	0	0.0431024	0	0.143709	
0.94451	0	0.0435372	0	0.15023	0	0.0437034	0	0.140858	
0.943746	0	0.0441289	0	0.147444	0	0.044297	0	0.138108	
0.942986	0	0.0447133	0	0.144753	0	0.0448832	0	0.135454	
0.942231	0	0.0452905	0	0.142155	0	0.0454623	0	0.132892	
0.941479	0	0.0458607	0	0.139646	0	0.0460344	0	0.130418	
0.940732	0	0.046424	0	0.137221	0	0.0465995	0	0.128028	
0.939989	0	0.0469805	0	0.134877	0	0.0471578	0	0.125719	
0.93925	0	0.0475304	0	0.132612	0	0.0477094	0	0.123488	
0.938515	0	0.0480737	0	0.130421	0	0.0482544	0	0.121331	
0.937784	0	0.0486106	0	0.128301	0	0.048793	0	0.119245	
0.937057	0	0.0491412	0	0.126251	0	0.0493253	0	0.117227	
0.936334	0	0.0496656	0	0.124266	0	0.0498514	0	0.115274	
0.935615	0	0.0501839	0	0.122345	0	0.0503713	0	0.113384	
0.9349	0	0.0506963	0	0.120485	0	0.0508853	0	0.111555	
0.934189	0	0.0512028	0	0.118683	0	0.0513934	0	0.109783	
0.933481	0	0.0517036	0	0.116938	0	0.0518957	0	0.108068	
0.932777	0	0.0521987	0	0.115246	0	0.0523924	0	0.106405	
0.932077	0	0.0526883	0	0.113607	0	0.0528836	0	0.104794	
0.931381	0	0.0531725	0	0.112018	0	0.0533693	0	0.103233	
0.930688	0	0.0536514	0	0.110478	0	0.0538497	0	0.101719	
0.929999	0	0.0541251	0	0.108984	0	0.0543249	0	0.100251	
0.929314	0	0.0545936	0	0.107535	0	0.0547949	0	0.0988275	
0.928632	0	0.0550572	0	0.106129	0	0.0552599	0	0.0974462	
0.927954	0	0.0555158	0	0.104765	0	0.05572	0	0.0961059	
0.927279	0	0.0559697	0	0.10344	0	0.0561753	0	0.0948051	
0.926608	0	0.0564188	0	0.102155	0	0.0566258	0	0.0935423	
0.92594	0	0.0568633	0	0.100907	0	0.0570717	0	0.0923163	
0.925276	0	0.0573033	0	0.0996958	0	0.057513	0	0.0911257	
0.924615	0	0.0577388	0	0.0985191	0	0.0579499	0	0.0899693	
0.923958	0	0.05817	0	0.0973761	0	0.0583824	0	0.0888459	
0.923304	0	0.0585969	0	0.0962658	0	0.0588107	0	0.0877545	
0.922653	0	0.0590197	0	0.095187	0	0.0592347	0	0.0866938	
0.922006	0	0.0594383	0	0.0941388	0	0.0596547	0	0.085663	
0.921362	0	0.059853	0	0.0931201	0	0.0600706	0	0.084661	
0.920722	0	0.0602637	0	0.0921299	0	0.0604826	0	0.0836868	
0.920084	0	0.0606706	0	0.0911675	0	0.0608908	0	0.0827396	
0.91945	0	0.0610738	0	0.0902319	0	0.0612952	0	0.0818185	
0.918819	0	0.0614732	0	0.0893223	0	0.0616959	0	0.0809227	
0.918192	0	0.0618691	0	0.0884378	0	0.0620929	0	0.0800513	
0.917567	0	0.0622614	0	0.0875778	0	0.0624865	0	0.0792037	
0.916946	0	0.0626502	0	0.0867415	0	0.0628765	0	0.078379	
0.916328	0	0.0630357	0	0.0859283	0	0.0632632	0	0.0775767	
0.915713	0	0.0634179	0	0.0851373	0	0.0636466	0	0.0767959	
0.915101	0	0.0637968	0	0.084368	0	0.0640267	0	0.0760362	
0.914492	0	0.0641726	0	0.0836198	0	0.0644036	0	0.0752968	
0.913887	0	0.0645453	0	0.082892	0	0.0647774	0	0.0745771	
0.913284	0	0.064915	0	0.0821842	0	0.0651482	0	0.0738766	
0.912685	0	0.0652817	0	0.0814957	0	0.065516	0	0.0731949	
0.912088	0	0.0656455	0	0.0808261	0	0.065881	0	0.0725312	
0.911495	0	0.0660065	0	0.0801748	0	0.0662431	0	0.0718851	
0.910905	0	0.0663647	0	0.0795413	0	0.0666024	0	0.0712563	
0.910317	0	0.0667202	0	0.0789252	0	0.066959	0	0.070644	
0.909733	0	0.0670731	0	0.0783261	0	0.0673129	0	0.0700481	
0.909151	0	0.0674234	0	0.0777435	0	0.0676643	0	0.0694679	
0.908573	0	0.0677712	0	0.077177	0	0.0680132	0	0.0689032	
0.907997	0	0.0681165	0	0.0766262	0	0.0683596	0	0.0683534	
0.907424	0	0.0684595	0	0.0760908	0	0.0687036	0	0.0678183	
0.906855	0	0.0688001	0	0.0755703	0	0.0690453	0	0.0672975	
0.906288	0	0.0691385	0	0.0750645	0	0.0693846	0	0.0667906	
0.905724	0	0.0694746	0	0.074573	0	0.0697218	0	0.0662973	
0.905163	0	0.0698086	0	0.0740954	0	0.0700568	0	0.0658172	
0.904604	0	0.0701405	0	0.0736315	0	0.0703897	0	0.0653501	
0.904049	0	0.0704703	0	0.073181	0	0.0707205	0	0.0648957	
0.903497	0	0.0707981	0	0.0727436	0	0.0710493	0	0.0644536	
0.902947	0	0.071124	0	0.072319	0	0.0713762	0	0.0640237	
0.9024	0	0.071448	0	0.071907	0	0.0717012	0	0.0636055	
0.901856	0	0.0717702	0	0.0715073	0	0.0720244	0	0.063199	
0.901315	0	0.0720906	0	0.0711197	0	0.0723457	0	0.0628038	
0.900776	0	0.0724093	0	0.0707439	0	0.0726654	0	0.0624198	
0.90024	0	0.0727263	0	0.0703798	0	0.0729834	0	0.0620466	
0.899707	0	0.0730417	0	0.0700271	0	0.0732997	0	0.0616841	
0.899177	0	0.0733555	0	0.0696856	0	0.0736145	0	0.0613321	
0.89865	0	0.0736678	0	0.0693552	0	0.0739277	0	0.0609904	
0.898125	0	0.0739787	0	0.0690356	0	0.0742395	0	0.0606588	
0.897603	0	0.0742881	0	0.0687267	0	0.0745499	0	0.0603371	
0.897084	0	0.0745962	0	0.0684284	0	0.0748589	0	0.0600252	
0.896568	0	0.0749029	0	0.0681404	0	0.0751666	0	0.0597228	
0.896054	0	0.0752084	0	0.0678626	0	0.075473	0	0.0594299	
0.895543	0	0.0755127	0	0.067595	0	0.0757782	0	0.0591462	
0.895035	0	0.0758158	0	0.0673373	0	0.0760822	0	0.0588718	
0.894529	0	0.0761178	0	0.0670894	0	0.0763851	0	0.0586063	
0.894026	0	0.0764188	0	0.0668512	0	0.076687	0	0.0583497	
0.893526	0	0.0767187	0	0.0666227	0	0.0769878	0	0.0581019	
0.893029	0	0.0770177	0	0.0664036	0	0.0772877	0	0.0578628	
0.892534	0	0.0773157	0	0.066194	0	0.0775866	0	0.0576322	
0.892042	0	0.0776129	0	0.0659937	0	0.0778847	0	0.05741	
0.891553	0	0.0779093	0	0.0658026	0	0.078182	0	0.0571962	
0.891066	0	0.0782049	0	0.0656207	0	0.0784785	0	0.0569907	
0.890582	0	0.0784998	0	0.0654479	0	0.0787743	0	0.0567934	
0.890101	0	0.0787941	0	0.0652842	0	0.0790694	0	0.0566042	
0.889622	0	0.0790877	0	0.0651294	0	0.0793639	0	0.0564231	
0.889146	0	0.0793808	0	0.0649836	0	0.0796579	0	0.05625	
0.888673	0	0.0796733	0	0.0648467	0	0.0799513	0	0.0560848	
0.888202	0	0.0799655	0	0.0647187	0	0.0802443	0	0.0559275	
0.887734	0	0.0802572	0	0.0645996	0	0.0805369	0	0.055778	
0.887269	0	0.0805485	0	0.0644893	0	0.0808291	0	0.0556364	
0.886807	0	0.0808396	0	0.0643878	0	0.0811211	0	0.0555026	
0.886347	0	0.0811305	0	0.0642951	0	0.0814128	0	0.0553765	
0.88589	0	0.0814211	0	0.0642113	0	0.0817043	0	0.0552582	
0.885435	0	0.0817116	0	0.0641364	0	0.0819957	0	0.0551477	
0.884984	0	0.0820021	0	0.0640703	0	0.082287	0	0.0550448	
0.884535	0	0.0822925	0	0.0640131	0	0.0825783	0	0.0549498	
0.884088	0	0.082583	0	0.0639649	0	0.0828697	0	0.0548625	
0.883645	0	0.0828736	0	0.0639257	0	0.0831611	0	0.054783	
0.883204	0	0.0831644	0	0.0638955	0	0.0834528	0	0.0547113	
0.882766	0	0.0834554	0	0.0638745	0	0.0837446	0	0.0546475	
0.88233	0	0.0837467	0	0.0638627	0	0.0840368	0	0.0545916	
0.881898	0	0.0840383	0	0.0638602	0	0.0843293	0	0.0545436	
0.881468	0	0.0843304	0	0.063867	0	0.0846223	0	0.0545037	
0.881041	0	0.084623	0	0.0638835	0	0.0849157	0	0.0544719	
0.880616	0	0.0849162	0	0.0639095	0	0.0852098	0	0.0544482	
0.880195	0	0.08521	0	0.0639454	0	0.0855045	0	0.0544329	
0.879776	0	0.0855045	0	0.0639912	0	0.0857999	0	0.054426	
0.87936	0	0.0857998	0	0.0640471	0	0.0860961	0	0.0544276	
0.878947	0	0.086096	0	0.0641134	0	0.0863932	0	0.0544379	
0.878536	0	0.0863932	0	0.0641901	0	0.0866912	0	0.054457	
0.878129	0	0.0866915	0	0.0642777	0	0.0869903	0	0.0544851	
0.877724	0	0.0869908	0	0.0643762	0	0.0872906	0	0.0545224	
0.877323	0	0.0872915	0	0.064486	0	0.0875921	0	0.0545691	
0.876924	0	0.0875934	0	0.0646074	0	0.087895	0	0.0546254	
0.876528	0	0.0878968	0	0.0647408	0	0.0881993	0	0.0546916	
0.876135	0	0.0882018	0	0.0648864	0	0.0885052	0	0.054768	
0.875745	0	0.0885085	0	0.0650447	0	0.0888127	0	0.0548548	
0.875358	0	0.0888169	0	0.0652161	0	0.0891221	0	0.0549524	
0.874974	0	0.0891273	0	0.0654012	0	0.0894334	0	0.0550612	
0.874594	0	0.0894398	0	0.0656004	0	0.0897468	0	0.0551816	
0.874216	0	0.0897544	0	0.0658144	0	0.0900624	0	0.0553141	
0.873841	0	0.0900715	0	0.0660438	0	0.0903804	0	0.0554591	
0.87347	0	0.0903911	0	0.0662893	0	0.0907009	0	0.0556173	
0.873102	0	0.0907135	0	0.0665519	0	0.0910242	0	0.0557894	
0.872737	0	0.0910388	0	0.0668325	0	0.0913505	0	0.055976	
0.872375	0	0.0913672	0	0.0671321	0	0.0916799	0	0.0561781	
0.872017	0	0.0916991	0	0.0674521	0	0.0920128	0	0.0563965	
0.871662	0	0.0920347	0	0.0677938	0	0.0923493	0	0.0566325	
0.871311	0	0.0923743	0	0.0681589	0	0.0926899	0	0.0568874	
0.870963	0	0.0927183	0	0.0685496	0	0.0930349	0	0.0571627	
0.870619	0	0.093067	0	0.0689683	0	0.0933847	0	0.0574603	
0.870279	0	0.0934211	0	0.0694182	0	0.0937398	0	0.0577828	
0.869942	0	0.093781	0	0.0699033	0	0.0941008	0	0.0581332	
0.86961	0	0.0941477	0	0.0704291	0	0.0944685	0	0.0585157	
0.869281	0	0.0945221	0	0.0710034	0	0.0948441	0	0.0589362	
0.868958	0	0.0949059	0	0.0716383	0	0.0952289	0	0.0594039	
