1	0	0	0	1	0	0	0	1	
0.999301	0	0	0	0.94872	0	0	0	0.94872	
0.998619	0	0	0	0.903588	0	0	0	0.903588	
0.997938	0	0	0	0.861563	0	0	0	0.861563	
0.997257	0	0	0	0.822331	0	0	0	0.822331	
0.996577	0	0	0	0.785635	0	0	0	0.785635	
0.995897	0	0	0	0.751251	0	0	0	0.751251	
0.995218	0	0	0	0.718988	0	0	0	0.718988	
0.994539	0	0	0	0.688676	0	0	0	0.688676	
0.99386	0	0	0	0.660163	0	0	0	0.660163	
0.993182	0	0	0	0.633313	0	0	0	0.633313	
0.992505	0	0	0	0.608005	0	0	0	0.608005	
0.991828	0	0	0	0.584127	0	0	0	0.584127	
0.991151	0	0	0	0.561579	0	0	0	0.561579	
0.990475	0	0	0	0.540268	0	0	0	0.540268	
0.9898	0	0	0	0.520111	0	0	0	0.520111	
0.989124	0	0	0	0.50103	0	0	0	0.50103	
0.98845	0	0	0	0.482956	0	0	0	0.482956	
0.987775	0	0	0	0.465822	0	0	0	0.465822	
0.987102	0	0	0	0.449569	0	0	0	0.449569	
0.986428	0	0	0	0.434141	0	0	0	0.434141	
0.985755	0	0	0	0.419487	0	0	0	0.419487	
0.985083	0	0	0	0.405559	0	0	0	0.405559	
0.984411	0	0	0	0.392315	0	0	0	0.392315	
0.98374	0	0	0	0.379711	0	0	0	0.379711	
0.983069	0	0	0	0.367712	0	0	0	0.367712	
0.982398	0	0	0	0.35628	0	0	0	0.35628	
0.981728	0	0	0	0.345384	0	0	0	0.345384	
0.981058	0	0	0	0.334993	0	0	0	0.334993	
0.980389	0	0	0	0.325078	0	0	0	0.325078	
0.97972	0	0	0	0.315613	0	0	0	0.315613	
0.979052	0	0	0	0.306572	0	0	0	0.306572	
0.978384	0	0	0	0.297932	0	0	0	0.297932	
0.977717	0	0	0	0.289672	0	0	0	0.289672	
0.97705	0	0	0	0.281771	0	0	0	0.281771	
0.976383	0	0	0	0.274209	0	0	0	0.274209	
0.975717	0	0	0	0.266969	0	0	0	0.266969	
0.975052	0	0	0	0.260034	0	0	0	0.260034	
0.974387	0	0	0	0.253389	0	0	0	0.253389	
0.973722	0	0	0	0.247017	0	0	0	0.247017	
0.973058	0	0	0	0.240906	0	0	0	0.240906	
0.972394	0	0	0	0.235041	0	0	0	0.235041	
0.971731	0	0	0	0.229412	0	0	0	0.229412	
0.971068	0	0	0	0.224005	0	0	0	0.224005	
0.970405	0	0	0	0.218811	0	0	0	0.218811	
0.969743	0	0	0	0.213818	0	0	0	0.213818	
0.969082	0	0	0	0.209017	0	0	0	0.209017	
0.968421	0	0	0	0.204399	0	0	0	0.204399	
0.96776	0	0	0	0.199954	0	0	0	0.199954	
0.9671	0	0	0	0.195676	0	0	0	0.195676	
0.96644	0	0	0	0.191556	0	0	0	0.191556	
0.965781	0	0	0	0.187586	0	0	0	0.187586	
0.965122	0	0	0	0.18376	0	0	0	0.18376	
0.964464	0	0	0	0.180071	0	0	0	0.180071	
0.963806	0	0	0	0.176514	0	0	0	0.176514	
0.963149	0	0	0	0.173081	0	0	0	0.173081	
0.962492	0	0	0	0.169768	0	0	0	0.169768	
0.961835	0	0	0	0.166569	0	0	0	0.166569	
0.961179	0	0	0	0.16348	0	0	0	0.16348	
0.960523	0	0	0	0.160495	0	0	0	0.160495	
0.959868	0	0	0	0.15761	0	0	0	0.15761	
0.959214	0	0	0	0.15482	0	0	0	0.15482	
0.958559	0	0	0	0.152123	0	0	0	0.152123	
0.957905	0	0	0	0.149513	0	0	0	0.149513	
0.957252	0	0	0	0.146988	0	0	0	0.146988	
0.956599	0	0	0	0.144543	0	0	0	0.144543	
0.955946	0	0	0	0.142175	0	0	0	0.142175	
0.955294	0	0	0	0.139882	0	0	0	0.139882	
0.954643	0	0	0	0.137661	0	0	0	0.137661	
0.953992	0	0	0	0.135507	0	0	0	0.135507	
0.953341	0	0	0	0.133419	0	0	0	0.133419	
0.95269	0	0	0	0.131395	0	0	0	0.131395	
0.952041	0	0	0	0.129431	0	0	0	0.129431	
0.951391	0	0	0	0.127526	0	0	0	0.127526	
0.950742	0	0	0	0.125676	0	0	0	0.125676	
0.950094	0	0	0	0.123881	0	0	0	0.123881	
0.949446	0	0	0	0.122137	0	0	0	0.122137	
0.948798	0	0	0	0.120444	0	0	0	0.120444	
0.948151	0	0	0	0.118799	0	0	0	0.118799	
0.947504	0	0	0	0.1172	0	0	0	0.1172	
0.946858	0	0	0	0.115646	0	0	0	0.115646	
0.946212	0	0	0	0.114135	0	0	0	0.114135	
0.945566	0	0	0	0.112666	0	0	0	0.112666	
0.944921	0	0	0	0.111237	0	0	0	0.111237	
0.944277	0	0	0	0.109847	0	0	0	0.109847	
0.943633	0	0	0	0.108494	0	0	0	0.108494	
0.942989	0	0	0	0.107177	0	0	0	0.107177	
0.942346	0	0	0	0.105895	0	0	0	0.105895	
0.941703	0	0	0	0.104646	0	0	0	0.104646	
0.941061	0	0	0	0.103431	0	0	0	0.103431	
0.940419	0	0	0	0.102247	0	0	0	0.102247	
0.939777	0	0	0	0.101093	0	0	0	0.101093	
0.939136	0	0	0	0.0999689	0	0	0	0.0999689	
0.938495	0	0	0	0.0988733	0	0	0	0.0988733	
0.937855	0	0	0	0.0978054	0	0	0	0.0978054	
0.937216	0	0	0	0.0967643	0	0	0	0.0967643	
0.936576	0	0	0	0.0957491	0	0	0	0.0957491	
0.935937	0	0	0	0.0947592	0	0	0	0.0947592	
0.935299	0	0	0	0.0937936	0	0	0	0.0937936	
0.934661	0	0	0	0.0928516	0	0	0	0.0928516	
0.934023	0	0	0	0.0919327	0	0	0	0.0919327	
0.933386	0	0	0	0.091036	0	0	0	0.091036	
0.93275	0	0	0	0.090161	0	0	0	0.090161	
0.932113	0	0	0	0.0893069	0	0	0	0.0893069	
0.931477	0	0	0	0.0884734	0	0	0	0.0884734	
0.930842	0	0	0	0.0876596	0	0	0	0.0876596	
0.930207	0	0	0	0.0868652	0	0	0	0.0868652	
0.929573	0	0	0	0.0860895	0	0	0	0.0860895	
0.928939	0	0	0	0.085332	0	0	0	0.085332	
0.928305	0	0	0	0.0845924	0	0	0	0.0845924	
0.927672	0	0	0	0.08387	0	0	0	0.08387	
0.927039	0	0	0	0.0831645	0	0	0	0.0831645	
0.926406	0	0	0	0.0824754	0	0	0	0.0824754	
0.925775	0	0	0	0.0818023	0	0	0	0.0818023	
0.925143	0	0	0	0.0811448	0	0	0	0.0811448	
0.924512	0	0	0	0.0805025	0	0	0	0.0805025	
0.923881	0	0	0	0.079875	0	0	0	0.079875	
0.923251	0	0	0	0.0792621	0	0	0	0.0792621	
0.922621	0	0	0	0.0786632	0	0	0	0.0786632	
0.921992	0	0	0	0.0780782	0	0	0	0.0780782	
0.921363	0	0	0	0.0775067	0	0	0	0.0775067	
0.920735	0	0	0	0.0769484	0	0	0	0.0769484	
0.920107	0	0	0	0.0764029	0	0	0	0.0764029	
0.919479	0	0	0	0.0758701	0	0	0	0.0758701	
0.918852	0	0	0	0.0753496	0	0	0	0.0753496	
0.918225	0	0	0	0.0748413	0	0	0	0.0748413	
0.917599	0	0	0	0.0743447	0	0	0	0.0743447	
0.916973	0	0	0	0.0738598	0	0	0	0.0738598	
0.916347	0	0	0	0.0733862	0	0	0	0.0733862	
0.915722	0	0	0	0.0729237	0	0	0	0.0729237	
0.915097	0	0	0	0.0724722	0	0	0	0.0724722	
0.914473	0	0	0	0.0720314	0	0	0	0.0720314	
0.913849	0	0	0	0.0716012	0	0	0	0.0716012	
0.913226	0	0	0	0.0711812	0	0	0	0.0711812	
0.912603	0	0	0	0.0707715	0	0	0	0.0707715	
0.911981	0	0	0	0.0703718	0	0	0	0.0703718	
0.911358	0	0	0	0.0699818	0	0	0	0.0699818	
0.910737	0	0	0	0.0696016	0	0	0	0.0696016	
0.910116	0	0	0	0.0692309	0	0	0	0.0692309	
0.909495	0	0	0	0.0688696	0	0	0	0.0688696	
0.908874	0	0	0	0.0685175	0	0	0	0.0685175	
0.908254	0	0	0	0.0681745	0	0	0	0.0681745	
0.907635	0	0	0	0.0678405	0	0	0	0.0678405	
0.907016	0	0	0	0.0675154	0	0	0	0.0675154	
0.906397	0	0	0	0.0671991	0	0	0	0.0671991	
0.905779	0	0	0	0.0668915	0	0	0	0.0668915	
0.905161	0	0	0	0.0665924	0	0	0	0.0665924	
0.904543	0	0	0	0.0663018	0	0	0	0.0663018	
0.903926	0	0	0	0.0660196	0	0	0	0.0660196	
0.90331	0	0	0	0.0657457	0	0	0	0.0657457	
0.902694	0	0	0	0.06548	0	0	0	0.06548	
0.902078	0	0	0	0.0652225	0	0	0	0.0652225	
0.901463	0	0	0	0.0649732	0	0	0	0.0649732	
0.900848	0	0	0	0.0647319	0	0	0	0.0647319	
0.900233	0	0	0	0.0644986	0	0	0	0.0644986	
0.899619	0	0	0	0.0642733	0	0	0	0.0642733	
0.899005	0	0	0	0.0640559	0	0	0	0.0640559	
0.898392	0	0	0	0.0638465	0	0	0	0.0638465	
0.897779	0	0	0	0.0636449	0	0	0	0.0636449	
0.897167	0	0	0	0.0634512	0	0	0	0.0634512	
0.896555	0	0	0	0.0632653	0	0	0	0.0632653	
0.895943	0	0	0	0.0630874	0	0	0	0.0630874	
0.895332	0	0	0	0.0629172	0	0	0	0.0629172	
0.894721	0	0	0	0.062755	0	0	0	0.062755	
0.894111	0	0	0	0.0626006	0	0	0	0.0626006	
0.893501	0	0	0	0.0624542	0	0	0	0.0624542	
0.892892	0	0	0	0.0623157	0	0	0	0.0623157	
0.892283	0	0	0	0.0621852	0	0	0	0.0621852	
0.891674	0	0	0	0.0620628	0	0	0	0.0620628	
0.891066	0	0	0	0.0619485	0	0	0	0.0619485	
0.890458	0	0	0	0.0618424	0	0	0	0.0618424	
0.889851	0	0	0	0.0617446	0	0	0	0.0617446	
0.889244	0	0	0	0.0616552	0	0	0	0.0616552	
0.888637	0	0	0	0.0615742	0	0	0	0.0615742	
0.888031	0	0	0	0.0615019	0	0	0	0.0615019	
0.887425	0	0	0	0.0614383	0	0	0	0.0614383	
0.88682	0	0	0	0.0613837	0	0	0	0.0613837	
0.886215	0	0	0	0.0613381	0	0	0	0.0613381	
0.88561	0	0	0	0.0613017	0	0	0	0.0613017	
0.885006	0	0	0	0.0612749	0	0	0	0.0612749	
0.884402	0	0	0	0.0612577	0	0	0	0.0612577	
0.883799	0	0	0	0.0612506	0	0	0	0.0612506	
0.883196	0	0	0	0.0612537	0	0	0	0.0612537	
0.882594	0	0	0	0.0612673	0	0	0	0.0612673	
0.881992	0	0	0	0.0612919	0	0	0	0.0612919	
0.88139	0	0	0	0.0613279	0	0	0	0.0613279	
0.880789	0	0	0	0.0613756	0	0	0	0.0613756	
0.880188	0	0	0	0.0614356	0	0	0	0.0614356	
0.879588	0	0	0	0.0615084	0	0	0	0.0615084	
0.878988	0	0	0	0.0615947	0	0	0	0.0615947	
0.878388	0	0	0	0.0616952	0	0	0	0.0616952	
0.877789	0	0	0	0.0618108	0	0	0	0.0618108	
0.87719	0	0	0	0.0619424	0	0	0	0.0619424	
0.876592	0	0	0	0.0620912	0	0	0	0.0620912	
0.875994	0	0	0	0.0622586	0	0	0	0.0622586	
0.875396	0	0	0	0.0624462	0	0	0	0.0624462	
0.874799	0	0	0	0.0626562	0	0	0	0.0626562	
0.874203	0	0	0	0.0628912	0	0	0	0.0628912	
0.873606	0	0	0	0.0631551	0	0	0	0.0631551	
0.87301	0	0	0	0.0634529	0	0	0	0.0634529	
0.872415	0	0	0	0.0637926	0	0	0	0.0637926	
