1	0	0	0	1	0	0	0	1	
0.99952	0	0	0	0.948696	0	0	0	0.948696	
0.999051	0	0	0	0.903144	0	0	0	0.903144	
0.998583	0	0	0	0.860434	0	0	0	0.860434	
0.998116	0	0	0	0.820335	0	0	0	0.820335	
0.997648	0	0	0	0.782648	0	0	0	0.782648	
0.997181	0	0	0	0.747195	0	0	0	0.747195	
0.996713	0	0	0	0.713815	0	0	0	0.713815	
0.996247	0	0	0	0.682363	0	0	0	0.682363	
0.99578	0	0	0	0.652706	0	0	0	0.652706	
0.995313	0	0	0	0.624723	0	0	0	0.624723	
0.994847	0	0	0	0.598303	0	0	0	0.598303	
0.994381	0	0	0	0.573342	0	0	0	0.573342	
0.993915	0	0	0	0.549746	0	0	0	0.549746	
0.99345	0	0	0	0.527428	0	0	0	0.527428	
0.992984	0	0	0	0.506307	0	0	0	0.506307	
0.992519	0	0	0	0.486307	0	0	0	0.486307	
0.992054	0	0	0	0.46736	0	0	0	0.46736	
0.991589	0	0	0	0.449401	0	0	0	0.449401	
0.991125	0	0	0	0.43237	0	0	0	0.43237	
0.99066	0	0	0	0.416211	0	0	0	0.416211	
0.990196	0	0	0	0.400871	0	0	0	0.400871	
0.989732	0	0	0	0.386303	0	0	0	0.386303	
0.989269	0	0	0	0.372462	0	0	0	0.372462	
0.988805	0	0	0	0.359304	0	0	0	0.359304	
0.988342	0	0	0	0.346792	0	0	0	0.346792	
0.987879	0	0	0	0.334887	0	0	0	0.334887	
0.987416	0	0	0	0.323555	0	0	0	0.323555	
0.986954	0	0	0	0.312765	0	0	0	0.312765	
0.986491	0	0	0	0.302485	0	0	0	0.302485	
0.986029	0	0	0	0.292689	0	0	0	0.292689	
0.985567	0	0	0	0.283348	0	0	0	0.283348	
0.985106	0	0	0	0.274438	0	0	0	0.274438	
0.984644	0	0	0	0.265936	0	0	0	0.265936	
0.984183	0	0	0	0.257821	0	0	0	0.257821	
0.983722	0	0	0	0.25007	0	0	0	0.25007	
0.983261	0	0	0	0.242666	0	0	0	0.242666	
0.9828	0	0	0	0.235589	0	0	0	0.235589	
0.98234	0	0	0	0.228823	0	0	0	0.228823	
0.98188	0	0	0	0.222351	0	0	0	0.222351	
0.98142	0	0	0	0.216158	0	0	0	0.216158	
0.98096	0	0	0	0.210231	0	0	0	0.210231	
0.9805	0	0	0	0.204555	0	0	0	0.204555	
0.980041	0	0	0	0.199118	0	0	0	0.199118	
0.979582	0	0	0	0.193907	0	0	0	0.193907	
0.979123	0	0	0	0.188912	0	0	0	0.188912	
0.978664	0	0	0	0.184123	0	0	0	0.184123	
0.978206	0	0	0	0.179527	0	0	0	0.179527	
0.977747	0	0	0	0.175117	0	0	0	0.175117	
0.977289	0	0	0	0.170884	0	0	0	0.170884	
0.976832	0	0	0	0.166818	0	0	0	0.166818	
0.976374	0	0	0	0.162912	0	0	0	0.162912	
0.975917	0	0	0	0.159158	0	0	0	0.159158	
0.975459	0	0	0	0.155549	0	0	0	0.155549	
0.975002	0	0	0	0.152078	0	0	0	0.152078	
0.974546	0	0	0	0.148739	0	0	0	0.148739	
0.974089	0	0	0	0.145526	0	0	0	0.145526	
0.973633	0	0	0	0.142432	0	0	0	0.142432	
0.973177	0	0	0	0.139453	0	0	0	0.139453	
0.972721	0	0	0	0.136583	0	0	0	0.136583	
0.972265	0	0	0	0.133817	0	0	0	0.133817	
0.97181	0	0	0	0.131151	0	0	0	0.131151	
0.971354	0	0	0	0.12858	0	0	0	0.12858	
0.970899	0	0	0	0.126099	0	0	0	0.126099	
0.970444	0	0	0	0.123706	0	0	0	0.123706	
0.96999	0	0	0	0.121396	0	0	0	0.121396	
0.969535	0	0	0	0.119166	0	0	0	0.119166	
0.969081	0	0	0	0.117011	0	0	0	0.117011	
0.968627	0	0	0	0.11493	0	0	0	0.11493	
0.968173	0	0	0	0.112918	0	0	0	0.112918	
0.96772	0	0	0	0.110974	0	0	0	0.110974	
0.967266	0	0	0	0.109093	0	0	0	0.109093	
0.966813	0	0	0	0.107274	0	0	0	0.107274	
0.96636	0	0	0	0.105513	0	0	0	0.105513	
0.965908	0	0	0	0.103809	0	0	0	0.103809	
0.965455	0	0	0	0.10216	0	0	0	0.10216	
0.965003	0	0	0	0.100562	0	0	0	0.100562	
0.964551	0	0	0	0.0990142	0	0	0	0.0990142	
0.964099	0	0	0	0.0975143	0	0	0	0.0975143	
0.963647	0	0	0	0.0960604	0	0	0	0.0960604	
0.963196	0	0	0	0.0946508	0	0	0	0.0946508	
0.962745	0	0	0	0.0932837	0	0	0	0.0932837	
0.962294	0	0	0	0.0919575	0	0	0	0.0919575	
0.961843	0	0	0	0.0906706	0	0	0	0.0906706	
0.961392	0	0	0	0.0894215	0	0	0	0.0894215	
0.960942	0	0	0	0.0882088	0	0	0	0.0882088	
0.960492	0	0	0	0.0870312	0	0	0	0.0870312	
0.960042	0	0	0	0.0858873	0	0	0	0.0858873	
0.959592	0	0	0	0.0847758	0	0	0	0.0847758	
0.959142	0	0	0	0.0836957	0	0	0	0.0836957	
0.958693	0	0	0	0.0826458	0	0	0	0.0826458	
0.958244	0	0	0	0.081625	0	0	0	0.081625	
0.957795	0	0	0	0.0806322	0	0	0	0.0806322	
0.957346	0	0	0	0.0796665	0	0	0	0.0796665	
0.956898	0	0	0	0.0787269	0	0	0	0.0787269	
0.956449	0	0	0	0.0778126	0	0	0	0.0778126	
0.956001	0	0	0	0.0769226	0	0	0	0.0769226	
0.955554	0	0	0	0.076056	0	0	0	0.076056	
0.955106	0	0	0	0.0752123	0	0	0	0.0752123	
0.954658	0	0	0	0.0743904	0	0	0	0.0743904	
0.954211	0	0	0	0.0735898	0	0	0	0.0735898	
0.953764	0	0	0	0.0728098	0	0	0	0.0728098	
0.953317	0	0	0	0.0720496	0	0	0	0.0720496	
0.952871	0	0	0	0.0713086	0	0	0	0.0713086	
0.952424	0	0	0	0.0705862	0	0	0	0.0705862	
0.951978	0	0	0	0.0698818	0	0	0	0.0698818	
0.951532	0	0	0	0.0691949	0	0	0	0.0691949	
0.951086	0	0	0	0.0685248	0	0	0	0.0685248	
0.950641	0	0	0	0.0678712	0	0	0	0.0678712	
0.950196	0	0	0	0.0672334	0	0	0	0.0672334	
0.94975	0	0	0	0.0666111	0	0	0	0.0666111	
0.949305	0	0	0	0.0660036	0	0	0	0.0660036	
0.948861	0	0	0	0.0654107	0	0	0	0.0654107	
0.948416	0	0	0	0.0648318	0	0	0	0.0648318	
0.947972	0	0	0	0.0642666	0	0	0	0.0642666	
0.947528	0	0	0	0.0637147	0	0	0	0.0637147	
0.947084	0	0	0	0.0631756	0	0	0	0.0631756	
0.94664	0	0	0	0.0626491	0	0	0	0.0626491	
0.946197	0	0	0	0.0621348	0	0	0	0.0621348	
0.945753	0	0	0	0.0616323	0	0	0	0.0616323	
0.94531	0	0	0	0.0611413	0	0	0	0.0611413	
0.944868	0	0	0	0.0606615	0	0	0	0.0606615	
0.944425	0	0	0	0.0601927	0	0	0	0.0601927	
0.943982	0	0	0	0.0597345	0	0	0	0.0597345	
0.94354	0	0	0	0.0592866	0	0	0	0.0592866	
0.943098	0	0	0	0.0588488	0	0	0	0.0588488	
0.942656	0	0	0	0.0584209	0	0	0	0.0584209	
0.942215	0	0	0	0.0580025	0	0	0	0.0580025	
0.941773	0	0	0	0.0575935	0	0	0	0.0575935	
0.941332	0	0	0	0.0571936	0	0	0	0.0571936	
0.940891	0	0	0	0.0568026	0	0	0	0.0568026	
0.94045	0	0	0	0.0564202	0	0	0	0.0564202	
0.94001	0	0	0	0.0560464	0	0	0	0.0560464	
0.939569	0	0	0	0.0556809	0	0	0	0.0556809	
0.939129	0	0	0	0.0553234	0	0	0	0.0553234	
0.938689	0	0	0	0.0549739	0	0	0	0.0549739	
0.93825	0	0	0	0.0546321	0	0	0	0.0546321	
0.93781	0	0	0	0.0542979	0	0	0	0.0542979	
0.937371	0	0	0	0.0539711	0	0	0	0.0539711	
0.936932	0	0	0	0.0536516	0	0	0	0.0536516	
0.936493	0	0	0	0.0533392	0	0	0	0.0533392	
0.936054	0	0	0	0.0530337	0	0	0	0.0530337	
0.935615	0	0	0	0.0527351	0	0	0	0.0527351	
0.935177	0	0	0	0.0524431	0	0	0	0.0524431	
0.934739	0	0	0	0.0521577	0	0	0	0.0521577	
0.934301	0	0	0	0.0518788	0	0	0	0.0518788	
0.933863	0	0	0	0.0516062	0	0	0	0.0516062	
0.933426	0	0	0	0.0513398	0	0	0	0.0513398	
0.932989	0	0	0	0.0510795	0	0	0	0.0510795	
0.932552	0	0	0	0.0508251	0	0	0	0.0508251	
0.932115	0	0	0	0.0505767	0	0	0	0.0505767	
0.931678	0	0	0	0.0503341	0	0	0	0.0503341	
0.931242	0	0	0	0.0500972	0	0	0	0.0500972	
0.930805	0	0	0	0.0498659	0	0	0	0.0498659	
0.930369	0	0	0	0.0496401	0	0	0	0.0496401	
0.929933	0	0	0	0.0494198	0	0	0	0.0494198	
0.929498	0	0	0	0.0492049	0	0	0	0.0492049	
0.929062	0	0	0	0.0489952	0	0	0	0.0489952	
0.928627	0	0	0	0.0487909	0	0	0	0.0487909	
0.928192	0	0	0	0.0485917	0	0	0	0.0485917	
0.927757	0	0	0	0.0483976	0	0	0	0.0483976	
0.927323	0	0	0	0.0482085	0	0	0	0.0482085	
0.926888	0	0	0	0.0480245	0	0	0	0.0480245	
0.926454	0	0	0	0.0478454	0	0	0	0.0478454	
0.92602	0	0	0	0.0476712	0	0	0	0.0476712	
0.925586	0	0	0	0.0475019	0	0	0	0.0475019	
0.925152	0	0	0	0.0473374	0	0	0	0.0473374	
0.924719	0	0	0	0.0471777	0	0	0	0.0471777	
0.924286	0	0	0	0.0470228	0	0	0	0.0470228	
0.923853	0	0	0	0.0468725	0	0	0	0.0468725	
0.92342	0	0	0	0.0467271	0	0	0	0.0467271	
0.922987	0	0	0	0.0465862	0	0	0	0.0465862	
0.922555	0	0	0	0.0464501	0	0	0	0.0464501	
0.922123	0	0	0	0.0463187	0	0	0	0.0463187	
0.921691	0	0	0	0.0461919	0	0	0	0.0461919	
0.921259	0	0	0	0.0460697	0	0	0	0.0460697	
0.920827	0	0	0	0.0459523	0	0	0	0.0459523	
0.920396	0	0	0	0.0458395	0	0	0	0.0458395	
0.919965	0	0	0	0.0457314	0	0	0	0.0457314	
0.919534	0	0	0	0.045628	0	0	0	0.045628	
0.919103	0	0	0	0.0455294	0	0	0	0.0455294	
0.918673	0	0	0	0.0454356	0	0	0	0.0454356	
0.918242	0	0	0	0.0453466	0	0	0	0.0453466	
0.917812	0	0	0	0.0452624	0	0	0	0.0452624	
0.917382	0	0	0	0.0451833	0	0	0	0.0451833	
0.916952	0	0	0	0.0451092	0	0	0	0.0451092	
0.916523	0	0	0	0.0450402	0	0	0	0.0450402	
0.916093	0	0	0	0.0449764	0	0	0	0.0449764	
0.915664	0	0	0	0.044918	0	0	0	0.044918	
0.915235	0	0	0	0.0448651	0	0	0	0.0448651	
0.914806	0	0	0	0.0448179	0	0	0	0.0448179	
0.914378	0	0	0	0.0447766	0	0	0	0.0447766	
0.91395	0	0	0	0.0447413	0	0	0	0.0447413	
0.913521	0	0	0	0.0447124	0	0	0	0.0447124	
0.913093	0	0	0	0.0446903	0	0	0	0.0446903	
0.912666	0	0	0	0.0446754	0	0	0	0.0446754	
0.912238	0	0	0	0.0446681	0	0	0	0.0446681	
0.911811	0	0	0	0.0446692	0	0	0	0.0446692	
0.911384	0	0	0	0.0446797	0	0	0	0.0446797	
0.910957	0	0	0	0.044701	0	0	0	0.044701	
0.91053	0	0	0	0.0447351	0	0	0	0.0447351	
