0.000000000000000000e+00 7.769070152664789841e-01
2.500000000000000052e-03 7.769072672561833093e-01
1.000000000000000021e-02 7.769110470554773107e-01
2.249999999999999917e-02 7.769274251832215539e-01
4.000000000000000083e-02 7.769715120461980762e-01
6.250000000000000000e-02 7.770644336614881409e-01
8.999999999999999667e-02 7.772332705428185440e-01
1.224999999999999978e-01 7.775109328396376807e-01
1.600000000000000033e-01 7.779359376452850139e-01
2.025000000000000133e-01 7.785520479724978848e-01
2.500000000000000000e-01 7.794077277979717389e-01
3.024999999999999911e-01 7.805553645933771545e-01
3.599999999999999867e-01 7.820502109172521310e-01
4.224999999999999867e-01 7.839490011987716445e-01
4.899999999999999911e-01 7.863082102354205238e-01
5.625000000000000000e-01 7.891819376484393578e-01
6.400000000000000133e-01 7.926194289391417236e-01
7.225000000000000311e-01 7.966622797254895305e-01
8.100000000000000533e-01 8.013414150954603077e-01
9.024999999999999689e-01 8.066739890664867962e-01
1.000000000000000000e+00 8.126604058496904592e-01
