7.157783447807367638e-01 
7.157792424342032112e-01 
7.157927068164076090e-01 
7.158510433777323101e-01 
7.160080299065797460e-01 
7.163386963646866112e-01 
7.169387710432998384e-01 
7.179235505964678410e-01 
7.194258900106274002e-01 
7.215929588430686215e-01 
7.245813820112815273e-01 
7.285503924835734502e-01 
7.336526923276828205e-01 
7.400228794006099564e-01 
7.477635882460779149e-01 
7.569299523990736800e-01 
7.675136349394516833e-01 
7.794284483612375913e-01 
7.925003413873705771e-01 
8.064649817989268943e-01 
8.209759207932544323e-01
