4.927972981787208662e-01 
4.927999724800229409e-01 
4.928400860959336605e-01 
4.930138921779148031e-01 
4.934816732128838868e-01 
4.944672633588011457e-01 
4.962568308179433063e-01 
4.991963268873690351e-01 
5.036867346374961363e-01 
5.101758373150498960e-01 
5.191446055213335686e-01 
5.310854450726298914e-01 
5.464685703190848010e-01 
5.656921145312755472e-01 
5.890122817119790577e-01 
6.164536412860893710e-01 
6.477086637842888184e-01 
6.820504728496261659e-01 
7.182993366025549609e-01 
7.548894635922044349e-01 
7.900616647121375680e-01
