7.393165190377604112e-01 
7.393167979829908809e-01 
7.393209821074292476e-01 
7.393391121429389035e-01 
7.393879143251059771e-01 
7.394907720515152549e-01 
7.396776545415609805e-01 
7.399849710983200657e-01 
7.404553112354425037e-01 
7.411370235191281353e-01 
7.420835801806708876e-01 
7.433526713421002574e-01 
7.450049733133280450e-01 
7.471025413757466094e-01 
7.497067904663625715e-01 
7.528760489555925695e-01 
7.566627027718800802e-01 
7.611099903115114973e-01 
7.662485624773291981e-01 
7.720929844175151713e-01 
7.786384208996918188e-01
