0.000000000000000000e+00 -0.000000000000000000e+00 1.000000000000000000e+00 1.000000000000000000e+00
5.025125628140703592e-03 -1.262590891758854787e-05 9.949717198682132002e-01 1.005021967159061891e+00
1.005025125628140718e-02 -5.050321721956572681e-05 9.899371386549949969e-01 1.010037609444142115e+00
1.507537688442210991e-02 -1.136306696265211921e-04 9.848962682415612901e-01 1.015046914944135903e+00
2.010050251256281437e-02 -2.020061742492578892e-04 9.798491204989374648e-01 1.020049871738206493e+00
2.512562814070351883e-02 -3.156268029534182768e-04 9.747957072878455920e-01 1.025046467895902813e+00
3.015075376884421982e-02 -4.544887918697515907e-04 9.697360404585931848e-01 1.030036691477276722e+00
3.517587939698492427e-02 -6.185875420498154927e-04 9.646701318509628420e-01 1.035020530533003136e+00
4.020100502512562873e-02 -8.079176202668422388e-04 9.595979932941027801e-01 1.039997973104499263e+00
4.522613065326633319e-02 -1.022472759961444216e-03 9.545196366064183646e-01 1.044969007224045843e+00
5.025125628140703765e-02 -1.262245862331772125e-03 9.494350735954640852e-01 1.049933620914909937e+00
5.527638190954774211e-02 -1.527228997567681721e-03 9.443443160578376405e-01 1.054891802191466388e+00
6.030150753768843963e-02 -1.817413406228407394e-03 9.392473757790736899e-01 1.059843539059323270e+00
6.532663316582915103e-02 -2.132789500763181308e-03 9.341442645335392703e-01 1.064788819515446239e+00
7.035175879396984855e-02 -2.473346867174176181e-03 9.290349940843297682e-01 1.069727631548284652e+00
7.537688442211055995e-02 -2.839074266821113839e-03 9.239195761831664466e-01 1.074659963137898133e+00
8.040201005025125747e-02 -3.229959638366774501e-03 9.187980225702941928e-01 1.079585802256084914e+00
8.542713567839195499e-02 -3.645990099862662839e-03 9.136703449743803773e-01 1.084505136866510844e+00
9.045226130653266639e-02 -4.087151950973947831e-03 9.085365551124150452e-01 1.089417954924839060e+00
9.547738693467336391e-02 -4.553430675342801451e-03 9.033966646896114394e-01 1.094324244378860556e+00
1.005025125628140753e-01 -5.044810943089187739e-03 8.982506853993078577e-01 1.099223993168627400e+00
1.055276381909547728e-01 -5.561276613448070533e-03 8.930986289228702857e-01 1.104117189226583751e+00
1.105527638190954842e-01 -6.102810737542019824e-03 8.879405069295959185e-01 1.109003820477701741e+00
1.155778894472361817e-01 -6.669395561288068812e-03 8.827763310766176819e-01 1.113883874839614707e+00
1.206030150753768793e-01 -7.261012528437688421e-03 8.776061130088091966e-01 1.118757340222754637e+00
1.256281407035175768e-01 -7.877642283748653718e-03 8.724298643586919644e-01 1.123624204530487614e+00
1.306532663316583021e-01 -8.519264676287555821e-03 8.672475967463413316e-01 1.128484455659252816e+00
1.356783919597989996e-01 -9.185858762861601884e-03 8.620593217792955620e-01 1.133338081498700856e+00
1.407035175879396971e-01 -9.877402811578435068e-03 8.568650510524643549e-01 1.138185069931834770e+00
1.457286432160803946e-01 -1.059387430553248438e-02 8.516647961480385831e-01 1.143025408835149470e+00
1.507537688442211199e-01 -1.133524994661642971e-02 8.464585686354010319e-01 1.147859086078774515e+00
1.557788944723618174e-01 -1.210150565945629364e-02 8.412463800710385797e-01 1.152686089526617330e+00
1.608040201005025149e-01 -1.289261659546861276e-02 8.360282419984538249e-01 1.157506407036506646e+00
1.658291457286432125e-01 -1.370855713703812012e-02 8.308041659480791541e-01 1.162320026460338163e+00
1.708542713567839100e-01 -1.454930090181425634e-02 8.255741634371904780e-01 1.167126935644219987e+00
1.758793969849246352e-01 -1.541482074712498783e-02 8.203382459698228546e-01 1.171927122428619628e+00
1.809045226130653328e-01 -1.630508877450602759e-02 8.150964250366860009e-01 1.176720574648512763e+00
1.859296482412060303e-01 -1.722007633434392490e-02 8.098487121150814705e-01 1.181507280133531790e+00
1.909547738693467278e-01 -1.815975403063108118e-02 8.045951186688200529e-01 1.186287226708115705e+00
1.959798994974874531e-01 -1.912409172583101960e-02 7.993356561481408384e-01 1.191060402191662204e+00
2.010050251256281506e-01 -2.011305854585188763e-02 7.940703359896299496e-01 1.195826794398678450e+00
2.060301507537688481e-01 -2.112662288512654613e-02 7.887991696161413824e-01 1.200586391138935172e+00
2.110552763819095456e-01 -2.216475241179707845e-02 7.835221684367177364e-01 1.205339180217620987e+00
2.160804020100502432e-01 -2.322741407300199859e-02 7.782393438465127211e-01 1.210085149435496721e+00
2.211055276381909684e-01 -2.431457410026401436e-02 7.729507072267131074e-01 1.214824286589052393e+00
2.261306532663316660e-01 -2.542619801497644424e-02 7.676562699444631210e-01 1.219556579470664204e+00
2.311557788944723635e-01 -2.656225063398626532e-02 7.623560433527885039e-01 1.224282015868752405e+00
2.361809045226130610e-01 -2.772269607527166196e-02 7.570500387905221285e-01 1.229000583567941840e+00
2.412060301507537585e-01 -2.890749776371205615e-02 7.517382675822296134e-01 1.233712270349220264e+00
2.462311557788944838e-01 -3.011661843694850640e-02 7.464207410381367147e-01 1.238417063990101763e+00
2.512562814070351536e-01 -3.135002015133232789e-02 7.410974704540569391e-01 1.243114952264787298e+00
2.562814070351758788e-01 -3.260766428795996985e-02 7.357684671113202679e-01 1.247805922944329904e+00
2.613065326633166041e-01 -3.388951155879150329e-02 7.304337422767022137e-01 1.252489963796797223e+00
2.663316582914572739e-01 -3.519552201285124776e-02 7.250933072023542092e-01 1.257167062587438267e+00
2.713567839195979992e-01 -3.652565504250774447e-02 7.197471731257348848e-01 1.261837207078848833e+00
2.763819095477387244e-01 -3.787986938983105289e-02 7.143953512695411234e-01 1.266500385031140263e+00
2.814070351758793942e-01 -3.925812315302542460e-02 7.090378528416416692e-01 1.271156584202106421e+00
2.864321608040201195e-01 -4.066037379293459958e-02 7.036746890350095152e-01 1.275805792347394663e+00
2.914572864321607892e-01 -4.208657813961787925e-02 6.983058710276568437e-01 1.280447997220674816e+00
2.964824120603015145e-01 -4.353669239899465165e-02 6.929314099825696349e-01 1.285083186573812153e+00
3.015075376884422398e-01 -4.501067215955489170e-02 6.875513170476432734e-01 1.289711348157038806e+00
3.065326633165829096e-01 -4.650847239913363795e-02 6.821656033556198206e-01 1.294332469719128076e+00
3.115577889447236348e-01 -4.803004749174702437e-02 6.767742800240241774e-01 1.298946539007568735e+00
3.165829145728643046e-01 -4.957535121448757715e-02 6.713773581551031322e-01 1.303553543768740441e+00
3.216080402010050299e-01 -5.114433675447656313e-02 6.659748488357637441e-01 1.308153471748090935e+00
3.266331658291457551e-01 -5.273695671587096817e-02 6.605667631375129467e-01 1.312746310690312779e+00
3.316582914572864249e-01 -5.435316312692299590e-02 6.551531121163981508e-01 1.317332048339522332e+00
3.366834170854271502e-01 -5.599290744708981804e-02 6.497339068129481809e-01 1.321910672439440493e+00
3.417085427135678199e-01 -5.765614057419077287e-02 6.443091582521152105e-01 1.326482170733570998e+00
3.467336683417085452e-01 -5.934281285161075586e-02 6.388788774432172524e-01 1.331046530965384722e+00
3.517587939698492705e-01 -6.105287407554629148e-02 6.334430753798818703e-01 1.335603740878499979e+00
3.567839195979899403e-01 -6.278627350229301629e-02 6.280017630399896689e-01 1.340153788216868147e+00
3.618090452261306655e-01 -6.454295985557183257e-02 6.225549513856198924e-01 1.344696660724956416e+00
3.668341708542713353e-01 -6.632288133389148410e-02 6.171026513629955801e-01 1.349232346147935635e+00
3.718592964824120606e-01 -6.812598561794543095e-02 6.116448739024296088e-01 1.353760832231865052e+00
3.768844221105527859e-01 -6.995221987804063624e-02 6.061816299182725132e-01 1.358282106723880611e+00
3.819095477386934556e-01 -7.180153078155628033e-02 6.007129303088594163e-01 1.362796157372384132e+00
3.869346733668341809e-01 -7.367386450042989754e-02 5.952387859564590711e-01 1.367302971927232269e+00
3.919597989949749062e-01 -7.556916671866893698e-02 5.897592077272226785e-01 1.371802538139927696e+00
3.969849246231155759e-01 -7.748738263988531882e-02 5.842742064711341499e-01 1.376294843763809617e+00
4.020100502512563012e-01 -7.942845699485122368e-02 5.787837930219602578e-01 1.380779876554248276e+00
4.070351758793969710e-01 -8.139233404907339486e-02 5.732879781972024524e-01 1.385257624268836585e+00
4.120603015075376963e-01 -8.337895761038438547e-02 5.677867727980485668e-01 1.389728074667585744e+00
4.170854271356784215e-01 -8.538827103654808570e-02 5.622801876093252993e-01 1.394191215513120419e+00
4.221105527638190913e-01 -8.742021724287790674e-02 5.567682333994523614e-01 1.398647034570875913e+00
4.271356783919598166e-01 -8.947473870986515088e-02 5.512509209203955152e-01 1.403095519609294461e+00
4.321608040201004863e-01 -9.155177749081566674e-02 5.457282609076226088e-01 1.407536658400024621e+00
4.371859296482412116e-01 -9.365127521949286049e-02 5.402002640800576128e-01 1.411970438718120668e+00
4.422110552763819369e-01 -9.577317311776462061e-02 5.346669411400377658e-01 1.416396848342242221e+00
4.472361809045226066e-01 -9.791741200325279615e-02 5.291283027732701649e-01 1.420815875054856292e+00
4.522613065326633319e-01 -1.000839322969825501e-01 5.235843596487890217e-01 1.425227506642439579e+00
4.572864321608040017e-01 -1.022726740310301169e-01 5.180351224189136961e-01 1.429631730895680963e+00
4.623115577889447270e-01 -1.044835768561669792e-01 5.124806017192079510e-01 1.434028535609686683e+00
4.673366834170854522e-01 -1.067165800494981331e-01 5.069208081684389855e-01 1.438417908584185056e+00
4.723618090452261220e-01 -1.089716225220932200e-01 5.013557523685376882e-01 1.442799837623732095e+00
4.773869346733668473e-01 -1.112486428266081795e-01 4.957854449045594469e-01 1.447174310537919339e+00
4.824120603015075170e-01 -1.135475791648956623e-01 4.902098963446454016e-01 1.451541315141581023e+00
4.874371859296482423e-01 -1.158683693956027022e-01 4.846291172399842528e-01 1.455900839255004131e+00
4.924623115577889676e-01 -1.182109510417533732e-01 4.790431181247758463e-01 1.460252870704136452e+00
4.974874371859296374e-01 -1.205752612983152228e-01 4.734519095161934255e-01 1.464597397320798855e+00
5.025125628140703071e-01 -1.229612370397473869e-01 4.678555019143481042e-01 1.468934406942896453e+00
5.075376884422110324e-01 -1.253688148275289294e-01 4.622539058022531178e-01 1.473263887414630657e+00
5.125628140703517577e-01 -1.277979309176653366e-01 4.566471316457896279e-01 1.477585826586713447e+00
5.175879396984924830e-01 -1.302485212681723514e-01 4.510351898936717507e-01 1.481900212316581200e+00
5.226130653266332082e-01 -1.327205215465345478e-01 4.454180909774136943e-01 1.486207032468610301e+00
5.276381909547738225e-01 -1.352138671371379275e-01 4.397958453112963406e-01 1.490506274914332741e+00
5.326633165829145478e-01 -1.377284931486745245e-01 4.341684632923346054e-01 1.494797927532653947e+00
5.376884422110552730e-01 -1.402643344215177279e-01 4.285359553002463517e-01 1.499081978210070387e+00
5.427135678391959983e-01 -1.428213255350665178e-01 4.228983316974211926e-01 1.503358414840888280e+00
5.477386934673367236e-01 -1.453994008150576167e-01 4.172556028288894048e-01 1.507627225327443199e+00
5.527638190954774489e-01 -1.479984943408442222e-01 4.116077790222920640e-01 1.511888397580321008e+00
5.577889447236180631e-01 -1.506185399526391577e-01 4.059548705878522901e-01 1.516141919518579240e+00
5.628140703517587884e-01 -1.532594712587220520e-01 4.002968878183454926e-01 1.520387779069968914e+00
5.678391959798995137e-01 -1.559212216426083542e-01 3.946338409890721710e-01 1.524625964171158365e+00
5.728643216080402389e-01 -1.586037242701800187e-01 3.889657403578291595e-01 1.528856462767957058e+00
5.778894472361809642e-01 -1.613069120967753067e-01 3.832925961648837587e-01 1.533079262815539856e+00
5.829145728643215785e-01 -1.640307178742373695e-01 3.776144186329464247e-01 1.537294352278673060e+00
5.879396984924623037e-01 -1.667750741579206719e-01 3.719312179671447893e-01 1.541501719131941783e+00
5.929648241206030290e-01 -1.695399133136525627e-01 3.662430043549990133e-01 1.545701351359975551e+00
5.979899497487437543e-01 -1.723251675246510739e-01 3.605497879663961402e-01 1.549893236957677889e+00
6.030150753768844796e-01 -1.751307687983961470e-01 3.548515789535666709e-01 1.554077363930454814e+00
6.080402010050250938e-01 -1.779566489734538126e-01 3.491483874510600272e-01 1.558253720294443978e+00
6.130653266331658191e-01 -1.808027397262526870e-01 3.434402235757217925e-01 1.562422294076746709e+00
6.180904522613065444e-01 -1.836689725778111182e-01 3.377270974266715076e-01 1.566583073315657826e+00
6.231155778894472697e-01 -1.865552789004143730e-01 3.320090190852796885e-01 1.570736046060898783e+00
6.281407035175879949e-01 -1.894615899242410861e-01 3.262859986151471769e-01 1.574881200373850154e+00
6.331658291457286092e-01 -1.923878367439378623e-01 3.205580460620838235e-01 1.579018524327785222e+00
6.381909547738693345e-01 -1.953339503251412534e-01 3.148251714540873936e-01 1.583148006008105346e+00
6.432160804020100597e-01 -1.982998615109460572e-01 3.090873848013245828e-01 1.587269633512573996e+00
6.482412060301507850e-01 -2.012855010283196022e-01 3.033446960961112548e-01 1.591383394951552788e+00
6.532663316582915103e-01 -2.042907994944609951e-01 2.975971153128933455e-01 1.595489278448239734e+00
6.582914572864321245e-01 -2.073156874231041891e-01 2.918446524082286553e-01 1.599587272138904837e+00
6.633165829145728498e-01 -2.103600952307655425e-01 2.860873173207684195e-01 1.603677364173129671e+00
6.683417085427135751e-01 -2.134239532429330344e-01 2.803251199712412101e-01 1.607759542714044976e+00
6.733668341708543004e-01 -2.165071917001985258e-01 2.745580702624346170e-01 1.611833795938571789e+00
6.783919597989950256e-01 -2.196097407643317068e-01 2.687861780791799271e-01 1.615900112037660374e+00
6.834170854271356399e-01 -2.227315305242941745e-01 2.630094532883356928e-01 1.619958479216532243e+00
6.884422110552763652e-01 -2.258724910021955024e-01 2.572279057387721890e-01 1.624008885694921300e+00
6.934673366834170904e-01 -2.290325521591875801e-01 2.514415452613574242e-01 1.628051319707316313e+00
6.984924623115578157e-01 -2.322116439012998079e-01 2.456503816689417086e-01 1.632085769503204942e+00
7.035175879396985410e-01 -2.354096960852125053e-01 2.398544247563444420e-01 1.636112223347315764e+00
7.085427135678391553e-01 -2.386266385239693699e-01 2.340536843003401257e-01 1.640130669519863638e+00
7.135678391959798805e-01 -2.418624009926276242e-01 2.282481700596457053e-01 1.644141096316795725e+00
7.185929648241206058e-01 -2.451169132338467394e-01 2.224378917749082474e-01 1.648143492050035297e+00
7.236180904522613311e-01 -2.483901049634133495e-01 2.166228591686922833e-01 1.652137845047728870e+00
7.286432160804020564e-01 -2.516819058757047145e-01 2.108030819454690397e-01 1.656124143654493341e+00
7.336683417085426706e-01 -2.549922456490876232e-01 2.049785697916047811e-01 1.660102376231664012e+00
7.386934673366833959e-01 -2.583210539512555970e-01 1.991493323753501521e-01 1.664072531157541501e+00
7.437185929648241212e-01 -2.616682604444998117e-01 1.933153793468302961e-01 1.668034596827641769e+00
7.487437185929648464e-01 -2.650337947909187641e-01 1.874767203380349745e-01 1.671988561654944139e+00
7.537688442211055717e-01 -2.684175866575621572e-01 1.816333649628092406e-01 1.675934414070142875e+00
7.587939698492462970e-01 -2.718195657215107253e-01 1.757853228168446691e-01 1.679872142521895650e+00
7.638190954773869112e-01 -2.752396616748922775e-01 1.699326034776709182e-01 1.683801735477076900e+00
7.688442211055276365e-01 -2.786778042298322378e-01 1.640752165046472921e-01 1.687723181421027840e+00
7.738693467336683618e-01 -2.821339231233401801e-01 1.582131714389560795e-01 1.691636468857808939e+00
7.788944723618090871e-01 -2.856079481221311944e-01 1.523464778035950040e-01 1.695541586310452375e+00
7.839195979899498123e-01 -2.890998090273825816e-01 1.464751451033704521e-01 1.699438522321216283e+00
7.889447236180904266e-01 -2.926094356794254892e-01 1.405991828248911446e-01 1.703327265451836992e+00
7.939698492462311519e-01 -2.961367579623724877e-01 1.347186004365625855e-01 1.707207804283784602e+00
7.989949748743718771e-01 -2.996817058086786445e-01 1.288334073885816222e-01 1.711080127418516783e+00
8.040201005025126024e-01 -3.032442092036392589e-01 1.229436131129311160e-01 1.714944223477733676e+00
8.090452261306533277e-01 -3.068241981898220394e-01 1.170492270233757237e-01 1.718800081103635025e+00
8.140703517587939420e-01 -3.104216028714346653e-01 1.111502585154575673e-01 1.722647688959174195e+00
8.190954773869346672e-01 -3.140363534186279004e-01 1.052467169664923485e-01 1.726487035728316854e+00
8.241206030150753925e-01 -3.176683800717337025e-01 9.933861173556590707e-02 1.730318110116295882e+00
8.291457286432161178e-01 -3.213176131454389961e-01 9.342595216353166698e-02 1.734140900849870492e+00
8.341708542713568431e-01 -3.249839830328957180e-01 8.750874757300775020e-02 1.737955396677583364e+00
8.391959798994974573e-01 -3.286674202097657482e-01 8.158700726837453399e-02 1.741761586370018211e+00
8.442211055276381826e-01 -3.323678552382027251e-01 7.566074053577320768e-02 1.745559458720059354e+00
8.492462311557789079e-01 -3.360852187707694672e-01 6.972995664310421837e-02 1.749349002543150844e+00
8.542713567839196331e-01 -3.398194415542917790e-01 6.379466484002627169e-02 1.753130206677554703e+00
8.592964824120603584e-01 -3.435704544336499189e-01 5.785487435795566569e-02 1.756903059984611382e+00
8.643216080402009727e-01 -3.473381883555049510e-01 5.191059441006584674e-02 1.760667551348999549e+00
8.693467336683416979e-01 -3.511225743719647019e-01 4.596183419128763159e-02 1.764423669678997442e+00
8.743718592964824232e-01 -3.549235436441844915e-01 4.000860287830954043e-02 1.768171403906742212e+00
8.793969849246231485e-01 -3.587410274459076343e-01 3.405090962957890710e-02 1.771910742988491716e+00
8.844221105527638738e-01 -3.625749571669428795e-01 2.808876358530265627e-02 1.775641675904885419e+00
8.894472361809044880e-01 -3.664252643165798462e-01 2.212217386744919079e-02 1.779364191661206407e+00
8.944723618090452133e-01 -3.702918805269440061e-01 1.615114957974983501e-02 1.783078279287643619e+00
8.994974874371859386e-01 -3.741747375562896605e-01 1.017569980770149929e-02 1.786783927839552755e+00
9.045226130653266639e-01 -3.780737672922322989e-01 4.195833618569344559e-03 1.790481126397719613e+00
9.095477386934673891e-01 -3.819889017549210064e-01 -1.788439938610775215e-03 1.794169864068622999e+00
9.145728643216080034e-01 -3.859200731001503071e-01 -7.777111833028316212e-03 1.797850129984696954e+00
9.195979899497487287e-01 -3.898672136224128337e-01 -1.377017305209560054e-02 1.801521913304593658e+00
9.246231155778894539e-01 -3.938302557578918783e-01 -1.976761460144227378e-02 1.805185203213447886e+00
9.296482412060301792e-01 -3.978091320873959891e-01 -2.576942750491206802e-02 1.808839988923138575e+00
9.346733668341709045e-01 -4.018037753392342815e-01 -3.177560280455815622e-02 1.812486259672554834e+00
9.396984924623115187e-01 -4.058141183920340733e-01 -3.778613156063737044e-02 1.816124004727857288e+00
9.447236180904522440e-01 -4.098400942775016764e-01 -4.380100485160642876e-02 1.819753213382743651e+00
9.497487437185929693e-01 -4.138816361831231805e-01 -4.982021377411416374e-02 1.823373874958712726e+00
9.547738693467336946e-01 -4.179386774548118355e-01 -5.584374944299774768e-02 1.826985978805327981e+00
9.597989949748744198e-01 -4.220111515994971474e-01 -6.187160299127492102e-02 1.830589514300482223e+00
9.648241206030150341e-01 -4.260989922876577407e-01 -6.790376557013799719e-02 1.834184470850661164e+00
9.698492462311557594e-01 -4.302021333558010974e-01 -7.394022834894764529e-02 1.837770837891210096e+00
9.748743718592964846e-01 -4.343205088088843424e-01 -7.998098251522400837e-02 1.841348604886595908e+00
9.798994974874372099e-01 -4.384540528226852918e-01 -8.602601927464093023e-02 1.844917761330672867e+00
9.849246231155779352e-01 -4.426026997461149359e-01 -9.207532985101707368e-02 1.848478296746947747e+00
9.899497487437186605e-01 -4.467663841034801853e-01 -9.812890548630859300e-02 1.852030200688843831e+00
9.949748743718592747e-01 -4.509450405966903275e-01 -1.041867374405995861e-01 1.855573462739965596e+00
1.000000000000000000e+00 -4.551386041074136357e-01 -1.102488169920952110e-01 1.859108072514363386e+00
